"screen_name": "almamac_radio"
"id": 1141073846579138562
"created_at": "2019-06-18 16:03:00"
"lang": "null"
"location": "Hamilton, Ontario"
"time_zone": "null"
"url": "https://t.co/Mj5pdIiZyM"
"favourites_count": 11
"followers_count": 116
"followerIDs": [1113509252407136259, 1976638614, 2165525100, 286171117, 81947803, 50222237, 1170133505776529408, 330013834, 1032287520271355906, 418941953, 1171108529920446464, 2565412134, 151936425, 871748613260673024, 964865616967553024, 371889666, 423943431, 1196164932762513408, 1096537989566685184, 1030230147696414720, 1020332105233027072, 807519188856274944, 130845991, 3191077702, 270409067, 4020079294, 139261916, 2597697475, 1597410859, 3645858808, 497053856, 50812549, 384643959, 613049953, 1050498583, 255141820, 221845739, 2797276169, 889431370501505024, 1062811344406265857, 946489652533448704, 862766966062370816, 877925836636143617, 3031293041, 1151942630630182912, 1020757925780959233, 777690928341549056, 698746010277953536, 717924204906065920, 422922452, 2998912263, 1090781332764938240, 15283399, 921556669074681856, 221566772, 57429088, 3261533044, 252827438, 1170226044370083842, 1194349709789294592, 1211645501747023872, 1039518311472656384, 786713188977012736, 2588173838, 243038968, 104872411, 1085207136714571777, 250335896, 1097726185, 1130865815337742338, 1071406560, 103691081, 51680319, 422743098, 971503630833635328, 1692218658, 3101680285, 118307094, 2298526344, 4799935332, 1021805997193670656, 1226577054, 1242224281, 23240057, 81732724, 487948180, 117655186, 733763005930999808, 750311730123796480, 59685245, 2167452156, 918687050588499974, 951228960855285760, 843561208938745856, 31340745, 841284281691459585, 788461154649661441, 738070542020796417, 1090758265884028934, 2494676089, 40898052, 2521008540, 1139264667380060164, 1095713900631392257, 451942107, 3187066938, 118502284, 1154069983, 926320803725107200, 1142612880526909441, 481494203, 847422380074975233, 977972244394766336, 708780906870345728, 20347855, 2651780948 ]
"friends_count": 642
"friendIDs": [2795265494, 3235858371, 1360073550, 2774058770, 415584036, 286171117, 385131957, 318597388, 2426361745, 197444578, 918475984105590785, 19290052, 19715924, 241209647, 330013834, 570261432, 253688871, 197501338, 95470983, 1071470316914921472, 821705238528794624, 933486308768481280, 3240785219, 45006241, 995323105571680256, 606616737, 761706909640499200, 2459825912, 61639856, 87029364, 19000033, 12993222, 17659340, 19636948, 12848262, 6433472, 1006229144299081728, 323911025, 40221971, 1042123228221792257, 824997797812387840, 1108068854574600194, 964248188558471168, 1071045438386696192, 740529408, 989007343856697345, 480196886, 902627217645215745, 1547273684, 1162294866119991299, 1217532429499584513, 94542631, 2776113814, 615119836, 4354484597, 2565412134, 826179404304941056, 1100747488091344897, 952246095102570497, 427545472, 127711635, 2841362699, 784040948011589632, 93041954, 1197585601303916544, 1060213620397637632, 301579658, 2841804716, 1068232608134377474, 472519182, 3071114345, 2165525100, 1374848558, 34626070, 974726179004534784, 11778512, 1206958907836583936, 919972176144371712, 3279301296, 832773334202871809, 109080066, 1081398691217457153, 471520440, 1196164932762513408, 1057234320425959425, 1666251984, 2494755342, 1204795954605375488, 22188518, 260413601, 310643268, 410680007, 423943431, 1406420214, 2478456674, 2572986170, 2704715387, 3433407383, 910532628465545223, 982414860922249216, 1172428753533693953, 290309044, 423693990, 2874022049, 794981505504161793, 1024100569412251648, 384667789, 2169063584, 824766062394798082, 1175047236910276609, 1175793926659289089, 18206318, 261467242, 371889666, 1209303559, 2701073637, 736693461265453056, 797510819173007360, 1143590547464032257, 15311483, 94667476, 203382246, 891375121, 2326749263, 2365414707, 903072463931756544, 915950156775870464, 918125470180311040, 959549815947325441, 1002386521347854337, 1063423232294952965, 1099061123339427841, 1121100233335767040, 1181910392139915264, 807519188856274944, 4020079294, 4550138292, 781558474857668609, 829881163472916481, 868471197759131648, 903675184871288836, 1163834888027430912, 38019899, 57709461, 187763403, 267721687, 359712021, 931698260, 1051770919, 1365590696, 1547395729, 3537013289, 4173347475, 727898700190781441, 769338045183172608, 825569108649340928, 887336151098568704, 1021639486935986176, 1072308240891801601, 1131259911797653505, 1146336729059799044, 1198034695298191360, 19325867, 19710792, 46919059, 56247077, 77247925, 1334802115, 3196407688, 19158946, 760129090926088192, 1584730272, 726751369240129537, 26382886, 206923640, 847349578512740352, 2304157009, 613049953, 760925683816206337, 17394650, 943865672550973445, 946489652533448704, 774268938519715840, 855232926023376898, 857970652149579777, 1425687175, 270409067, 418941953, 117235399, 2892290399, 849666375920603137, 26933789, 964751773071298560, 877925836636143617, 262386777, 2421863046, 955890676939542528, 295006284, 1280622230, 98546373, 53560219, 22217372, 384643959, 862766966062370816, 519731373, 1595621418, 1195496397698719749, 3335414459, 1152670358, 854104530576785408, 766058692324319232, 2795142624, 2545987996, 1020757925780959233, 768473601339117568, 948113780113678336, 113356323, 3191077702, 497053856, 974613321155563520, 1901672766, 1210053006, 2154461958, 889431370501505024, 230551057, 749011943223164928, 1039870452250943488, 698746010277953536, 2820679172, 1046813529104375808, 2308831430, 712755030005325826, 1030230147696414720, 12267642, 721017338053529600, 4363967657, 772107304560889856, 901196738320584705, 890505385106386951, 2372338046, 15283399, 250662471, 134546050, 1030175044515889153, 2970216760, 864580700527370241, 837677833816276992, 1683516054, 272442200, 207606136, 412612643, 887318255781773312, 777690928341549056, 817456705332199425, 752024136, 61690125, 910917775933214720, 848951921360678912, 805513613687586816, 987373473193512960, 921556669074681856, 36459133, 422922452, 1052903030536978432, 1358123137, 974293953964072961, 806205589596434432, 3645858808, 3091462907, 2808259087, 965755395741372416, 1116539171504623616, 2259137854, 3041506707, 14272035, 2740728222, 245310632, 1082828960302592005, 391059214, 1142405498139840513, 900266508747780096, 1885424947, 2771012196, 1095380123140919298, 850404534761533440, 61669523, 717924204906065920, 151936425, 842448245557198848, 3031293041, 1113509252407136259, 956481572, 707602286, 2479015650, 1682293399, 163249034, 960291493, 264532663, 1352239506, 604416116, 1355703662, 1111436311213297664, 299448279, 3164604029, 1178468655304237056, 722035124, 803823861007548416, 129939286, 221845739, 1121541551031713793, 1868847132, 2998912263, 139261916, 984100773897342977, 2714960294, 1180603676752142340, 17823761, 717613, 306266059, 255141820, 194377912, 57429088, 3501711982, 131915009, 1151942630630182912, 553926031, 778329158673895425, 2377691435, 1413953114, 863574176807870464, 1031522429150089216, 252827438, 50222237, 2597697475, 1153863289681694726, 28107486, 1614425533, 1170226044370083842, 2264786000, 3382258175, 856901932820070400, 23461804, 856904104312004608, 74254730, 320419369, 1009418870426398720, 2802928508, 932169830, 1039518311472656384, 913214505114570753, 734922361242324992, 923995388117479424, 45180093, 492112696, 542568112, 1090781332764938240, 296536559, 308306043, 311781613, 325315882, 326149890, 407461771, 478383702, 489650258, 591335097, 620955614, 708760616, 1111309866, 1402592198, 1575920125, 2213008633, 2468536933, 2603778186, 2903074001, 2926010169, 724010869458227200, 781181984324325376, 437340420, 985963227568918528, 208730715, 210477093, 1208715253539848193, 1130865815337742338, 219545939, 1196739735873564673, 1212474771654377472, 16174144, 708351178875256836, 2567908676, 3956879655, 422743098, 16143520, 930258307583041536, 302386918, 47038507, 981237728821022722, 1065210514572275713, 1211645501747023872, 1474323960, 1194349709789294592, 3333036478, 2806082735, 541402038, 103691081, 1002006797560016898, 713099260405923840, 1097726185, 710959028084580353, 2381149118, 1085207136714571777, 3672250155, 2766790602, 966536796531253248, 957629169885745153, 51680319, 1253405990, 499217591, 2588173838, 1273935367, 4416538036, 1071406560, 2877229329, 275182570, 786713188977012736, 830098745647783937, 3685643657, 221566772, 3240398965, 2797276169, 814221894211735552, 2250005239, 2594977088, 2298526344, 1098800857, 15377659, 14197810, 17443632, 23240057, 79190685, 81732724, 100063958, 104872411, 118307094, 128026862, 130845991, 171952596, 415643219, 487948180, 495343686, 862998817, 990112098, 1242224281, 1348457629, 1603779042, 1692218658, 1717190642, 3101680285, 3892240289, 4799935332, 733763005930999808, 821817086544637954, 885953601067208705, 926227614183936000, 999730465404801024, 1014213425168338944, 1047534596013928448, 1062811344406265857, 1094268613928910848, 1178098851544276992, 28699327, 54279110, 91546751, 813644065, 2166703328, 2167452156, 3432301025, 750311730123796480, 1051813866454290432, 1113900643599540224, 117655186, 250335896, 592788225, 1692212238, 3136798080, 3261533044, 862997805807398912, 890712467059421184, 1153502816956141574, 59685245, 787396885741010944, 19788990, 50812549, 65743442, 134991413, 138310666, 1226577054, 354735085, 1355842651, 1442598824, 2494676089, 3254338232, 3314247009, 741423097874649088, 788461154649661441, 839893936927825920, 841284281691459585, 842495800135446528, 847921285065842690, 880125881779343360, 905806712157995008, 918687050588499974, 947635522901389312, 971503630833635328, 1082037517375889408, 1085615904598089728, 1164595050157944832, 1164595124455784448, 1170133505776529408, 1171108529920446464, 149023795, 169739033, 210699054, 246034329, 331825073, 407836724, 410380828, 496508829, 590044396, 613491958, 903280388, 1161391021, 1223600222, 1673933078, 1976638614, 2191520994, 2545277372, 2902055934, 3095723022, 3111959729, 3253141410, 3300198836, 3316200181, 3331927715, 3339923230, 4126134771, 713042293620473856, 738070542020796417, 760677552583245824, 776819592031309824, 790502122131484672, 800496073265455104, 818154242477277186, 825843441443684356, 867006931956793344, 913506991414304768, 938548206547415040, 951228960855285760, 964899362211008519, 974841376310472706, 984428527633170434, 984635318954586113, 994773663168847872, 996541045574979585, 997433173666648064, 1011297705036013570, 1011816374379929600, 1020332105233027072, 1032600719675805699, 1030128466287632385, 1033757310022242304, 1042251506605424640, 1042409176159477760, 1044544834244096001, 1054111438736830464, 1090758265884028934, 1096537989566685184, 1114505439943827456, 1114524199559811072, 1115626019535200256, 1122930921118883842, 1123158838872506369, 1127496860632080384, 1136298839059640321, 1171612055197143040, 1176630826542489601, 22061933, 31340745, 4871319813, 2465089945, 636377592, 1278554155, 608039534, 843561208938745856, 774161316592312320, 875444872064385024, 2665783670, 1027260213475323909, 952919861138804736, 972460283125002240, 40898052, 254260903, 259495409, 270551459, 395613234, 847481245, 860064198, 1527507236, 1640797868, 2175037250, 2787198654, 3240556948, 4409287936, 896526058421448710, 949224037691023360, 993583536715247616, 1007335742861819904, 1021805997193670656, 1032287520271355906, 1050382874006958080, 1062110900755357697, 1069945971876999168, 1071696870873944065, 1082515247582322688, 1108228174293299202, 1127017053817319425, 1160273444589621249, 1172345859905871872, 2521008540, 1139264667380060164, 1095713900631392257, 451942107, 3187066938, 118502284, 1154069983, 926320803725107200, 1142612880526909441, 481494203, 847422380074975233, 977972244394766336, 708780906870345728, 20347855, 2651780948]
"statuses_count": 21
"date_followed": "2020-02-16"
"obtained_tweets": 21