"screen_name": "AsmaTiss"
"id": 901490386362880001
"created_at": "2017-08-26 13:03:51"
"lang": "null"
"location": ""
"time_zone": "null"
"url": "null"
"favourites_count": 1255
"followers_count": 94
"followerIDs": [1340428296, 1074679191180857344, 1227607344546226176, 1221619610711154689, 1074356181123112962, 939589662431203328, 2880823751, 174565067, 866289323829862400, 407397114, 1199006882695761921, 1040854270164324352, 448034713, 3183933205, 821414340087742465, 125713664, 900253694255616001, 1027590813566545926, 1912665331, 102377695, 1129491382366871552, 262078936, 1273853905, 816247205661179936, 851450448376721408, 2154127088, 157888796, 864560037821370369, 3088749879, 437026537, 965230214396764160, 981258154750160896, 1000886101, 909118350789189633, 1218303002307514368, 412127943, 1073199664382574592, 778720601674440705, 2417473148, 14949092, 1058692278875815936, 863574176807870464, 917088375886229504, 14784960, 758019916834414592, 1416500532, 3237251241, 1202683638308950017, 907345681312092160, 19843672, 2572565407, 1093877754720894976, 245107956, 240202531, 1050434511845171210, 734687361204948992, 913097859700002817, 495343686, 523122430, 1134339677303869440, 3144294844, 1021041332859686914, 4008090143, 1013878851016028161, 1145407045002309633, 2589970329, 231726620, 1180485652418310144, 990112098, 3106397950, 2837761075, 128947971, 139261916, 1193203413355507714, 908226487928594432, 738202734365659136, 3312317120, 1097628675388903426, 1189350314089959424, 180010081, 1044472371791507456, 1115886476536045569, 1083445754818105345, 1163838329323962368, 980046830, 2488752192, 3154709373, 3003369179, 913141727007006722, 256906609, 823672879640244224, 1028896059475587072, 57640264, 1154290093646962688 ]
"friends_count": 632
"friendIDs": [1031641217837264896, 105504106, 1092026435680780288, 1150316345432727553, 105095579, 524373841, 4504703871, 179015119, 1114561474867924993, 3227588023, 1129491382366871552, 1147210158109601792, 804371376366845954, 882545322, 1204853272583892992, 1179212625428848642, 113647931, 29292439, 221280813, 295325513, 219321057, 873974982732283910, 1062327264883474432, 782339304815198208, 2743227788, 3298418367, 200514238, 410380828, 2417473148, 1073199664382574592, 412127943, 1218303002307514368, 909118350789189633, 1000886101, 981258154750160896, 965230214396764160, 311962952, 437026537, 864926050035400705, 355472745, 41468503, 1545130538, 46063, 15506669, 14761795, 38679388, 161801527, 1201300764, 1048628316, 16492071, 2753039209, 3361667379, 917201597247012864, 14949092, 1416500532, 414138120, 926555191649775621, 4570956075, 4913682132, 515865890, 978645413883506689, 2385068665, 966958057, 863574176807870464, 2615770806, 833233416871092224, 1267656464, 1094899952810102785, 2296771248, 1058692278875815936, 323748450, 14784960, 1604746735, 491350825, 14130366, 20571756, 743585142, 1636590253, 19506790, 732718729, 201712702, 876440089, 895716565, 546056847, 2805032486, 61592079, 1324291496, 2230840633, 962921053377896449, 767510621546016768, 1195690906478927872, 2955106474, 548405169, 719796752, 1014897126583648257, 325595467, 33644217, 758019916834414592, 783018703398932480, 3237251241, 900752058613215233, 123405641, 2572565407, 1093877754720894976, 1317124051, 1964452658, 907345681312092160, 1080182917324816389, 19843672, 3243356006, 912171150138122240, 1009580174956826630, 1166014704592052225, 62594204, 917088375886229504, 35961145, 20815041, 17226612, 5383942, 56488059, 62465691, 778720601674440705, 1449289027, 999256776213229570, 1207751644131332096, 19650783, 946243291204304896, 2660384088, 2941610871, 1201015659632705536, 1201242961855561728, 752355219955154944, 1912665331, 140630224, 1092880541026787330, 245107956, 1050434511845171210, 2967402199, 4129011853, 1097628675388903426, 240202531, 59921048, 3729899603, 88404284, 26518785, 734687361204948992, 836627395503259652, 837693559, 892131031, 175883705, 636609431, 53997159, 1116038022, 1068762792948158510, 709317259290869760, 1167871160077492224, 1202683638308950017, 1406420214, 16799023, 1122553256, 816739121251188736, 16998179, 1061831080523784192, 40575319, 4539176788, 1087815627710984192, 1043593554843639809, 791077327, 260623353, 24504364, 806127890198888448, 15184835, 863261954, 3312317120, 2837761075, 2485666802, 44123066, 2782521229, 110681593, 597542657, 101770547, 33246505, 10384022, 244870277, 11969, 3406496147, 4103513639, 2354465522, 91478624, 11740902, 29573746, 5768872, 63796828, 43166813, 1134339677303869440, 3144294844, 1021041332859686914, 1217810162146258945, 800936305, 3186124933, 993913676850782208, 83668057, 231726620, 989208737528205312, 913097859700002817, 1030065413827248128, 4919876231, 523122430, 56463275, 1013878851016028161, 17902331, 2966727298, 847921285065842690, 1155497149, 1145407045002309633, 2589970329, 1068948083210362882, 40447914, 4789246894, 1162435954457665536, 43307251, 1181819231744266240, 918481563129667584, 332967893, 1018962877, 1082365710184067072, 913141727007006722, 139261916, 14119960, 1180485652418310144, 520547057, 1070711546970603520, 1215745409429032960, 20681253, 132322374, 46959678, 21250770, 17387561, 70736359, 990112098, 1003432291, 581406453, 1123372377319014402, 23484629, 19725644, 3106397950, 20536157, 90938499, 462046861, 29965737, 243905905, 877635902675181568, 1128701301729255424, 909891288891363330, 2832397520, 380660175, 1107997022081024000, 266362220, 857338975090085891, 16828372, 317422543, 1467127267, 80135530, 1416646166, 2165131938, 128947971, 908226487928594432, 3234816270, 2717342257, 16852067, 634707093, 366173107, 2455769544, 428581718, 821414340087742465, 1039234964288614403, 810972688466530305, 708036907515535360, 1066313082685730816, 928474448, 392086269, 854581958, 1193203413355507714, 43199901, 3111733301, 621020755, 3430525120, 409193824, 583233410, 132231788, 973955318987210752, 788018144, 3433516535, 356434261, 1098758506268815360, 1189350314089959424, 156370885, 1216300530475114497, 1044472371791507456, 810979391048130561, 1170428670147735553, 15521075, 885953601067208705, 180010081, 2532885883, 1080906046439387136, 471550563, 3309418875, 15003064, 46485024, 18949452, 20562637, 978671691965583361, 2488752192, 1066325044824064001, 3003369179, 1143528514550927361, 1579783608, 3696501443, 774268938519715840, 102377695, 487833518, 20402945, 339213186, 2467226497, 189364778, 75304043, 965366246, 372212833, 15012486, 1178436724604723202, 984304228368863232, 1004544829101969408, 1148208664475512834, 984860246425395202, 20551303, 254218142, 179248364, 35415477, 775025470089801728, 15395859, 4375008023, 1115886476536045569, 758593350446551040, 5120691, 1288485038, 313140358, 980046830, 628765360, 3224063257, 526624220, 800459756292882432, 604416116, 1133435618984259584, 3154709373, 1015890234939269120, 3404297319, 227682918, 388426142, 189868631, 20280065, 236209129, 13, 2530153501, 27511061, 97021148, 109217251, 46401677, 936275722326499329, 69632431, 2980189013, 927727303895011328, 923643522, 3245215168, 776682573401501696, 206240244, 900441761859948545, 124621296, 95227349, 1021875830794924034, 887336151098568704, 3344513709, 2516411185, 796557528477929472, 987849932, 2785423307, 4354484597, 738202734365659136, 62164268, 1006015254873112577, 27187343, 44787918, 1007284936720740352, 829881163472916481, 525013928, 374538900, 65045121, 198584761, 1019974187975430144, 435331179, 783792992, 409486555, 138203134, 1006419421244678144, 3140662712, 27944582, 1208022342015897600, 246093075, 495343686, 928733820324589569, 138683944, 223934260, 75305277, 1028896059475587072, 13298072, 34317032, 15898172, 32230551, 1083445754818105345, 823672879640244224, 2493508056, 874166725696204800, 746051821404291072, 1037104300655366144, 2710161606, 21629931, 256906609, 717823036599222272, 3074303503, 3528428900, 18164632, 818876014390603776, 2836421, 23666720, 2154127088, 17089636, 825569108649340928, 16491676, 13850422, 2704715387, 14561327, 153324320, 1949132852, 17156053, 2443666806, 864560037821370369, 1072308240891801601, 79293791, 545149035, 21380775, 774381517342736388, 757583212558311424, 833196542664273920, 431069854, 960891651517566976, 878678526865625088, 826806457035276288, 2332639110, 57640264, 901007961656569856, 2926713966, 1047586097931452418, 3151838853, 944315576096317440, 2803809027, 3643403789, 1011607498397274117, 2356314174, 962093028545572864, 907621053547126785, 405026897, 1009527883151310848, 967122629227438080, 913577403171180544, 722817945575919616, 233584930, 250533366, 386373619, 3195252330, 865266918, 193416742, 49251491, 2692922798, 4309903347, 104768601, 973499160388390913, 67863909, 863705245439987712, 46854930, 98471763, 1168966966184464384, 1093183686080675841, 4263691342, 1086567171235422208, 1058130656302129152, 9161602, 34877300, 14302068, 19128467, 14282054, 1115874631, 2396677714, 3114313702, 822072792124366848, 3032357001, 1676429383, 3308430032, 3975093855, 78445977, 48301658, 444958570, 3429731770, 33933259, 27830610, 36683668, 246915832, 460364759, 14159148, 249700990, 17137628, 46408217, 194643654, 571072597, 176863974, 105328660, 1654188770, 276900575, 262499178, 263774154, 181103108, 500724305, 1870188672, 428333, 759251, 807095, 14511951, 21982720, 2402270289, 125851115, 96846955, 875155171453550592, 306286435, 3044992129, 317042569, 69583235, 288483638, 19397785, 297169759, 34442404, 2803191, 981352266, 25049177, 382267114, 15670515, 74286565, 2381578122, 98642483, 121417530, 96712583, 92564226, 364513528, 6433472, 1339835893, 14260960, 262125327, 15846407, 214572093, 40571569, 383165572, 141255641, 184910040, 259680702, 150578679, 296280151, 261609730, 299671270, 211932358, 460210929, 102361333, 15188997, 205315932, 733305447357239296, 2923535000, 800656505347272705, 142555961, 171152373, 309293495, 581683890, 342015408, 4158917279, 52366199, 580899791, 10228272, 783214, 813286, 50393960, 16689804, 259403751, 18080969, 14800270, 36843988, 19658826, 19402238, 16895274, 17842366, 17471979, 11348282, 34743251, 44196397, 15492359, 2178469849, 288120714, 98333633, 8350912, 107389814, 232562228, 1994321, 88708920, 25048816, 15003744, 111240404, 14426560, 66591836, 27860681, 5536782, 359604344, 457343614, 47763245, 130810427, 430752604, 68410770, 538285556]
"statuses_count": 64
"date_followed": "2020-02-16"
"obtained_tweets": 64