"screen_name": "BrauerMackenzie"
"id": 1036772428544925701
"created_at": "2018-09-03 20:26:24"
"lang": "null"
"location": "Toronto, Ontario"
"time_zone": "null"
"url": "null"
"favourites_count": 30
"followers_count": 20
"followerIDs": [1172603443682455553, 3784275509, 859067798, 1205194999215751168, 3344513709, 1153783401780056064, 438013395, 896438531689766913, 738202734365659136, 264138087, 902625847, 245984353, 94542631, 3102994143, 796557528477929472, 1068904934681296897, 62164268, 1062326606427897856, 1055378083002249216, 843142691089252352 ]
"friends_count": 86
"friendIDs": [720947428426428416, 242359515, 775051276887392256, 1595621418, 4354484597, 1215041310652084225, 859067798, 3784275509, 1205194999215751168, 3344513709, 794992162509377537, 438013395, 896438531689766913, 738202734365659136, 3367792659, 264138087, 902625847, 796557528477929472, 615119836, 2321704218, 94542631, 245984353, 62164268, 737734953115455489, 1950015739, 1068904934681296897, 2449899066, 420742826, 18776647, 751123420709085185, 2915695310, 2432217432, 2696323176, 1055378083002249216, 843142691089252352, 42734224, 849666375920603137, 35877766, 14461362, 943079514225160197, 88425861, 60654735, 40839331, 113729414, 2747199106, 16736682, 30989592, 97464922, 4424583147, 14063950, 4791138977, 14615871, 20068053, 390610971, 15234407, 628765360, 324978824, 104849636, 277889424, 19613267, 68784803, 25565646, 412971472, 75304043, 20646711, 172352150, 65134016, 54645160, 54546430, 37710752, 13787402, 2485666802, 36711678, 17842366, 2423983836, 538342587, 17451742, 832672006113931269, 718175074537177088, 143381041, 14616022, 2279734332, 111305843, 412933559, 3985877735, 1684133550]
"statuses_count": 33
"date_followed": "2020-02-16"
"obtained_tweets": 33