"screen_name": "carolina_dmn"
"id": 1220799810736816128
"created_at": "2020-01-24 15:14:52"
"lang": "null"
"location": "Mexico"
"time_zone": "null"
"url": "null"
"favourites_count": 64
"followers_count": 63
"followerIDs": [1221262391779975174, 816484443984576512, 1224576587732897792, 29588386, 1584709838, 1217120290569904128, 912722368505810945, 16529873, 1223316630203174912, 1223932001629155328, 1164360395751976960, 1218458322254344192, 1196043699764879363, 1149340585, 1215306809273090048, 3312317120, 180086910, 1218418259239694336, 310445789, 186881893, 549716595, 949938973442424838, 2306579816, 1130832968824397824, 1112673291888660480, 71681542, 997534598274867200, 156576788, 57406878, 1556717401, 999683625917411329, 143321650, 480974257, 1020942147141287937, 1087586914637701120, 543131367, 1153749813961379841, 105544986, 2539849482, 351988971, 4009999396, 2272385124, 82651125, 1015585204063305728, 288670056, 977161332, 1173982111725830144, 38344425, 1371476814, 1212008662908059648, 1107560213652082688, 1217505090497581056, 2720367188, 252936108, 132462715, 2896354776, 1214795666213310464, 1180154132126142465, 2980369822, 1210721600145784832, 1047446156932833280, 1163871702, 1083233565519704065 ]
"friends_count": 709
"friendIDs": [185797111, 1118559641712168961, 82119937, 25680309, 2385220184, 35805675, 169279319, 435299501, 110301074, 51143631, 268353241, 436017334, 125239942, 2340867751, 4625064133, 63882558, 288670056, 1223316630203174912, 58598072, 627013152, 3312317120, 468249929, 744814089172455424, 761182446, 1397701086, 1307133222, 961143751879155712, 902011866091855873, 43886970, 31227243, 29731124, 2696503964, 19000141, 27692165, 14441010, 14862794, 15763818, 27103822, 18165866, 91455335, 19720630, 130433022, 209716736, 20982118, 67283363, 205195655, 204279080, 17815224, 866729311000244224, 310445789, 20810416, 980046830, 526624220, 3224063257, 1022884007451811840, 180086910, 885953601067208705, 2437200996, 226502531, 29317434, 19864285, 16576356, 35716729, 39476406, 267110606, 351699614, 58970005, 156576788, 949938973442424838, 997534598274867200, 1130832968824397824, 2306579816, 102154320, 362803086, 9207632, 79783264, 1440641, 17057271, 15057943, 12804422, 857691266, 214905348, 975722496, 105197108, 2386399081, 200646949, 2969611414, 2239350253, 97040343, 249150179, 126002546, 2190480175, 2794568703, 2511464900, 95427261, 2450291, 350411337, 276910247, 612473, 19066345, 22001973, 21744554, 505738863, 22938787, 65615210, 196955819, 313905929, 192970359, 203546849, 2657925446, 320615563, 4545175283, 360064427, 4112843068, 2796496262, 794111803, 552939356, 2394952969, 1865051124, 3039660915, 15521075, 252724327, 19826509, 18957805, 204449709, 204411787, 296486159, 509361849, 128180277, 352543858, 2285307780, 2579527148, 138706941, 2362502461, 60865132, 598904227, 927877682842521600, 2720806088, 24539444, 743079415077347328, 976475852, 170815309, 20480948, 928746623504564224, 567385163, 3247776197, 182416570, 1067218403914436608, 96144763, 93680698, 871372298477023232, 4764909501, 2903979971, 69671186, 121550741, 213410837, 21405070, 24690085, 20539937, 293611387, 18065007, 738657815280029698, 2251623492, 15000857, 3646341500, 27081406, 28421825, 17054817, 15168790, 23450421, 17631078, 15234407, 118224151, 791706973372678144, 355580586, 1433180581, 945526625298460672, 857291268, 3388784469, 8083032, 426784922, 289211345, 2719401787, 892052884388552704, 26225357, 705392995298717697, 15247334, 2727517511, 74937883, 913416603559235584, 1006149495279771648, 4076004844, 2794679375, 3192599271, 707248924365561856, 2214327770, 3239583325, 807411169, 349310666, 801968388562186240, 789096870421364736, 4786893820, 269567013, 49610064, 4725167434, 344953178, 14191265, 2393183286, 1046589272, 65610814, 2793929291, 2654031992, 24340804, 345673106, 423109364, 1002014071, 594666501, 556151596, 15143478, 1247375072, 230492604, 207256884, 71180562, 21611239, 145784826, 10666172, 2956089281, 414885087, 717521880, 179308706, 17522755, 1231476866, 109958517, 100394466, 1611332490, 471115314, 2438496434, 1334647314, 746083131917230080, 93473293, 254791849, 771405000580804609, 2596977194, 220145170, 363210621, 220139885, 93494670, 109958944, 112563680, 142355538, 177784822, 1556717401, 362004671, 769998607, 999683625917411329, 57406878, 245413049, 480974257, 968267480002121729, 1020942147141287937, 1153749813961379841, 143321650, 71681542, 105544986, 2539849482, 543131367, 1123920132, 1087586914637701120, 1112673291888660480, 351988971, 2272385124, 253865251, 4009999396, 82651125, 264380418, 35103616, 88262000, 4107241000, 3596244379, 1028980267476819969, 2227063650, 372615787, 100158078, 294343925, 146562887, 3122394047, 212260053, 15900403, 186881893, 756097543067480064, 114564988, 263252565, 92260630, 260486367, 134184986, 3116435928, 184125125, 604726335, 14434613, 101876990, 91032656, 1015585204063305728, 300486929, 1072113268767055872, 889226556018700288, 915888627045031938, 945567698, 868197680522178560, 2186834906, 864460226, 107563743, 31292265, 579299426, 999470034, 17137628, 85605334, 69231187, 18213483, 14700316, 22708797, 33933259, 14159148, 14592723, 14499829, 146569971, 263695739, 70951899, 21801907, 32302688, 477033824, 308139999, 399600757, 421516457, 977161332, 179248364, 65197613, 16689804, 50090898, 70266297, 326912209, 352053266, 1371476814, 71048920, 122025737, 1354948508, 408714449, 1447537626, 973677551607463936, 2825517206, 1210721600145784832, 1217505090497581056, 2720367188, 1180154132126142465, 188725330, 15468474, 17038933, 304338078, 144804999, 191143493, 17777882, 275097363, 63421692, 395174441, 85343435, 31731533, 997147935459627008, 150383840, 1034205490832654336, 1067473177129959424, 2474050352, 2767816418, 20157077, 54666862, 854805679550234624, 5120691, 13982132, 216080074, 2803977666, 556160767, 39578592, 1833108541, 751080273736073216, 485109912, 921294824636125184, 199284530, 763820616, 84653539, 4312362995, 21457289, 4714879703, 860302657, 3300488123, 567360618, 131498466, 487833518, 32372834, 28543386, 889165062, 48463418, 20608701, 214223505, 20774514, 1967357762, 202224069, 711653423406567424, 415932362, 1047527217201381376, 4690350990, 704990321176940544, 1206957634244546568, 574030246, 119229837, 4026291255, 196384173, 109137587, 192411472, 3015910284, 14091091, 2811941912, 1034734882411438080, 2227806966, 43378243, 2858893210, 61186291, 965564963673792512, 84637837, 1021333307336941568, 3081584549, 149449715, 1667300852, 19540483, 850107536, 11348282, 134685064, 20104025, 15926727, 19959268, 440574690, 19080617, 1363278704, 21223663, 23876446, 8071702, 352311644, 65638162, 19429847, 20601500, 131286593, 21775925, 42670984, 84321709, 22266871, 4836947526, 57709461, 18922472, 917137956, 1163871702, 1170384473776635905, 118263124, 893544139, 39520766, 475240029, 2652064118, 791963546229755904, 40949882, 109010763, 314722815, 70254096, 102535845, 356990613, 75085818, 182928017, 3511430425, 860158302, 890569645446529025, 404946566, 224631899, 1044929539208556545, 90778418, 98705778, 89036871, 348522881, 5225991, 1092850839574769664, 330319196, 763384299903213568, 39348006, 85601670, 144266411, 2332254386, 877886890346766337, 861893308095791104, 2327559364, 1654028330, 1595621418, 79969564, 4354484597, 107177201, 197533427, 2775356397, 2471035914, 2543867616, 2306474280, 2461012327, 1261892131, 280319775, 3082163842, 2382525601, 1119697236, 36137953, 22778830, 79529480, 14294699, 18776647, 338660808, 2795209531, 733241760, 262210345, 3664691417, 2353784580, 928164565, 277496684, 28588119, 242410661, 97343565, 928098400980975616, 3685671072, 1413390474, 1092889387, 4200249681, 892837238727462913, 293454662, 1605518905, 3032476161, 2589476659, 45826046, 2485104619, 619958259, 242908331, 2726154522, 2186004110, 143170980, 516662125, 897894183410827264, 564930438, 84873162, 49666871, 275364002, 278688410, 115775168, 15637375, 3314604871, 912794350177853441, 430795072, 64705947, 747488172, 1377360972, 905865830143021056, 202719554, 2603978460, 898774807071776768, 132462715, 1413031513, 359904144, 2348685392, 19401276, 135441822, 22624441, 409452226, 15353955, 1130816983, 23050147, 33474655, 19809471, 18918483, 176932593, 16536844, 362687208, 2176832317, 1857343754, 9861022, 205048713, 70754963, 596636943, 26575491, 512336426, 34720331, 32509562, 7348612, 19664869, 16626603, 139525231, 365581151, 113152969, 522480413, 700749309667487744, 557236743, 823700437, 4770453134, 165848423, 738910476, 264484200, 111670612, 529497092, 92128097, 255058220, 1538055002, 857137261, 545432826, 21260160, 19425169, 281790605, 48289662, 18036441, 248795646, 21226678, 24894213, 14884486, 17369110, 5694822, 5695032, 39585367, 1858360669, 595612740, 2980369822, 1368699390, 718473372, 582989477, 2981590235, 112526013, 2400066614, 131340360, 131181379, 122432575, 755608970, 297515348, 150299473, 887958433, 14133286, 61627131, 28453440, 263271990, 234466512, 14389790, 60184668, 96204094, 135178777, 18173399, 18065266, 130553833, 240824628, 15530500, 109046256, 821814254, 1083233565519704065, 1170534315374985216, 865041669925642241, 303862998, 49616273, 850157859065151488, 4300743322, 123467625, 21146176, 90250257, 249481732, 214369122, 168607383, 1395992863, 217313010, 67260538, 317658876, 173679304, 90823830, 2540701770, 481839331, 305339576, 2800929805, 442479642, 112373549, 106963007, 300045014, 247078980, 33715516, 134950575, 1619280270, 384536423, 388416822, 1449444751, 1129218193, 2228050244, 567597755, 480381111, 129894564, 302901861, 49758266, 50626996, 24911636, 48722921, 28166619, 28937654, 23803664, 2924437942, 15460048, 15808647, 82364810, 549485396, 136733323, 290465571, 177180626]
"statuses_count": 45
"date_followed": "2020-02-16"
"obtained_tweets": 45