"screen_name": "DustinJLittle"
"id": 1217532429499584513
"created_at": "2020-01-15 14:42:15"
"lang": "null"
"location": "Toronto, ON, CAN"
"time_zone": "null"
"url": "https://t.co/vicRoy6jX6"
"favourites_count": 6
"followers_count": 36
"followerIDs": [838835973404430336, 73039079, 994674981144494082, 923790404201472000, 2266751786, 4354484597, 65429865, 1003800678333075458, 4120724277, 298686418, 873936688153673728, 2929509287, 1141073846579138562, 860989003067252737, 2923666793, 859067798, 3102994143, 1526609317, 444035046, 1131754022845726720, 359595006, 783646031955259392, 2514470624, 1013255673747070977, 738202734365659136, 2651780948, 3611972163, 14897792, 4462181452, 384667789, 1379400139, 1166532433694658561, 62164268, 2776113814, 94542631, 417641221 ]
"friends_count": 61
"friendIDs": [917137956, 2266751786, 18776647, 97709361, 4120724277, 873936688153673728, 838835973404430336, 87715935, 2893477011, 107391777, 65134016, 18477428, 339213186, 1345385060, 54956437, 9420322, 923790404201472000, 3061255931, 250256649, 533408107, 76332033, 15862891, 28139112, 235213723, 32372834, 258847118, 206255645, 487833518, 821756016144617472, 175150751, 3414048856, 4047687358, 84377333, 722035124, 994674981144494082, 2959273881, 19268236, 2929509287, 3119215479, 4330933636, 359595006, 860989003067252737, 1009125284073889792, 797832734236377089, 859067798, 14897792, 3611972163, 2514470624, 738202734365659136, 1013255673747070977, 783646031955259392, 615119836, 4354484597, 4030604773, 4462181452, 384667789, 1379400139, 1166532433694658561, 62164268, 2776113814, 94542631]
"statuses_count": 5
"date_followed": "2020-02-16"
"obtained_tweets": 5