"screen_name": "EforceI"
"id": 1207270800237174784
"created_at": "2019-12-18 07:06:12"
"lang": "null"
"location": "Toronto, Ontario"
"time_zone": "null"
"url": "https://t.co/S9lwKT1qc6"
"favourites_count": 1
"followers_count": 213
"followerIDs": [1203158934392958977, 1115286575074566145, 828460685038333952, 4730076073, 856807305056321540, 1184867298001281026, 1211057634855403520, 31119923, 1210483530314256384, 2210304948, 1204635652647612418, 1003297385034932224, 1203393480233541633, 1211470157572231168, 1141587256995713024, 2216042300, 1148653907192754176, 1114075445840842752, 49919845, 818511859947044864, 1119191623202758657, 1191587523224637441, 1214302029910142976, 1216819612547014658, 1218506635200684032, 1216535295165857792, 1218001595369250816, 1186238105646448640, 1168198242275942400, 1215634888692465664, 962789720336953344, 1116037433655586816, 974026771, 2735219302, 1050898165199712257, 1153762437302276096, 1217327514860675072, 1174300098689298432, 1213276756989202432, 1154050935766835200, 1713384020, 1217217121052241931, 40587178, 1106164349612122112, 810840830370082816, 1203713738932662273, 1014749778322731008, 378333037, 920245442398613505, 4881519310, 149761525, 1197588067453829120, 989461905294135296, 1099751130307981312, 1201490601247563776, 1192681928949825536, 899757498378354688, 1208508117811679234, 1160065959257939968, 1216171292489023488, 1327057933, 1214624881448374272, 1163743798150782976, 568587548, 1072988296249311232, 1056298242365894656, 1166051355603230726, 825410241009442818, 1210742611759251456, 1215631705689583617, 1216673650365079553, 998965225, 1216306419630313472, 1193584940677357568, 1199461963614412801, 1215303060802670593, 2996412892, 1216822470545723392, 830593650316939264, 1176614506916732928, 95263650, 1166537941956489216, 1107629383081254912, 87474260, 111667750, 931336828883521538, 1213200610461245440, 1215998268670345221, 1161227528889143296, 1204406295702302720, 753301479868493824, 1167214273497587717, 1178647593758404608, 2329048379, 498392326, 3988196303, 1213144202755751936, 1215207680060448768, 732850897257107456, 1215987877181521920, 1030109508, 1216001902351015936, 10403972, 53703792, 1105071376375967752, 1179620975320678403, 3311985652, 1166097453545873413, 1049299982807945217, 1146969529290858496, 233945318, 46916058, 177949128, 996445292735102982, 931934825560162304, 1083496606106673152, 1026257910995673089, 1133152485118554112, 860945816, 1090523381563305985, 2525262385, 15529667, 2829428812, 135945240, 822871575636676609, 1078843874, 857865447634599936, 1114391729711538176, 821590483646500864, 989080383177285632, 603537927, 551362361, 305531213, 24567103, 253381091, 92551312, 81333564, 1123191746589020160, 1120689852310179840, 814913595033067520, 1205755416157806592, 775721125032693760, 702535055063834624, 281339036, 1210195654338924544, 2460216512, 1072976197552885761, 1161567536887943168, 845197108751679492, 9665232, 39764138, 8752372, 261431332, 151694228, 822279295569641472, 1454390323, 350910282, 260340277, 1211401338774376448, 137286931, 903646295117758465, 33032224, 1120368706658406401, 1185933375737094145, 182631148, 831309536824791040, 202590356, 3069988229, 971679452, 3091742716, 861341946849017856, 75002793, 39246370, 1499201215, 986665412, 569062771, 4151526388, 1211983487663689728, 1164060005554892801, 2463268130, 16707004, 268607705, 1207309082954260480, 881802919389089792, 21392684, 438617326, 20724483, 3906457993, 40975867, 556118417, 1212081117672591365, 18424799, 593658151, 793633519654301696, 389976060, 930227929514160129, 1208790526675312640, 299264437, 1213649108642099205, 974144123480494080, 848879547680518144, 58129899, 30157023, 1095053124585340931, 18149467, 2949468508, 1190400507422089216, 27380166, 1130577304734691328, 1384191134, 35203319, 36813525, 849531190654709761 ]
"friends_count": 812
"friendIDs": [422807126, 1077665680076484608, 1215634888692465664, 818511859947044864, 962789720336953344, 2735219302, 974026771, 1215708727136997381, 2216042300, 1215733744092483586, 1051792843205947393, 1186238105646448640, 114036898, 1199068063632625664, 1050898165199712257, 1167808287380783106, 181627210, 711752002477412354, 140626947, 778728743447638017, 1092870525574094849, 37980467, 2697059406, 2170861867, 905059567, 775051276887392256, 388258064, 308719850, 1215743407529897984, 1035976302669570049, 707470224, 874011779805917188, 1194054860615716864, 1198992038521229312, 1078570374583992320, 1705659318, 1041201576793145344, 1216102730353299458, 2411295195, 1216141255421386752, 1216150318205034497, 2650009746, 1216359898512076802, 38901270, 4364941643, 18852046, 1168198242275942400, 1216559198949068800, 1216535295165857792, 937433025616465925, 1087408573179662336, 1185150056724234245, 224198027, 794536396614750208, 1204301103010967552, 49199946, 1203393480233541633, 574092913, 481714513, 1217541913403895814, 1213193041214726144, 1213180902471135237, 1217604266141024256, 1108068854574600194, 108843731, 810720367585202176, 4141360995, 336711946, 1095380123140919298, 1121958911148548096, 1207085718016839680, 1217959363505262594, 1055567706735337472, 1217217121052241931, 999678240863076352, 1199504077601812480, 32233610, 1217876718729515009, 1195512234882945024, 1217996361888681985, 2375118975, 323025589, 1106164349612122112, 1212861591747612672, 1115286575074566145, 1218009826745184257, 1218007546847354882, 3817030937, 302843802, 845962088354762754, 772377622395269120, 1217477133007642624, 965567397582192640, 1211057634855403520, 1174300098689298432, 346085762, 1218012830420602886, 1218013383728996354, 1211663047871172610, 323430916, 31119923, 1218014125516906497, 1200966547008704512, 1210483530314256384, 1214338416889851905, 1134625628232114176, 3869814914, 1217293193861046273, 788900061619126272, 1214641949900230656, 1211470157572231168, 243948831, 1217540416263901184, 1079540280821374976, 800336832890159107, 1126854670855442432, 875379064306974720, 2652015176, 1165129178959581187, 1204468491715264512, 45772121, 2664245874, 1116037433655586816, 1189716340476694528, 7423282, 1713384020, 2490552638, 35098723, 1212202682976370688, 40587178, 21695195, 1153762437302276096, 1095522456704557056, 246132269, 828460685038333952, 310600122, 771503262889414656, 94583069, 1159241170519756801, 1079790021102784512, 1046963550210727936, 205305102, 1218001595369250816, 207633667, 612572221, 1043641109442752512, 1129900149310930944, 1014749778322731008, 1202822375860924416, 1102228472, 984280892158947333, 45151476, 1168618944640540672, 2970964396, 1202754731183104000, 926479775920807936, 199702539, 1092885765921488896, 273679752, 1206316897278578688, 2764, 1213276756989202432, 2210304948, 1203713738932662273, 880714963127590912, 3068375789, 1210993149700497408, 382086383, 1217946624569303040, 1884550622, 1180852525, 894158528021094400, 1216878237755813889, 1120388202433581056, 302567697, 1194862163577450497, 1563151004, 48405258, 4354484597, 529597969, 368535820, 20601500, 143526837, 57709461, 23774837, 236544098, 39564949, 139736597, 326811204, 19127774, 382171562, 194172085, 16463984, 97709361, 123575972, 917137956, 277012501, 95938864, 172352150, 44674447, 42090423, 184866881, 128232398, 15994109, 12848262, 19000033, 12993222, 2869259038, 1216850835797434374, 1214280339218001920, 1216906050974162944, 37693454, 779528403498127361, 1211819156695216130, 810840830370082816, 1653682434, 786611129766338560, 2194144330, 93707601, 1040600508975730688, 1217113324749557761, 2932128699, 970802299781238784, 1217136514024529921, 2457538829, 787806520666980353, 1057342192707141632, 1217313234476240896, 1048306563780435968, 1006903502461796353, 45800420, 1133899148640604161, 3193423052, 1177967272515821575, 498878730, 1601212500, 767610962870493188, 757774178, 1197588067453829120, 2544675769, 1187091811443105797, 1174762006487982080, 1437337471, 2230443397, 515647072, 1166625405912125441, 945575235876806656, 1217079034355388418, 771773960228839424, 1199002712895053824, 2997477103, 2597272273, 1217169868992024576, 1180181133453070336, 1079437971160473605, 1113995448, 1216963586775371776, 3098628181, 822505554354442240, 493773011, 1217351745489100800, 1217004167421546496, 1217424846738427904, 1139662520317140992, 936842363271397377, 233827707, 1217479169459675140, 828301074209570817, 1207129635550646274, 2600679111, 1207175315635789824, 1067858097446752256, 1207712007773810688, 1207843612605632512, 2951809932, 464947102, 1037513571465420801, 1205500192515977219, 1208508117811679234, 3325310203, 4718515755, 1175135770538954752, 1207148702877540354, 1136710761911410689, 1208218388109107201, 716368384976371712, 1510967246, 1010004831795404801, 75585486, 1204635652647612418, 1197189288498216960, 98190310, 3683826974, 1197699436991959040, 163581384, 1209275958441713664, 1208770075991265286, 1205521263696986114, 1210034965871833093, 1003297385034932224, 320448235, 2992542724, 395411826, 1012253227, 44841221, 53433240, 310709451, 49084636, 20703181, 93946271, 109441668, 573845836, 335404858, 1393414602, 2850099537, 235764167, 1177065560527581184, 911353483, 1057425739832791042, 17142283, 766369176, 872143035206959104, 331050937, 331195013, 2464925311, 982000605186142208, 3064438810, 29241141, 1433180581, 1154050935766835200, 821814254, 1652862732, 326798118, 17469361, 21377930, 486379600, 781128448106434564, 1123952165268144129, 130553833, 1160065959257939968, 4730076073, 1191276212825579520, 1210463878309527552, 4191591784, 1174031676814561281, 49919845, 1049181356, 978600462365569024, 1175082737591623682, 989461905294135296, 1183887000665051136, 980389728905318401, 1080281431732117504, 1108150435, 1067844588755275776, 1002598679935639552, 1211943368458031104, 1212051360633344001, 1211709594101108741, 887267628187660289, 701214238304505857, 1192071750365917184, 1132322753363828736, 597373446, 1204928542418624512, 1212948765541199873, 1213555869956243456, 1144731986189332481, 1099751130307981312, 1213297427446288389, 1203258744148246528, 3773024477, 1058911726165475328, 1177801143705116672, 97813987, 1076342730144440320, 1214390113850904576, 899757498378354688, 1206962023835287553, 1648691107, 1213515981265367040, 1961964944, 1194011164277190656, 53118993, 1027024306532900865, 1121846799818547202, 1212308526623645697, 1214885059364376578, 1198082077956034560, 1142182181248405504, 1085799143996571648, 782978136011071488, 846468126153805825, 1045885914, 1214598481505144833, 47633977, 1056298242365894656, 200566751, 1852650559, 2890061973, 505082284, 1119191623202758657, 64141821, 1215631705689583617, 775322889079885824, 20657622, 1163743798150782976, 143041006, 28217079, 3004573479, 2609079475, 1210742611759251456, 582855205, 1216172548360151040, 777159926145687552, 1216146530010198016, 1072988296249311232, 1216562940398227459, 1327057933, 825410241009442818, 1212787662576160768, 1201490601247563776, 980772394653581312, 387911985, 8753552, 69306125, 1216822470545723392, 1176614506916732928, 30331191, 1216171292489023488, 783472845665951744, 1216037964242923525, 998965225, 1193584940677357568, 249418193, 1215743961513496577, 1216564342096875526, 38274827, 1215303060802670593, 1202814648279547904, 1215769170387906561, 858239803162337281, 1199461963614412801, 2877331280, 568587548, 1142140992893706240, 1213064558958399495, 830593650316939264, 1095801383280766976, 1170091081318510592, 1216673650365079553, 1216306419630313472, 1161553785833107457, 1192681928949825536, 1091688791117647872, 373449727, 2996412892, 39764138, 120129298, 14294699, 153085446, 28453440, 240824628, 84091246, 18922472, 109046256, 1223101, 18194219, 41360113, 1213200610461245440, 1204406295702302720, 3988196303, 753301479868493824, 2329048379, 498392326, 1178647593758404608, 732850897257107456, 1215987877181521920, 10403972, 1215998268670345221, 1215207680060448768, 1216001902351015936, 1030109508, 233945318, 1107629383081254912, 1105071376375967752, 1167214273497587717, 177949128, 3311985652, 1083496606106673152, 1146969529290858496, 996445292735102982, 1166097453545873413, 931934825560162304, 1026257910995673089, 1133152485118554112, 111667750, 860945816, 53703792, 46916058, 305531213, 989080383177285632, 403936586, 1114391729711538176, 857865447634599936, 2525262385, 1214608789590036481, 1049299982807945217, 1179620975320678403, 1090523381563305985, 135945240, 15529667, 224223563, 27778893, 17681513, 17019152, 38802447, 128023009, 34747631, 59624844, 96448406, 125481462, 185260477, 15888142, 64496398, 1078843874, 24567103, 17352760, 18964696, 821590483646500864, 92551312, 1120689852310179840, 149103331, 18456892, 68307227, 648, 6385432, 64844802, 5252591, 586, 27814665, 44771048, 1000591, 17503180, 12901712, 93957809, 811087, 807095, 972651, 1344951, 5668942, 879521, 34743251, 44196397, 914061, 11094232, 16461246, 37945830, 14130366, 14939981, 6273552, 15414807, 18812301, 6708952, 15945351, 22563769, 10476462, 21982720, 16679529, 15469101, 702535055063834624, 281339036, 775721125032693760, 2829428812, 85433682, 24136894, 112463759, 14260960, 103948050, 3873984133, 83901762, 1037738468972154880, 10452152, 2459609448, 1072976197552885761, 1210195654338924544, 19697415, 14541402, 124003770, 119199038, 1979921, 3840, 16246929, 46063, 5763262, 22330739, 14248451, 13198, 295, 657863, 20, 1137701, 13, 37570179, 20348377, 652193, 27260086, 378223565, 1081, 16242081, 12, 10078, 845197108751679492, 253381091, 783214, 8752372, 114778840, 73406718, 1185933375737094145, 33032224, 903646295117758465, 1120368706658406401, 39246370, 9665232, 137286931, 3091742716, 1454390323, 1198020194897186823, 260340277, 23762005, 92606370, 20724483, 986665412, 569062771, 438617326, 268607705, 556118417, 881802919389089792, 593658151, 2949468508, 834464822729256961, 1213649108642099205, 299264437, 1208790526675312640, 4151526388, 974144123480494080, 261431332, 389976060, 793633519654301696, 3119425245, 255642198, 431764698, 123683750, 892608889803292672, 3069988229, 229562958, 2906609442, 749622858070888448, 198887182, 1443305371, 2396522885, 844238242581008384, 207703533, 1019130787306885120, 40975867, 1134545648567672832, 1133267314512498688, 1115695763827216384, 1098442062205251586, 1069725942442975233, 930227929514160129, 1079088844803399686, 813515052179488768, 718174564136652801, 1095053124585340931, 971015818153746432, 1006799169137332224, 1092255925824413696, 1024315544131063808, 1134316274211704832, 3024261838, 1099793141643636736, 1041422926082260992, 1105972483793010691, 923626302715727872, 3266286805, 952719296, 1058410079639072768, 848879547680518144, 1732851398, 4495511183, 401089862, 780480370525470720, 728617165646118913, 1013215742710501376, 3088610326, 1039059299933331456, 1155254087681761287, 21068187, 971679452, 2370099786, 75002793, 19878175, 261907125, 3362936152, 2574271742, 931336828883521538, 596700256, 831309536824791040, 4008390124, 21392684, 859117730154377216, 1050420944378851328, 735633506, 339733481, 18149467, 570266167, 633287684, 2155563823, 386263630, 3906457993, 182631148, 122166624, 17556539, 34155255, 715797742036062208, 19713521, 16438898, 387181116, 3037505813, 2460216512, 1700426708, 443768861, 3092073735, 817401961880453122, 98484157, 3266526451, 2951622098, 20821758, 6236572, 2997491528, 101878351, 3096292230, 58129899, 288232527, 2612887771, 4271160858, 13802392, 26735842, 1607208096, 229303563, 4580095214, 28405767, 15830958, 18424799, 43196616, 30157023, 2842092304, 94853367, 289955516, 801677550191640580, 4881519310, 826191617316909056, 849531190654709761, 36813525, 1384191134, 1130577304734691328, 27380166, 21744595, 4509, 5654932, 20163762, 2975134426, 1499201215, 35767916, 3937914677, 1713417312, 91608548, 1605693206, 227423290, 16707004, 54384777, 75673231, 19485870, 141304070, 4174252223, 4711717992, 135922295, 32878258, 821567125785612288, 3169916217, 841437061, 16137442, 736185001457287169, 534563976, 85509895, 3131243261, 291831562, 794815, 3497268500, 2307675307, 202590356, 298704683, 4338452835, 555031989, 846014785246367745, 4374719908, 2711212681, 2344530218, 20260255, 22018221, 35203319]
"statuses_count": 89
"date_followed": "2020-02-16"
"obtained_tweets": 89