"screen_name": "GIFoundation_NA"
"id": 984534613228904448
"created_at": "2018-04-12 16:51:58"
"lang": "null"
"location": ""
"time_zone": "null"
"url": "https://t.co/yQHh8TQh2P"
"favourites_count": 116
"followers_count": 138
"followerIDs": [1213158912372797440, 701434472, 1898729484, 96243841, 308552033, 3081833458, 18418016, 712976769536671745, 1087891207458643968, 759591137501859840, 2813399220, 303349565, 2365063687, 1266312673, 819488730113187840, 22685345, 1093521426521444352, 574353492, 182493733, 4026888034, 2339552125, 36383976, 40197986, 1118883559438258177, 28486441, 1080291551337689088, 952346624826728449, 282644027, 19017189, 2869618491, 1052368539682656257, 454114462, 1177032195149426688, 1201628101270278144, 3300858479, 1670675204, 190736861, 3523700655, 263482167, 930405801176522753, 1146406773898670086, 214724833, 31699312, 808890245542539264, 822497455132577792, 913512497600118785, 372213519, 404440288, 1154306781268643840, 2912067835, 355357698, 829364241694130176, 598314157, 21112612, 1132475627578249217, 144985333, 1126910254565023744, 254131086, 26817962, 104937462, 1088146933766483968, 406480160, 281656618, 252122082, 591008264, 1045232322054782977, 117480592, 711286382077943808, 832064254358462467, 931184836039000064, 1079163103579856896, 1073925853682245633, 2761171403, 178077994, 1561525242, 1412773454, 2377381489, 595950276, 1006294191499022337, 1004644524206026752, 2573255634, 848546996906590208, 1583287813, 2410955820, 1035102673610125317, 262415530, 977145799342661632, 1050101962790895616, 25677394, 929105086701223936, 707604500, 1674367825, 1043324115380105217, 1039598042733785089, 399056548, 87043825, 1016650560093786113, 3592434859, 740585904243367938, 1024021430630080514, 3065839084, 15074758, 967438754905432064, 975338734886490112, 169708620, 2660328684, 108794485, 41878521, 946806660, 57399696, 2543946921, 2211039554, 2391087122, 452394453, 2383792388, 420816071, 378936436, 282193262, 882591411585114112, 45875218, 2422840526, 272072826, 3375718587, 191051589, 4832286439, 258807997, 505349159, 2341092656, 400412130, 780323951415361536, 4782570416, 179653468, 39342935, 126419607, 887715145119649794, 969381743571517440, 955907445221675010, 115440331 ]
"friends_count": 157
"friendIDs": [3392626973, 96243841, 2790696891, 55323056, 303349565, 845350469056770048, 323189901, 1192781351809888256, 2365063687, 3209582404, 234801509, 1266312673, 855126440798507008, 1087891207458643968, 2813399220, 759591137501859840, 29545977, 1142178167920189440, 1182658037242355714, 22685345, 581924122, 182493733, 1173979439501336576, 1080291551337689088, 550984996, 264261036, 2160959522, 190736861, 213762981, 1106568308776525825, 384914539, 277012501, 15942016, 4354484597, 26778595, 2435645353, 3329226187, 48842195, 917137956, 96132089, 3523700655, 36383976, 582915482, 191051589, 930405801176522753, 59184840, 967438754905432064, 980630766571925504, 212597038, 22028245, 175031768, 84139461, 17448173, 3360820485, 2161330357, 729482750445662208, 225674996, 2419853725, 4092681797, 876266689, 2886040385, 22196902, 576775721, 2391087122, 15231520, 951955105, 118168779, 77846232, 2383792388, 378936436, 2777047212, 22562961, 27804980, 385631367, 37115912, 282255336, 770023914, 488753533, 61608622, 16892896, 21756898, 21723731, 133458374, 27891630, 175404674, 1516277647, 1694120570, 3300858479, 4832286439, 2674088713, 24215427, 66496796, 2846688616, 272055494, 599741995, 946806660, 3843877301, 258807997, 2892525874, 404171894, 87043825, 1707808938, 400412130, 27934941, 14277874, 2341092656, 538409644, 89760824, 1583287813, 235764167, 506865732, 1633273298, 889680864, 25560731, 14289221, 108794485, 2803861628, 1670675204, 829364241694130176, 1516873986, 824267476221521922, 707604500, 18790984, 338753950, 20453706, 39342935, 67339136, 269961890, 179653468, 301511859, 20248618, 102448827, 86989960, 196599991, 197159685, 284684670, 82092261, 143514132, 2774271739, 44699893, 26872682, 19377913, 132966315, 563153112, 226624444, 182924574, 254131086, 92373187, 23616725, 1394440826, 37756869, 23003472, 29809839, 955907445221675010, 20014863, 30336682, 115440331]
"statuses_count": 51
"date_followed": "2020-02-16"
"obtained_tweets": 51