"screen_name": "handbrake101"
"id": 417641221
"created_at": "2011-11-21 01:08:20"
"lang": "null"
"location": "Stockholm, Sweden"
"time_zone": "null"
"url": "https://t.co/DHTqob1Nvd"
"favourites_count": 1593
"followers_count": 175
"followerIDs": [3267414290, 15003064, 1223530523160711174, 4440431, 32984062, 1226861388414488576, 1216747739918295040, 16661707, 738202734365659136, 1074429845776596993, 62164268, 1110466603710324736, 861491710890844161, 580695010, 1210705494773575681, 942039015359963136, 240202531, 2257558088, 970596918, 1206551313502343168, 806222730236399626, 21395819, 999625909798760448, 2825269537, 309159847, 1031228295646519297, 3249559783, 1603940630, 1055641550, 3329323684, 1950015739, 3387135477, 1015709396255625216, 1168205108401909761, 1189729871880171521, 843846007603548161, 1015890234939269120, 986318679070658561, 1152249540910735360, 101862277, 974293953964072961, 802089282429157376, 1110619315676549120, 364000049, 147295417, 109575653, 215513890, 125444097, 1163853743374290945, 2617213581, 534634874, 979119814680641536, 761633522176106497, 750089377620041730, 1151477749271285760, 811177207921971200, 892366930287497218, 866978539857424384, 573607913, 1060215870583136256, 320322287, 941700582942928896, 1029488205886832640, 1093197915726635009, 3510626597, 904408999, 3007769517, 857168803595210752, 753115070339637248, 753247697247887360, 981885857874501633, 1493958800, 1117599205164367874, 776744770655903744, 1095206678239240193, 1150765100145545216, 3298418367, 966095902468276226, 1235532475, 829423787628179456, 885648792598564864, 1097929319454834688, 1081240140968800256, 55478340, 812785828523048961, 1384873880, 1369814917, 268461378, 1379400139, 204441470, 2193776809, 1109444151563685889, 3312317120, 779052641330401280, 878844609731973120, 4539176788, 41121881, 977102411247575040, 2152202993, 433551926, 1204786591, 1088393994046980098, 1009502067860410368, 972749430, 1081364598736015360, 88008556, 4051612695, 850077689180549123, 582167009, 953569579674062848, 1062730008907591680, 1066407415, 979189061574373376, 97620342, 983719101729193986, 1273766809, 63959903, 408776066, 531749395, 19051095, 961995524319543296, 116334760, 913141727007006722, 3379250110, 27087150, 763300537769000960, 106378423, 971926639, 704050365252157440, 549084953, 1041509679606640641, 879645231435714560, 267664283, 1015571245134381056, 3676738156, 1595862991, 2634483726, 895222082530942977, 986657763743813632, 236450181, 957335082355871744, 946297843983273985, 938826181134123008, 883526281656057856, 50078515, 2719717803, 3854557337, 2174732317, 1468746902, 2450998915, 2835967128, 2584140631, 1023793489, 2474481386, 309743715, 39411084, 21759987, 2373025206, 104489432, 1619296200, 588586510, 834085297, 565451918, 192309540, 458977357, 748498309, 1036230367, 86323399, 625173199, 73738857, 203424136, 242093464, 19875325, 194394746, 117921318 ]
"friends_count": 509
"friendIDs": [74287341, 204890149, 16491676, 3267414290, 786047748508221440, 2944953687, 636216638, 430645155, 2859448331, 112475924, 70784139, 1020952663, 2764811815, 44562973, 2537867839, 862037690597953537, 158445476, 625070495, 1096058449, 2828796622, 306929586, 1223530523160711174, 485109912, 156689047, 1849566296, 742780910500642816, 4440431, 46090073, 3419251203, 2851146208, 32984062, 1226861388414488576, 320801087, 3903422118, 1106183575098003456, 1216747739918295040, 77815209, 245423532, 1045756313991557121, 1200402384511553536, 1220100232190492673, 16661707, 954800547349057536, 326149890, 93222172, 1217810162146258945, 378703672, 1074429845776596993, 1934319254, 94542631, 1217532429499584513, 524572972, 4354484597, 62164268, 738202734365659136, 1216983167367729152, 160074531, 1628248232, 3401902618, 327880020, 1110466603710324736, 322845993, 965230214396764160, 861491710890844161, 2509461094, 802302308226736128, 16741660, 2582542753, 38612007, 580695010, 2966288337, 15003064, 4216234779, 1210705494773575681, 952573309, 2165131938, 2467226497, 1416646166, 942039015359963136, 2257558088, 30174656, 636023721, 53560219, 183548902, 54956437, 285165232, 2938515873, 1206551313502343168, 901874434994266116, 1168109001898434560, 806222730236399626, 21395819, 999625909798760448, 1264368092, 2825269537, 309159847, 1031228295646519297, 3302712983, 1182709305650417665, 914517340586483719, 851540696192483329, 2701073637, 2202163974, 844888072957374464, 1603940630, 885953601067208705, 3329323684, 1511250390, 1133435618984259584, 1088746581069844480, 1199411596520493057, 3387135477, 800459756292882432, 1015709396255625216, 103463741, 45044548, 1168205108401909761, 750847031388889088, 24954656, 250256649, 138363473, 843846007603548161, 1015890234939269120, 986318679070658561, 384560318, 803280872136769536, 983052980797624321, 749987317805297664, 991484077013381120, 1152249540910735360, 2165870634, 101862277, 18019105, 974293953964072961, 802089282429157376, 2743194200, 1110619315676549120, 3712590975, 147295417, 410380828, 41077147, 1179022494918795264, 969245261250867202, 2784345264, 109575653, 215513890, 1163853743374290945, 2617213581, 3096927150, 2678236062, 16240525, 534634874, 737386986797998081, 1496513070, 1181570947507048448, 14066035, 979119814680641536, 189618679, 3314247009, 923643522, 825569108649340928, 83223036, 440171308, 937090267886141440, 761633522176106497, 1071143659142373376, 750089377620041730, 941700582942928896, 857338975090085891, 2453570761, 3245493350, 892366930287497218, 2549047974, 4430502617, 17223417, 2303708630, 866978539857424384, 573607913, 1060215870583136256, 145852991, 320322287, 34222024, 841291457579356160, 1513221576, 3131025791, 102069506, 904869467238174720, 890281670724726784, 1052019409814876160, 1085069648456966144, 1115087094, 3271170654, 1009506974893871104, 26589498, 1035402590048186368, 3238448948, 3240126936, 1029488205886832640, 27369679, 4445766373, 1095045452062429185, 498542680, 21966695, 37781348, 1093197915726635009, 3510626597, 380816062, 19843630, 137139940, 244200123, 422987026, 2728502044, 3245215168, 904408999, 18198832, 1043663293796241408, 507647488, 378643551, 753115070339637248, 1158634311232286720, 442596663, 47791337, 999269457682882561, 2994304731, 28912478, 21242028, 879239124414328832, 981885857874501633, 1520105341, 829881163472916481, 1493958800, 1117599205164367874, 965752587378098176, 776744770655903744, 3167669093, 3519587539, 1095206678239240193, 1088718214400335872, 240202531, 1695065382, 1244622433, 15184835, 3298418367, 701764234217189376, 1385861262, 1043593554843639809, 966095902468276226, 1235532475, 1023904124239265792, 2894469489, 997017943069282304, 829423787628179456, 1081240140968800256, 984304228368863232, 1006419421244678144, 14106829, 1097929319454834688, 1198101553, 1384873880, 1009527883151310848, 55478340, 281259358, 268461378, 4149177441, 1369814917, 2704715387, 819215192265519104, 932230227773870081, 364000049, 908145491749232640, 799262840561483776, 807162636, 1379400139, 744557034222325760, 861040360788815872, 709785878755942401, 1044267048283463680, 1009502067860410368, 234309722, 784306342739648512, 484796656, 2993789345, 26541655, 871430514556665856, 869673787108638720, 3312317120, 2645602164, 878844609731973120, 783740564, 4539176788, 2226258106, 3300876766, 1406101688, 909486315187695616, 1047531503058530304, 1005946740946677766, 3077472948, 4926488001, 989955705686851584, 1017931415722381312, 733199694751404032, 44525333, 47876842, 41121881, 744212347519115264, 4030604773, 977102411247575040, 183707859, 824659105633673218, 588770591, 2152202993, 433551926, 2228641404, 1088393994046980098, 1204786591, 88008556, 1109082601, 228586748, 802897830, 3414048856, 885648792598564864, 1468746902, 4051612695, 32908477, 983719101729193986, 63959903, 14260960, 355796874, 1584137959, 1066407415, 34626070, 779052641330401280, 347464456, 913140714019663872, 26809559, 1273766809, 531749395, 979189061574373376, 23339635, 1015571245134381056, 408776066, 97620342, 19051095, 22266871, 24183388, 116334760, 2791026535, 214653213, 2197131535, 913141727007006722, 728833010, 767877585707540480, 1950015739, 2382158046, 2874187354, 3379250110, 1891806212, 957335082355871744, 27087150, 581076102, 4789246894, 3290364847, 2891674802, 10328012, 971926639, 106378423, 895222082530942977, 730869109752233984, 3064168005, 3895850772, 3366027029, 855057222627454977, 38010785, 704050365252157440, 2193776809, 3068947718, 940446262716874753, 549084953, 4361950456, 86751291, 20971256, 2972541035, 1041509679606640641, 928531940797566977, 837040805005053952, 1042122190383136768, 879645231435714560, 917922350091456512, 767821356830494720, 820345260119355393, 16349574, 377458892, 267664283, 856836304105066496, 833418368963211265, 20689378, 3201131333, 14837325, 204441470, 864928799603011591, 737798406333202432, 2634483726, 3676738156, 15862891, 582167009, 85906283, 258847118, 18732270, 888171786256261120, 744046387365560320, 1953612884, 271073165, 2474050352, 135553041, 3241774419, 986657763743813632, 235213723, 76332033, 2808259087, 946297843983273985, 987849932, 134941111, 1595862991, 236450181, 872526149968179200, 26233068, 50078515, 155458898, 152785310, 135316691, 8865742, 323318041, 1528307430, 31125463, 28583197, 8198012, 2809615095, 80344952, 2833090796, 588586510, 2719717803, 243627457, 90201338, 186154646, 3854557337, 2317351705, 316389142, 836350213, 2174732317, 1060545835, 378259736, 123582098, 20746400, 20927633, 19529939, 2835967128, 330921167, 21710527, 112419076, 2420819552, 39411084, 26037957, 1571270053, 145513925, 21940443, 18261558, 14085070, 19767193, 1619296200, 104489432, 21218554, 12819112, 136325501, 2444351, 701267743, 124237063, 15154811, 287146457, 19254781, 1308611130, 1036230367, 14897792, 1287583542, 556992335, 458977357, 16220555, 86323399, 748498309, 168757829, 1249676186, 24031928, 73738857, 577316381, 138044104, 203424136, 240518142, 242093464, 17387058, 13382652, 239172505, 116757352, 21200516, 23575595, 23440052, 19875325, 80324287, 21463619, 194394746, 117921318]
"statuses_count": 1023
"date_followed": "2020-02-16"
"obtained_tweets": 1020