"screen_name": "Iykedozie12"
"id": 387086605
"created_at": "2011-10-08 08:58:06"
"lang": "null"
"location": "Nigeria , Canada"
"time_zone": "null"
"url": "https://t.co/dybcLrR1kx"
"favourites_count": 26
"followers_count": 34
"followerIDs": [1160135623501582336, 883239803961171968, 86732997, 180423103, 1143941509437415425, 807242044850786305, 1042145205586210818, 468408601, 893075959607418881, 1049632348877279233, 958326190883987456, 181020720, 837327493652758528, 830877636486365186, 261622339, 784559053083205633, 741057571021303809, 772588226964033536, 227655314, 1089563833, 3965426014, 1102342502, 747938050890670084, 741085011382837248, 739805325939769347, 462968969, 743297066, 732210124576702464, 3129596034, 4272716775, 727601004175237120, 2578278565, 185831159, 418159864 ]
"friends_count": 288
"friendIDs": [3257725504, 2418180198, 963427754418081793, 1448754954, 3648607572, 3362437877, 489978545, 910870922596421632, 1087753588066127873, 882924782, 32908477, 582081674, 767877585707540480, 2516411185, 4354484597, 987849932, 1149054637812649984, 50801490, 3044334244, 2996502625, 634933895, 2432297810, 17503114, 16319797, 703481138, 1618005763, 1333339974, 73316915, 1421379786, 1121207090582708225, 42391676, 192372179, 2845191549, 717145324096196608, 761717664, 146510942, 1039207080824061953, 21299629, 873176949815902208, 998911541335519232, 2744923543, 1022479761946365953, 1135830964578504704, 757382773594320896, 180423103, 86732997, 916655973464444928, 1143941509437415425, 91193025, 2891740872, 987868155560284160, 4284189436, 807242044850786305, 1111734940297842688, 14260960, 40322542, 3367848413, 14275591, 417827973, 372755940, 4612911916, 44086452, 25287690, 31147535, 25358734, 33671152, 18999952, 890619764128854016, 508912396, 1026733681912758273, 230232890, 3513930982, 927484164542291968, 2411447383, 3373715141, 3044914497, 1042145205586210818, 981286914811682817, 747064131166044160, 324999697, 757122097, 1381545950, 36914137, 386700967, 36982977, 331157632, 1050779471731707904, 357312062, 125304737, 18994444, 87498563, 569053466, 893075959607418881, 1021711361909436418, 3752569156, 932896962273337344, 722067555746201602, 958326190883987456, 227355779, 833620148191948802, 745218326373240832, 578350095, 3317710794, 261622339, 3131430459, 1123349857, 159425389, 278066421, 6108862, 784559053083205633, 787288636232433664, 761237843628949504, 29944465, 149664798, 146965705, 121237845, 103350352, 135295059, 1330457336, 102117124, 67465811, 1536791610, 822215679726100480, 277985183, 67888012, 42379703, 25073877, 813286, 113317910, 277920665, 20577920, 2359416884, 32660559, 192947735, 148712147, 381429945, 364814031, 117087700, 52833129, 478761273, 24919888, 266025901, 118518057, 44448194, 3133543325, 612473, 2936714848, 1089563833, 2384354214, 15670515, 74286565, 388472947, 22209176, 757891106, 1157784678, 137365854, 89517005, 16913772, 17000457, 9460682, 19601111, 8509492, 150820027, 809273, 125485258, 335409251, 709921176, 19312845, 14117843, 41012588, 741057571021303809, 751449529942237185, 297169759, 5548212, 71209897, 579544781, 246938458, 284066524, 470130723, 3434352244, 1399589509, 1346415151, 3339352054, 117042662, 398212417, 564649125, 460305726, 2841906231, 4545498760, 7905122, 3321906942, 34082810, 621583, 177583133, 14763734, 25238117, 22059388, 403475769, 599001082, 31524221, 740148150, 350998699, 2668909476, 203414077, 74458149, 229860431, 493365529, 543487087, 3198193409, 1162687218, 2964950313, 2914442873, 3440200642, 157011426, 2829251164, 727856229977100288, 731279874049093632, 732210124576702464, 2654425620, 17842366, 101825544, 3385552180, 5402612, 91478624, 50393960, 125346858, 428333, 385306234, 1262705317, 743297066, 979009861, 4047628547, 571023437, 1074337286, 252963806, 183963069, 2975296215, 3965426014, 4050987557, 723643323148177409, 582677288, 4488906675, 128617834, 15063486, 174486517, 2578278565, 914750738, 19468581, 356540508, 15819466, 2365438058, 113601163, 481683660, 611632849, 462968969, 769601653, 721206497, 3122004887, 1262476508, 2160414383, 2977827862, 3050379849, 928649526, 3120556907, 949269068, 2791030444, 1102342502, 181020720, 2197474817, 3357469605, 3318089764, 5800582, 3129596034, 4352893816, 4718638577, 1303300358, 27528339, 1004111881, 53817066, 276939439, 1388990490, 148685893, 63977305, 1954321058, 342080796, 418159864, 185831159, 69266428]
"statuses_count": 36
"date_followed": "2020-02-16"
"obtained_tweets": 35