"screen_name": "ru_sprout"
"id": 1192173405157691394
"created_at": "2019-11-06 15:14:42"
"lang": "null"
"location": "Toronto, Ontario"
"time_zone": "null"
"url": "https://t.co/00rb6hS3O8"
"favourites_count": 11
"followers_count": 39
"followerIDs": [31107866, 2610171890, 1196434966260912128, 984484001002881025, 1176972069864714241, 1171916702189326341, 1084871874272813058, 1730685103, 1092180677833957377, 1179119196137050118, 1145753277151289344, 920096512540995584, 2943126771, 475265360, 1187695101616803841, 612924201, 280251879, 882414096, 955494792695181314, 326811204, 3730098207, 2375535828, 2776775090, 1048921982, 770079834634645505, 1462550396, 3732023057, 1583287813, 97709361, 1327081332, 879479119, 559987162, 1056964034438807555, 512448470, 754914438063460352, 1102988979522031616, 1334285846, 3265581649, 1085370406326976513 ]
"friends_count": 107
"friendIDs": [210568127, 4354484597, 1084871874272813058, 529597969, 368535820, 18776647, 326811204, 770079834634645505, 308719850, 388258064, 280251879, 2776775090, 777181136, 210591959, 1671992976, 844819728, 1713405816, 194680661, 363522367, 2571238111, 2400348871, 1689533826, 2777281658, 757589904, 117663795, 2796308627, 280833931, 1583287813, 593039382, 1262451661, 2280865237, 2316083982, 492794271, 139736597, 2339415745, 972542378, 26700877, 164319085, 143526837, 172352150, 773288970738360320, 940161894, 95938864, 727122362362159104, 3176800714, 920096512540995584, 755116305884274688, 1020146132608081920, 1247222034, 3732023057, 743913245568827392, 1595621418, 3730098207, 425937399, 23074915, 277012501, 469643942, 1730685103, 417945603, 339798950, 771428254645358592, 2151075434, 472388888, 3458325442, 2876905469, 66711552, 754370766, 3003344926, 81130648, 3224549020, 273522899, 730869445, 1462550396, 1687360098, 2777047212, 2726315066, 169654001, 2943126771, 44674447, 475265360, 123575972, 2828228108, 626696755, 917137956, 184866881, 42090423, 2217988506, 882414096, 1963734708, 570308743, 1920532658, 182381802, 2375535828, 1455198997, 794911555, 236544098, 2745659780, 382171562, 1327081332, 3062731787, 1571540088, 2284100936, 97709361, 16463984, 742445722574946304, 39564949, 3265581649]
"statuses_count": 31
"date_followed": "2020-02-16"
"obtained_tweets": 31