"screen_name": "VivekSingha16"
"id": 1169810956815200256
"created_at": "2019-09-05 23:14:09"
"lang": "null"
"location": "Sydney NSW"
"time_zone": "null"
"url": "https://t.co/UBBvgrby3i"
"favourites_count": 432
"followers_count": 217
"followerIDs": [1077790966432448513, 3009677047, 1135343931644731392, 1229191512841424897, 105161933, 1147246471583977472, 3355773219, 816731098243796993, 1228738734281064448, 974989441466060800, 311979465, 18539631, 589462359, 72622261, 1907615988, 3116934326, 1216150553941725184, 2903577074, 1026465391, 101189904, 31605291, 834464822729256961, 1219064918726627329, 1096085512589238272, 1050016940503183361, 1123099384621694976, 1203239072497582081, 1207970573797560320, 961544622806917121, 1061929410, 77626182, 931963747257774081, 1225841367990984704, 2539842661, 1227518375091482624, 15221598, 4836879915, 262493732, 901703629, 1209310382780600321, 808051518242979841, 1161969910710280193, 1078999172, 1222363764650983424, 1217363498734243840, 1227332981842464768, 700700720513703941, 388234560, 3158280662, 1209160197383393280, 1221376103438340097, 2416915340, 748921627489034240, 1126465802167881729, 1111659891775561728, 3260841816, 969679732949245952, 822277015755755520, 1189630382184030208, 134623910, 39919950, 205357303, 427127322, 970376393434345472, 273021501, 1101410849917329408, 1177769501451964417, 20037914, 2283804258, 709023512028127233, 2901907736, 1015493765245460487, 309705905, 3162014286, 1489923278, 1148616527890927617, 836935347615510528, 49378584, 999707497786150912, 1173872452281065472, 836813744, 1411711170, 822279295569641472, 1222538315330490368, 178602841, 722598957168402433, 1108714967585435648, 1217271366015160323, 2350618921, 2970760906, 883785404389961728, 1162732753324036097, 1209140273730572288, 963251144, 854827149856915456, 819081072709431296, 193090142, 894057794, 27236673, 1121407886226280449, 716928455485624320, 1225528089586884608, 136013508, 949009192035037184, 736619280, 2322715397, 366723008, 2723241253, 831200535831310336, 784755312796499968, 3434754459, 757617135795441664, 1128886990357839873, 63264109, 4905728241, 2643978661, 299264437, 822268186217369601, 1080423966643122177, 866236708680892418, 159952752, 2151867999, 921925179508277248, 10482452, 3319889120, 1072173097195757571, 20093679, 1121118757471051776, 1037577413046071296, 2954080201, 4787663387, 1198527149097062405, 117102136, 1219625904374190081, 707047677784154112, 50101693, 733395976174456833, 437706739, 17954408, 368723951, 2798648761, 1209190327384449024, 295508085, 1219939133117870080, 842793308921479168, 1157452762944176128, 1098924083314610177, 1955416556, 2369800111, 165613452, 301479546, 1119509341, 2306858246, 730993974, 187815608, 22265542, 72541878, 1224637168699789312, 1169154805262094336, 1216070222526009345, 245654697, 61506962, 47865477, 1909061755, 870239770529730560, 1219347578531303425, 79975924, 15789866, 2980985795, 961966447, 4913287026, 1967513822, 1141303024918228992, 842910236340043776, 817407869503029249, 1184893711232225280, 1041620385022664705, 1045637419998097408, 1217538423919185922, 2863744321, 79715929, 1088994211351818240, 1168149754238226432, 1213897101622403072, 1222069146868994049, 24290265, 185666045, 1195377299039776768, 253085683, 1109694400064638981, 3246807079, 51030211, 866362868, 542824793, 822272850681888769, 1209154933666263041, 1038804547, 1125138596355280896, 1048522706801631232, 1067078361103720449, 964516528891875328, 965272485188067328, 97627968, 555189064, 21410687, 1343132275, 1186267270378610692, 710611527380783104, 2456732700, 1100926826795302913, 3398624303, 18864066, 1094964511621173248, 1180660069832085504, 710477381694267394, 33288741, 303480441 ]
"friends_count": 3865
"friendIDs": [2150403589, 269581619, 107195704, 14740721, 66625609, 165655235, 769012542, 16638310, 27572392, 1164863898, 119617321, 125215990, 23700113, 35690142, 106878278, 121639467, 878655300, 19937197, 21114659, 24062457, 50560529, 59338142, 114294419, 625379973, 147869440, 22558346, 374829299, 94185085, 970943839, 14707794, 1093090866, 569737805, 2604503856, 66919987, 2208165259, 392584063, 34135649, 16714896, 115812670, 47874155, 88859872, 41543509, 22000661, 38386306, 60499296, 212391163, 67231441, 26192899, 88164613, 20977752, 2393844469, 22306310, 147393852, 263483174, 17462708, 66612373, 28791311, 727344173435723776, 1698582715, 366935179, 838631981315338240, 16340404, 266823774, 66100958, 95297220, 922599064142675969, 17458783, 2895307831, 293208735, 92868306, 1180672512, 770556632, 320739724, 324663673, 112398730, 2899264434, 3252206005, 753759070750998529, 2594661042, 996359407939174401, 929086908, 252016955, 16780488, 1146956698931744768, 959651769000185857, 174466784, 848758017084477441, 1227518375091482624, 931963747257774081, 1050016940503183361, 1096085512589238272, 72622261, 1907615988, 3116934326, 589462359, 18539631, 311979465, 1228738734281064448, 3355773219, 1147246471583977472, 105161933, 1229191512841424897, 1135343931644731392, 3009677047, 180419242, 41441873, 40683302, 721059667217096704, 3073871212, 754276452, 1907947747, 3447352888, 3451062019, 3274746871, 2316155956, 1227517303, 336179304, 310804819, 14085070, 394246259, 52768208, 351640699, 497139188, 82453323, 330921167, 127958577, 2459541229, 543582293, 537555179, 2543629379, 47786101, 973739639319101440, 1372184863, 16323656, 16293020, 51584194, 332188446, 21859013, 50325797, 14740219, 12354832, 297532865, 224320485, 904059454320234496, 1060608565818191872, 4207961, 19084896, 32871086, 3223426134, 1003107003693137921, 21879831, 55948054, 929823128259387392, 454071012, 548384458, 774407512598704128, 2907995276, 1189057894169432064, 1156445010738339840, 624517612, 1188145984431366150, 407456074, 19019494, 33216799, 57526623, 137595268, 160856325, 235133746, 221575638, 37881687, 47256341, 74382140, 251440033, 556661091, 39221707, 40801529, 235138978, 142542853, 1132832803, 1306480082, 16509444, 163789922, 267570919, 17250722, 20217677, 43525891, 221615955, 134646048, 137198586, 322866759, 566938833, 786307086, 141525004, 23183563, 251976625, 1466312012, 187178803, 16093222, 23554400, 2235731509, 1197288343702081536, 88199384, 74457733, 931260588, 3300288798, 200737738, 1175379852712665088, 1067279655940411392, 893353379421802500, 185609127, 761389837085585408, 1927110241, 2910117595, 1211978758665555968, 258290304, 57600854, 1971791162, 64006113, 1228002987043217408, 218637561, 981460419834294272, 1017906646914224128, 1114865491, 978579036, 101215084, 1106481992185466882, 174186594, 61851975, 15409271, 3460241, 14478644, 312384108, 63618359, 168264219, 102812444, 3291841, 942565449199439873, 810608671436787712, 3061062889, 14377870, 1061697830199443457, 5625972, 2657624264, 630249182, 100116840, 792070974589898752, 700784500658208768, 21323268, 3309005740, 290843219, 1939002361, 113250091, 2423908242, 293633237, 618259999, 82787303, 22111223, 318125560, 710577079071342592, 6735, 554903346, 284159631, 17871814, 135221095, 93017945, 15721984, 60956909, 2923724679, 515838635, 21303235, 46003622, 44128516, 3459051, 1871923542, 97471070, 59889953, 24387779, 153504840, 78562138, 354167602, 97516929, 557053839, 38701786, 18906349, 186041925, 525208993, 816387926959525888, 2973645813, 863770819784257536, 134994790, 1101348366024347649, 1050516235178237952, 43808848, 6374602, 40790666, 209811713, 829474281075699712, 14075193, 29415843, 21292523, 17445813, 31098756, 95292874, 42096654, 16178922, 731463062230700032, 3520752864, 139444923, 4358246653, 3701031793, 31605291, 50943008, 140047339, 1910442534, 4353357197, 20568173, 195626764, 4543184299, 1026465391, 1107310280319647745, 2903577074, 101189904, 2232326707, 1227942585542545408, 168510376, 1076486409542873088, 304381463, 986273925993717760, 42197010, 948920834877407233, 736219952, 956610014575173632, 915229859885998081, 876184777648427008, 53864882, 2175523945, 314486275, 21211093, 784563380, 2914950325, 1035162051461566464, 17469289, 2715115656, 75974281, 16664681, 1216150553941725184, 1047529714645004288, 33519870, 350128848, 202772126, 295251095, 61458407, 17850606, 1255161552, 141208596, 19329136, 43568964, 1344897174, 104473820, 725003596811620353, 36846076, 2903979971, 47285504, 30364057, 304679484, 139823781, 1133262432657219584, 1123099384621694976, 834464822729256961, 599065130, 204245399, 2258821908, 14649213, 145148972, 303862998, 49616273, 1115874631, 2775998016, 1367531, 37397428, 18759906, 14800270, 18850817, 34042766, 2359926157, 65381936, 15692087, 14390109, 501801749, 10194682, 8457092, 267939430, 40937524, 17193794, 2196922086, 15748351, 17874544, 243381107, 10228272, 18994444, 999470034, 14362241, 15446126, 406131568, 4119741, 61156375, 79708561, 513067381, 723205729008508929, 2706827731, 2406478046, 2155012550, 1263928542, 366352424, 1568352805, 1221376103438340097, 1227332981842464768, 1217363498734243840, 1225841367990984704, 77626182, 961544622806917121, 1203239072497582081, 414460605, 263906814, 399265360, 165700830, 314437348, 144661304, 32201297, 25969892, 309970274, 92637636, 42574743, 33811563, 487164617, 3684431, 34865851, 46028458, 581372149, 22573600, 25297301, 1215060214682009600, 67232748, 78523213, 167281867, 39193208, 56077211, 1240407498, 1738015658, 1877831, 759921684543451136, 75187941, 17692554, 52327900, 2490890594, 18621574, 1108565574, 15221598, 555031989, 99807930, 870629200348274688, 1409726425, 3335731978, 4836879915, 183770461, 13337332, 21147300, 386538440, 216856971, 808051518242979841, 1209310382780600321, 901703629, 1226009957021241345, 1098645746453237761, 902839045356744704, 100761980, 236247062, 17980523, 807098570, 742723459843756033, 292929271, 363892132, 823367015830323201, 179822867, 39344374, 16228398, 4624209900, 143409075, 105733665, 6708952, 397566887, 477500631, 317832990, 1161969910710280193, 3278710790, 295833852, 1493745978, 1288175774, 5988062, 50279201, 1175968198832689152, 1222363764650983424, 18292034, 68421659, 1092148306485104640, 35247724, 2547199340, 53817066, 580523507, 2936714848, 3133543325, 487118986, 910561732048728064, 346367004, 149198703, 818371646, 3348044855, 106485105, 61559439, 347060535, 3222534361, 8069632, 38092797, 1655471311, 751070039739076608, 975505386298994690, 900828658205683712, 2344859797, 129983377, 489474122, 7393392, 180240355, 3167346861, 18082764, 56505125, 50419462, 3160357598, 31356469, 201092448, 16644993, 2716126988, 91040939, 14544067, 70763329, 347994604, 379612650, 712635691730149376, 81933429, 216136644, 16692859, 15631238, 39485855, 18628760, 376180305, 27964251, 3978585940, 280445345, 1306914661, 836305915452272641, 66857043, 580097412, 16573941, 41077287, 17629860, 20793816, 15012486, 2964950313, 17842366, 87416722, 16343974, 218534501, 36746972, 93071854, 145499533, 1083198663424237569, 26642006, 338084918, 26053643, 9695312, 18228898, 34507480, 35094637, 31239408, 50374439, 770852784094666753, 156706049, 945846436586962946, 17955257, 724186716, 331056453, 3445705272, 68914690, 3582232813, 2711810160, 381949397, 312015061, 77668903, 2341741537, 4053162792, 1642669674, 113826230, 2591161099, 3489768920, 1897514666, 331136088, 16463397, 3158280662, 388234560, 700700720513703941, 597726943, 93315762, 879842808, 223080067, 185142711, 121044171, 92724677, 52012432, 1056894226351509507, 1016786527, 2827455342, 111645152, 291557277, 207888272, 23061619, 102364880, 58761257, 95871559, 788818605492146176, 2808813408, 50243741, 580766593, 170977970, 1490985685, 73238146, 800707492346925056, 9300262, 119486479, 232901331, 620571475, 956283913835614208, 988573326376427520, 10126672, 26810542, 31310158, 70837868, 357648167, 8775672, 44957814, 50769180, 54885400, 148376661, 822191111414444034, 920035992073064450, 108638625, 18166778, 28628850, 59769395, 65416742, 104576097, 729676086632656900, 16031927, 23999515, 135265904, 2296623224, 742791536, 262493732, 142722336, 68399705, 108936259, 1196254680, 38403110, 39602475, 1652516689, 1396961022, 2286516338, 183212847, 720009812, 113685696, 461726107, 18238260, 155561448, 137017726, 17344226, 29650784, 1958602172, 49551150, 102382667, 16815644, 17919972, 16331010, 21931363, 157903916, 2981087889, 317034396, 92726549, 947192262, 440036961, 1492538024, 366947884, 107318424, 115341081, 107135915, 1652526218, 1668063794, 28515858, 2803191, 31285982, 25098482, 39619445, 1185108602442469376, 134641016, 734732895722610688, 790979544849285121, 141488089, 1065550596818657280, 849006404, 123231276, 25628754, 83663427, 64953853, 119456978, 880641566, 2991581923, 988858957, 281902422, 2890506943, 2299699574, 951833706, 72034591, 362506755, 328941811, 16967612, 1006419421244678144, 98815583, 303059786, 2227695199, 1579422614, 2311557998, 2312262702, 454099919, 1050622416, 141080858, 44704537, 717020664587227136, 361301678, 1209160197383393280, 1206882136210305024, 1207625260507353088, 146343485, 58407545, 400094025, 1111659891775561728, 1184798098364735488, 1126465802167881729, 2416915340, 75968447, 1978851349, 283916211, 2314260273, 950165300, 33801019, 721093982042791936, 109241992, 1062742964, 220228167, 1078999172, 230140702, 111944435, 2556875153, 122658025, 53556894, 1072993274, 277434037, 1049689858791202816, 2613904818, 2602959463, 1167319106871160832, 2780089428, 2574232910, 1324055984, 2333150096, 923874002736762883, 928252325952610304, 1172365469589725184, 1094459637443616768, 1093118983463555072, 920750340739301379, 1106617508847480832, 711783223366262788, 2583992646, 2915766225, 27860681, 123851279, 37701900, 46336817, 1088245033495490560, 119509520, 27260086, 783214, 77732185, 1251083774, 97217966, 786958314, 1019469630, 761266874696867840, 1263282072, 1189630382184030208, 822277015755755520, 1104475454226993159, 710986082, 42666406, 1582196353, 381382962, 923573937958801410, 493059410, 287219592, 67558336, 379544677, 545110987, 1049962205817401345, 80778751, 3097503906, 1155461421414649857, 1184839983955210240, 4272345387, 219617448, 1082334352711790593, 24338525, 1109580048384884736, 1207735884637851649, 15409344, 1110273725797199873, 23911915, 31484145, 274030199, 917593316136509440, 748921627489034240, 510484741, 2974495097, 768749061759438848, 3377034905, 3260841816, 18065266, 950673196520415233, 838084501553221634, 134623910, 921007886926536704, 215457252, 92024210, 889352068359626752, 3949709654, 1064159119396007936, 837499155962474496, 992167596, 753816652773371904, 872333537956986880, 778035795231813632, 587152159, 866881380315127808, 622626514, 58663554, 16627240, 589743561, 467948161, 74129557, 3985877735, 907840593145028608, 1121892291591987205, 187349504, 52092687, 1274690550, 71504313, 18373968, 832844522862305280, 24522430, 1012747092475940864, 21985976, 33341332, 1201032828969865217, 1097017300153180160, 1173470590570848257, 1187913029339369474, 1173470735039205376, 1216750688278990849, 1170261059334070272, 969679732949245952, 1173470481996926976, 1686144937, 1222658397402750979, 1173547962586161152, 39919950, 883935873229758464, 257894446, 1206596324063358979, 41060663, 917272284, 327492821, 210665388, 2901907736, 273021501, 970376393434345472, 205357303, 1211624580734844929, 1190928388120137729, 1176085555492216833, 1185510515012800513, 76894338, 1207653349119553536, 1101410849917329408, 3484088653, 1881974502, 2283804258, 1203582126974754816, 1192462862284754944, 1101481445514772481, 110154189, 1220621579064881154, 1210946806701363200, 324997830, 1117076481757208576, 244594050, 1177769501451964417, 377522731, 519196613, 96013710, 490036238, 2425231, 1042424594852802560, 282673642, 74984870, 963251144, 2350618921, 413535771, 2970760906, 1148616527890927617, 1489923278, 309705905, 902076682437238785, 2226980028, 148018737, 1850705408, 1191912552, 14490400, 88394738, 403536668, 3097456495, 1068892668535566336, 466147024, 380285402, 732973041416732672, 111556423, 16973333, 788524, 3289760522, 1034767919014588416, 1015493765245460487, 2822384089, 957985363351560192, 999707497786150912, 135126647, 836213154069688323, 20037914, 1087402484522352642, 1075432638016450562, 1213910055793254400, 1119223988641681408, 1464175106, 3162014286, 2315474990, 4014675253, 1695784514, 49298395, 292403982, 115607138, 727904343572123648, 240636455, 209003057, 769108935726997504, 1922754072, 4521824494, 116689958, 896733788058693633, 974989441466060800, 29398579, 75552428, 21080743, 2193923645, 285187707, 147292336, 1358917686, 101779040, 3166184569, 942287584037703680, 2823192415, 197343113, 106513394, 4897595305, 158295414, 1208660621220122625, 1178713751903784960, 429548186, 200583835, 71985988, 19713521, 8453452, 891032200317202432, 615311537, 15395767, 191553031, 293063175, 268676434, 77509999, 199233142, 48940193, 85657578, 883883034, 161634802, 111316603, 118757160, 219940006, 2220938808, 57948579, 1046455868651425792, 2891662867, 2886201454, 352487356, 170877963, 829505335941402624, 614608679, 1643849347, 49378584, 972148422735261702, 264710716, 241621321, 297851969, 196655932, 57382261, 3017628974, 43282183, 377952187, 14840623, 3036792296, 83836593, 129455948, 30891818, 524262813, 56670878, 2918539369, 18239249, 206292387, 82076405, 806445785957089280, 115887279, 1099124418, 968510020101947392, 925094390, 70355674, 1472101243, 4724626277, 339040963, 386543228, 158588740, 32390949, 7431372, 33915298, 2930935453, 267861878, 231422245, 89732309, 113571686, 151432737, 596376362, 2647058209, 50716058, 4655275221, 1173872452281065472, 836935347615510528, 950319133534568448, 1351004401, 1068913730736418816, 1030700402826797057, 1084351138042830848, 883785404389961728, 2255042234, 1007945678000140289, 45577619, 851759946228273152, 1459876171, 2559281330, 79178279, 53120768, 16225240, 4898091, 19407053, 183749519, 1222538315330490368, 822279295569641472, 1966507722, 2318873274, 3000838099, 2357343270, 310239584, 2978598960, 1310056538, 29959618, 177829660, 252018855, 706820958741356544, 94761188, 64639742, 34245009, 461841349, 3437532637, 75246346, 3212588572, 1169441431510892544, 824922110, 713192172, 169018518, 121777206, 321271735, 67808876, 39240673, 53893339, 18329263, 9325082, 4427972598, 949009192035037184, 136013508, 1225528089586884608, 894057794, 819081072709431296, 193090142, 854827149856915456, 1162732753324036097, 93655345, 251502134, 2611899129, 206255645, 14897792, 1135472480, 2360, 2213018582, 3103057800, 31936449, 16629477, 1209140273730572288, 1669854782, 2169586586, 2990611686, 794874013, 95588504, 538191458, 3397614014, 61853389, 14615871, 78408666, 1281405877, 369505837, 1603381488, 249677516, 44615672, 15647676, 20179628, 110541296, 16616061, 455024343, 818928162449068032, 1615463502, 708072909114318848, 6450322, 15368404, 20436059, 76348185, 73181712, 20437286, 120176950, 153149305, 19658936, 409486555, 30313925, 861976361853964288, 869995492687716354, 4636121783, 14377605, 1141929016443777024, 1141929375639777280, 831600619332968449, 142894598, 609476852, 823885566232109057, 821784477076750338, 1129095209772552192, 1141928177046106114, 172858784, 325830217, 14230524, 2840712124, 2689586348, 4919876231, 1067225619300343808, 1022919016107724801, 66782978, 2451476942, 1121554471, 39234827, 74980737, 58560915, 2211089653, 949490916904980481, 1207970573797560320, 736619280, 427127322, 85087815, 20744078, 1217210375516626944, 181929975, 43745768, 1508564149, 223356206, 117410947, 1216070222526009345, 46266590, 1101415206033358848, 3240703298, 138301135, 27236673, 75469159, 250795544, 53112059, 281448703, 168622809, 408546684, 1102223370056134656, 3227488890, 390590194, 3147232288, 747311991283298310, 1934388686, 4483490474, 104805411, 816731098243796993, 16404141, 1040707121598197760, 964153131159339009, 1314599726, 730465041447714817, 137354343, 106081433, 2303312629, 2588910521, 2337269431, 702535841390833664, 999113831644368896, 1211119987, 339162027, 1089570225895456768, 107352856, 1068903704495980544, 1105766856843919361, 362602304, 2723241253, 299264437, 784755312796499968, 3434754459, 371763490, 1205091693109727233, 1224075981247279104, 426431202, 1069209905528274950, 978192177661665280, 854643559085035520, 77128543, 573437769, 1020712545378807808, 1662391848, 855168510393274368, 951870311619792901, 1187831056487108608, 1111642277078843393, 890127906512535552, 632671915, 258980310, 925128130662080512, 121690511, 52051193, 323755126, 3441906615, 1085167001474088960, 987036964229664770, 1168603019715469312, 985105696495751170, 53005453, 3303256084, 15154811, 2322715397, 831200535831310336, 1177334925126787076, 1565839604, 22674756, 3273383719, 19895282, 44588485, 65659343, 88856792, 122995784, 708128779869167617, 498433307, 849380635244449794, 747857435289870336, 105688052, 933541450708434944, 328953424, 468825843, 1457993809, 405482317, 2340757855, 545312103, 2561821674, 2608304803, 2643978661, 971306693060677637, 350336740, 1898832314, 3000103660, 63264109, 92771013, 260542043, 3219699546, 24761861, 18820559, 1189139081055424512, 4700114665, 7834512, 12043722, 6884, 17186221, 25747857, 17765045, 2376645968, 16641454, 84278658, 7092172, 4470316093, 7278472, 104354476, 18530702, 22595862, 10960022, 15251309, 20145960, 425299993, 171525605, 9930912, 252751061, 20032587, 15815674, 12021112, 941767665592487937, 1217271366015160323, 834049884135256064, 722598957168402433, 3980929527, 626902161, 128259643, 1014633219940016128, 457743272, 1029021035046232064, 838039000090873858, 1090472386313342976, 1208326683163533313, 4845249286, 1034726949174882304, 1053759388077350912, 871464791931486208, 1005154446484103168, 1191157641063620610, 702785870710095872, 4710391092, 718403766228295680, 3455248463, 864560037821370369, 1408593109, 1095077846106718208, 147295417, 810577974, 927108483434143744, 174736228, 778713354835636224, 2966288337, 14208617, 872170152401420288, 6645712, 2494, 142296434, 13398382, 737426291792580608, 743919973576249344, 324, 3187217112, 14067452, 2904757123, 295, 14367669, 15307727, 738803172991373312, 11768582, 185808487, 2529971, 811350, 1081, 41003633, 5520332, 113130846, 3754891, 33846451, 24775410, 817209, 14277276, 168857946, 27814665, 259224579, 213257816, 1005446221283119110, 317751921, 135691326, 739709754147119104, 315024285, 211318951, 2149170848, 2364457196, 855001992539897856, 976481134417620993, 1070626961305821184, 921925179508277248, 2151867999, 16328932, 776923637752279046, 3010300092, 7431072, 20444825, 94009940, 757617135795441664, 3272843636, 2607559610, 730266734695845888, 2818091420, 1080423966643122177, 1073141409169985537, 1078077085, 96675300, 18533219, 200846651, 42326387, 716928455485624320, 1159861885170327552, 1222605711282180097, 3319889120, 470970230, 26616462, 359920994, 782615960, 281031538, 177729631, 2884394676, 321933, 938080704, 3319889788, 2829821241, 1062795311045840896, 617986921, 46300208, 159952752, 794152439196827649, 29575969, 1029272754766401536, 124531889, 958627540402360320, 1199227146, 4558873814, 18927401, 172847337, 22741656, 963213830, 4905728241, 22089863, 2316877309, 966931121912004609, 26710622, 21199534, 244200123, 865627883573714944, 1215207676524859392, 589983379, 2891023693, 1253721834, 561297215, 444927395, 2678236062, 713648564, 2557915058, 19357137, 562817107, 2802558480, 2798470926, 4042631772, 24974525, 468141127, 571070252, 18169240, 345525945, 38226126, 38148704, 951612553045659649, 8814152, 62862144, 37732219, 15563814, 277191527, 18021517, 40156330, 35404273, 335455579, 152663563, 31040699, 954158060951556096, 15209694, 4787663387, 175268768, 339476278, 489729616, 596015523, 19651337, 2524707338, 745193748, 25777812, 52211840, 125486974, 40962194, 187791801, 265035731, 49859711, 196003713, 222293739, 1340800640, 709996059469152256, 16198940, 81717915, 341851496, 1532402708, 912211757363367936, 22203756, 143288784, 1332404732, 1390655238, 209415989, 2938840435, 819744104636502017, 39199129, 92430575, 142865355, 55117013, 95766807, 17668544, 18925120, 64380320, 73106978, 20093679, 83687045, 799911790398373888, 44286651, 66917778, 17125730, 17820762, 46828208, 354031252, 27852920, 53297400, 156088123, 348249083, 741819608, 1159449762, 199980830, 322366497, 383676736, 3306386148, 22315925, 13006932, 25032802, 42311131, 17571208, 10482452, 1924883101, 20203870, 187142024, 26738483, 19274342, 532884988, 2178012643, 5699, 859813640, 4374719908, 14253109, 837672081240240129, 259725229, 6385432, 4026702620, 6843302, 625240671, 2822403403, 966127439783972864, 1078394222, 1121118757471051776, 1097917146708037632, 1140160783042506752, 1103124398674862080, 251014029, 1105640375673217024, 1198527149097062405, 1037577413046071296, 962652324819685377, 250117466, 1122878095663321088, 86336234, 15519544, 376819015, 54712148, 109571377, 22845770, 91409081, 2431984819, 28184452, 11211372, 260380078, 363976433, 14848513, 65707359, 24919888, 23503181, 17217640, 19789439, 17781165, 18396070, 18164420, 28123862, 12044602, 153784150, 186154646, 14173315, 33998183, 15431856, 9624742, 818910970567344128, 14091091, 20060293, 16580226, 46220856, 1115148079, 2325202999, 386915587, 93714983, 766495965662543872, 21436960, 552582271, 65647594, 189253902, 290876018, 50115087, 43166813, 954012250053820416, 1895141923, 1533844754, 1524976560, 1048147146489380864, 3404297319, 1072173097195757571, 475120607, 2321292469, 52985746, 27087967, 32478395, 936289420482940928, 921391835100143617, 2191868058, 2954080201, 513586864, 41685426, 54956563, 2244469219, 2241770443, 866236708680892418, 18058609, 77014927, 1949132852, 27013292, 588586596, 761660682, 53039176, 748226902930919424, 32431468, 380752803, 11856892, 372352861, 2268237248, 517037826, 20680271, 16085557, 21026930, 214390887, 19526874, 219423527, 1461939264, 56625574, 156415523, 17983583, 272033586, 143097590, 140469448, 2244057044, 416122442, 786048557467865088, 189917061, 56969826, 138822469, 250495841, 17004618, 141584822, 570576883, 146360682, 218444761, 1317076194, 41898533, 42043572, 3016185331, 34871228, 154875149, 171655332, 1043525498276589575, 76601783, 87484569, 859363899291742210, 33464913, 44396229, 117102136, 164213375, 60247413, 116366915, 198549041, 41048052, 1244137812, 1951047080, 21014078, 86478153, 40276045, 224180296, 2791137282, 415860281, 46072827, 103770785, 240768575, 47685065, 69766556, 7152572, 948648084, 28114735, 2284802828, 15656642, 19674502, 160588215, 102646919, 141633175, 711694309, 245218929, 30417501, 56627441, 78259714, 374526155, 56312411, 32843303, 83529586, 83531741, 382728892, 1243126304, 22763833, 2222673457, 2584552812, 17544803, 44317593, 757372008, 1401726968, 1657730988, 2183816041, 26792275, 143568410, 60937837, 2611134289, 108568373, 265902729, 471287735, 17939037, 1976143068, 15234407, 811229675758505984, 43337008, 448156267, 2795046874, 21388301, 128870338, 88697946, 277601746, 15694182, 214754135, 130865317, 842793308921479168, 786270478017007616, 1209190327384449024, 368723951, 17954408, 437706739, 1219625904374190081, 819837730268004352, 938096414969815042, 2439381236, 739410563776798721, 709023512028127233, 1035195931287728128, 2990082856, 50101693, 1033336626963984384, 389421314, 3423256159, 3336763481, 4567235352, 1061929410, 2542077248, 993412632433577984, 2244491630, 1610566350, 1044596983283863553, 474728484, 10402052, 956015058437500928, 2878436930, 409184946, 723927355819974656, 888581826159058944, 467549207, 917876458328125440, 1153609082743525376, 745014260087070720, 707047677784154112, 800717187023413248, 1278208004, 3699817697, 733395976174456833, 916760950895673345, 758730045288349696, 2813621463, 778576184619704320, 2386911912, 748961759797489664, 111584424, 49832877, 1007020286313627648, 879342592307208192, 1184893711232225280, 1219347578531303425, 2808560402, 848081553368416256, 165613452, 795563941, 1114198513838100481, 1043866080710660099, 1098924083314610177, 2796965408, 906926615472390144, 1075849594708348928, 1019967103628185601, 1955416556, 1098057713798373377, 69594368, 199098903, 1052364919008452608, 892459898344275969, 3351476237, 2826310025, 2798648761, 301479546, 138217892, 1366697215, 729361535534010373, 102069506, 3064857862, 912755629281783808, 869231, 3271545186, 1070789544247668736, 1015604506850029568, 2428796856, 454543203, 790487000398692352, 1157452762944176128, 825088332170305536, 3731166677, 178602841, 906197357498327040, 44783853, 118690641, 262365030, 941445693331427330, 2535783120, 872145614016065536, 535824889, 802078594700865536, 173911513, 19344270, 636023721, 433822387, 216433308, 71061891, 739857437272989696, 15143478, 30862829, 412240503, 3236148113, 19843630, 15164565, 30233007, 1486993513, 1597067594, 2904169317, 76515242, 1469175829, 3230913152, 1302514100, 26530673, 213028106, 1121610471134629888, 729631950856720384, 1111478275480698880, 1017766609648308225, 1119509341, 1121407886226280449, 956958969410580486, 818951367037329408, 973970962654941184, 1108714967585435648, 1108729094412402688, 3348118414, 21268969, 14578961, 465106926, 14941975, 9609582, 16213139, 704882735815401472, 28827974, 1047705236997980161, 17165516, 2226258106, 3593928495, 897158803728347136, 1089023613888577537, 1214670171043966977, 31059230, 241318160, 284602545, 21258337, 139847909, 44988185, 880615885844520960, 804020936823504897, 2878213147, 4265731, 2195241, 911297187664949248, 901651, 1874221, 5251831, 817268, 756129, 6331462, 785, 22843337, 16120265, 5252591, 652193, 7456262, 22387220, 13418072, 1236101, 46063, 1090141, 19040598, 50090898, 38679388, 33838201, 139876086, 93957809, 15506669, 382267114, 35936474, 3260518932, 3256347019, 1029753005879508992, 2704715387, 2701073637, 1891806212, 101979623, 2303751216, 25598396, 25728193, 6974622, 885953601067208705, 2377958781, 332034625, 789226992713408513, 332481875, 728657108032425984, 325126593, 2898969991, 424619073, 1067290584799432704, 956041561854414848, 694937671936794624, 3355867204, 2440265994, 735448589984530432, 1003049449, 3164778395, 1176852676530696193, 723343346673061888, 782571368923693056, 1284809868, 926555191649775621, 779319488336441345, 297719472, 164353656, 2375288959, 509592521, 2361755294, 706708257, 758921016953319424, 23962312, 282741996, 1489776218, 1513221576, 829369416307445760, 831843883365588992, 3215840109, 38530021, 68987936, 3290364847, 1073530544, 697378877904199680, 1589346236, 611967979, 439281831, 883791028997763072, 1364361198, 580225287, 1229638309, 2469124412, 20971256, 223560830, 71210524, 762924936168108032, 23050415, 64375648, 907905634770804736, 3019975299, 183548902, 998051376, 899691144, 903865201, 65220509, 2331442490, 735411630578753536, 43175820, 17352799, 89421505, 50318478, 15755223, 83987145, 2776091545, 20024805, 874562324165689345, 1728408043, 1263139358, 1552637701, 325328148, 963406521903218688, 817407869503029249, 1217538423919185922, 1213897101622403072, 1222069146868994049, 1141303024918228992, 4913287026, 15789866, 79975924, 182631148, 47865477, 743132167199395841, 16303196, 561115297, 1100253949, 412784003, 111449574, 50852547, 102275867, 722244131871821825, 36840692, 2240074190, 208528305, 23896101, 82022671, 295508085, 171398955, 22448220, 44564878, 59042306, 187756121, 51955762, 41486314, 573570993, 1584648132, 36823, 3148736402, 145389356, 299952256, 21148293, 18351403, 967027984426242053, 382342427, 27444772, 139162440, 267915933, 17688822, 120329535, 7997312, 149249831, 119972954, 2504452635, 23645988, 25387735, 965266179836252161, 2334193741, 13393052, 21786618, 46213956, 239509917, 2922928743, 93069110, 21867341, 69181624, 16129920, 37666984, 14982804, 35773039, 472587261, 39364684, 79923701, 2347049341, 839226269627621376, 24889586, 26607837, 123327472, 15220768, 174110843, 2835276183, 2369800111, 455288410, 25911963, 14247236, 2800581040, 22771961, 357606935, 820354372827758592, 130557513, 16017475, 20094409, 471677441, 26548315, 970207298, 16303106, 15754281, 76837768, 158426909, 244655353, 1917731, 14529929, 39155029, 2293315159, 4091551984, 26657119, 830908366377611266, 14515799, 372536101, 13850422, 14434063, 780206406024691712, 834081571493785600, 125453969, 2233154425, 7855062, 2573480784, 928737074, 24469034, 26024831, 176663378, 3167257102, 38430500, 1654188770, 3775360879, 22677790, 2993230373, 316327930, 259771124, 16689804, 11178902, 2251623492, 57047586, 2329316496, 23504870, 4398626122, 1582853809, 4767021, 859816394556284929, 2217099931, 3356531254, 1068831, 692023, 3511430425, 38267932, 2436389418, 64488804, 1558996520, 289476502, 14171401, 15726728, 25422302, 243418245, 2263437272, 15764644, 1078693601356509184, 733751245, 50055701, 166252256, 26278266, 25036511, 15667802, 17351969, 15170258, 5741722, 6794502, 14975652, 8082302, 5695632, 356885109, 1076276451471585280, 17676664, 91145174, 220934725, 3429950987, 5943622, 86390214, 1091459141397180416, 1086788930626822145, 150732943, 987978757, 72862939, 760345658, 2907774137, 427089628, 1182382878, 729468343, 905158770107568133, 176774540, 851773048973807617, 1282121312, 1308211178, 1450244604, 30973, 71980259, 17930077, 4245547949, 29773, 14260960, 3222372196, 21982720, 3223703118, 11029372, 51191682, 148303071, 308573576, 873235518993170432, 2855255702, 16242081, 46335511, 1280469980, 2932180180, 713263, 1241876857, 1228176728, 46296304, 19599604, 1287172722, 185166944, 7097602, 2254236379, 232096667, 831231680828485636, 1116315871637590018, 740240040819752960, 380574958, 79365337, 121208305, 918843094430306305, 17768938, 39847415, 212409013, 24959102, 25653728, 94220386, 114687669, 1468382580, 154073247, 22389020, 2800678178, 88043188, 206137199, 20180686, 1933657962, 718334741829828608, 23161662, 1324491684, 278963378, 627480742, 39853480, 43503772, 51091369, 1091916487, 2609565155, 15808765, 803694179079458816, 19598173, 523238320, 24741685, 67725628, 24358412, 15076390, 1532061, 42212356, 291814511, 818902892652466176, 1605, 34144956, 74543, 41754227, 2704932312, 2810270363, 13058772, 59423319, 1045737501552328704, 771525061, 817461289081409536, 15856435, 16487333, 9763482, 130496027, 5763262, 757303975, 7744592, 21862217, 2836421, 49698134, 78556910, 14600116, 57172253, 427900496, 13235832, 1005185420, 14344319, 10078, 208214219, 2979430185, 154564224, 430995737, 20088765, 436123276, 37570179, 18812301, 6730222, 1157784678, 17446359, 16810559, 167089528, 913135650, 30686255, 3496641, 2384071, 15828408, 7846, 819800, 3819701, 2893971, 2890961, 10350, 4641021, 989, 5746452, 17826187, 914061, 21457289, 41012588, 6579292, 458619342, 723209522949410816, 885414019, 7745472, 4860187219, 161801527, 47140363, 18818598, 14505546, 858051, 608523926, 58560480, 17503180, 17000457, 20348377, 12, 20402945, 22330739, 1636590253, 15460048, 818876014390603776, 4808861, 20562637, 37281164, 74286565, 98639150, 34713362, 15670515, 20571756, 14130366, 2499289070, 743699428448468992, 20536157, 599689553, 479817065, 25012867, 36640156, 928379143, 173747428, 39379091, 2347864224, 596676458, 4511872939, 457000862, 104408132, 745724168, 68173862, 78711712, 192700218, 17736858, 159124085, 22265542, 62541183, 93045069, 221015976, 17093617, 13787352, 621543, 26832834, 43199901, 8963722, 15110431, 16567705, 29726578, 339886061, 21025173, 277472831, 16632949, 1377360972, 2678043187, 313562350, 2306858246, 3233120746, 91455335, 1518160603, 770371933011636224, 2674622010, 2369373962, 2891489547, 1112771305206624257, 2804198512, 106425006, 47336791, 2710716666, 89421328, 914940936471420928, 637135735, 317248852, 487833518, 3676917916, 26233068, 976538112, 751068588686110720, 249829698, 755733097, 221304470, 1564473734, 1400517288, 450897810, 879834149003177986, 710606442143883265, 842143333, 21938868, 31443503, 18198832, 338728541, 15769734, 24959108, 144266411, 903278642867949568, 932334877, 414885087, 730993974, 2799879038, 209309794, 2720508579, 47671377, 22175924, 59159892, 562188508, 897561241383841798, 855507506600259584, 147933563, 48045265, 187815608, 166071271, 167306586, 183036128, 1880725393, 19402238, 70617159, 97548523, 107599352, 115884789, 182255881, 21075591, 227195141, 710976554445225984, 1062795891701153792, 319619581, 296804016, 14224719, 621533, 6017542, 61183568, 4970411, 612473, 15486485, 16012783, 29979814, 3679067482, 255700135, 17793878, 60656913, 19539716, 17463923, 16958346, 78361556, 832703749374177282, 15463610, 89792222, 2640364825, 22984215, 14050550, 59514202, 61633260, 2271937536, 18926099, 18108582, 2441141750, 751474150414307328, 103652294, 21634600, 72541878, 888903264, 728610482240761856, 2262929829, 1030299975836680192, 472197655, 892559585168543744, 1169154805262094336, 587536673, 11134252, 18753424, 752855778, 732126445, 1358423917, 29151505, 292685667, 32305202, 78507990, 40824600, 274859190, 22711711, 90300296, 27337747, 17180384, 213903671, 23879043, 142957691, 158988243, 166438381, 23041630, 113193393, 2845888230, 1138975893756436481, 547298173, 29103639, 240421228, 16734909, 17364368, 2798873679, 636216638, 703260518820159488, 16491676, 306528990, 188545143, 366173107, 2154127088, 3111733301, 829881163472916481, 2365729350, 80135530, 3294301053, 3152186729, 2165131938, 23995748, 155230346, 174083824, 2293415520, 2639911368, 346400805, 776682573401501696, 613491958, 1155497149, 2660384088, 874210369623011329, 471672239, 321841033, 780554980847517696, 250386727, 1017637447, 246939630, 281713116, 533222314, 262502487, 2865115768, 324703658, 22519146, 29576445, 14942701, 53110793, 282574066, 1401135751, 18774246, 14942684, 931528202, 30440025, 3004231, 92367751, 251496825, 18948541, 21722675, 21447363, 19397785, 48410093, 166739404, 27042513, 133093395, 5392522, 21980908, 561668929, 57586364, 33623859, 479195957, 167009218, 426909329, 86697288, 17837184, 1629864086, 33279328, 331519977, 2291820224, 831420517, 241526858, 1223631457, 1158471103221776384, 798685402932592641, 23096575, 900338636, 601697103, 54641489, 797738947564564480, 1024663103026458624, 344434846, 973299583555194885, 916457738963742720, 544608164, 4035293665, 3074423785, 780399461436645376, 719658320760606720, 932805374, 1693811, 190138220, 3123706408, 87524646, 3318332379, 4083476723, 498542680, 915299296198692864, 2612383488, 1525614408, 14209777, 1544468570, 1417471998, 808348130, 16741660, 983157244266082304, 137139940, 929616944923156480, 214318138, 234309722, 58171977, 482623322, 347197750, 1066344681682948097, 1104172590346625024, 758196097655287808, 1201098713088888833, 867864168472465409, 61506962, 1197186092631498752, 870239770529730560, 71958347, 75727171, 1909061755, 338133524, 17916582, 72056000, 1686967004, 1222877315815890945, 1003096454, 1013242984488370176, 952232993690738688, 867744392223887360, 2863447980, 50360725, 17181848, 48380591, 914915233688358912, 850051394845290496, 68880408, 475090050, 15864446, 347320239, 885553444232278017, 3190922265, 1924484352, 37710752, 17220934, 1177957633, 16971428, 15275361, 14124541, 1135021273, 1010505727, 415507521, 262131093, 306258045, 5676202, 14614615, 18294197, 386616537, 16581604, 776209873029701632, 80111587, 370113964, 21634627, 19734832, 1102019810, 38317061, 142721190, 15586341, 196186298, 569244581, 126012620, 2334405874, 358743576, 823950245335826432, 86626845, 11856422, 1344951, 15485441, 794530386952986624, 873399943, 274233761, 244969675, 56121651, 243801041, 102527566, 112872946, 19717430, 632341632, 17988404, 57325578, 8839632, 16379018, 22650211, 227837742, 49204865, 132684568, 46817943, 69480815, 304026256, 28516576, 26763420, 8287602, 11740902, 108657770, 265515807, 162140326, 763120352033579008, 15855171, 14592008, 318053222, 1119312623701385216, 130885802, 90444968, 2336426619, 1618165723, 990088197060247552, 2980985795, 1050033962771464194, 1104522977205342210, 2878029249, 2713822810, 2539842661, 2795313647, 2886474339, 78703708, 479625194, 898976011, 18243006, 296341919, 2420618906, 54226491, 117160142, 218827276, 47438401, 19019298, 525389875, 29982331, 938520239918137344, 385571408, 320293216, 15749983, 102754598, 14140571, 51305926, 15393700, 547834727, 10880202, 1168560127, 20840908, 21407083, 33103565, 792031079502864384, 217804739, 1224964850, 19120341, 1063793610, 980233284, 270938020, 59745833, 961966447, 744953737593163777, 68435859, 879890568582647808, 780428917039632385, 20510375, 1487816360, 4836230560, 1239292472, 27935002, 77386984, 140107631, 21880115, 317772940, 191594860, 233750901, 30574928, 331018200, 1967513822, 267111795, 606638229, 3119144195, 113440695, 95460562, 887740354992029697, 919221394847817728, 812004702594486272, 953005673184399365, 870481287617708032, 3140532993, 842910236340043776, 90424954, 904139163808792577, 829640525837791232, 1138834518985519104, 897274930693386242, 100211236, 1053088394799046656, 1019422571001991169, 968136835569369088, 889865010767200257, 1528566637, 25950355, 807612702, 866677633697947648, 414932154, 913508684, 45564482, 3854731055, 26993786, 19982434, 44438256, 22708797, 35306978, 346740364, 28160998, 28785486, 3815140222, 26929440, 96843123, 102094857, 413849446, 86129983, 338240032, 824677949924192258, 611701745, 15846407, 149706579, 2665916707, 315057334, 2863744321, 452764596, 1411663369, 2434065128, 857742814746218496, 709865465322070016, 1004730353637101568, 2970239915, 23660476, 1024259122156498944, 836265656991494146, 153031954, 69302673, 64658763, 2927031541, 1168646503533023232, 1976865085, 2592733051, 1045637419998097408, 1041620385022664705, 1080974999865806848, 841609973687762944, 2570829264, 3238492979, 2558019330, 4255658358, 4106204219, 353510815, 89785537, 61731614, 84873971, 148517828, 69231187, 14700316, 1014868411275411457, 17839398, 1016999096220037121, 342181234, 586960773, 779371155308150785, 1024095475, 1153772819702067200, 1176136041234870272, 1063430716527190016, 1148914442802999296, 366723008, 158414847, 25928253, 930063782, 14592723, 991185244865945600, 955238017970724865, 8161232, 17266725, 8318902, 27348403, 3108351, 43855487, 64485190, 4398564194, 3542182633, 76383565, 855668067245867008, 3220364899, 541596589, 4286876898, 849455943893090304, 303480441, 710477381694267394, 1180660069832085504, 1094964511621173248, 3398624303, 1100926826795302913, 2456732700, 710611527380783104, 1186267270378610692, 1343132275, 21410687, 97627968, 965272485188067328, 964516528891875328, 1067078361103720449, 1048522706801631232, 1125138596355280896, 1209154933666263041, 822272850681888769, 1195377299039776768, 962037856502824961, 1168149754238226432, 2261350952, 1368737382, 152719505, 753189526152081408, 811972460560019456, 245654697, 75302402, 1322791476, 2171525126, 223605846, 1633975824, 1069743319633129472, 2253142422, 17248121, 2259895735, 72752506, 3171712086, 24290265, 92943533, 343961846, 22046686, 3132813488, 14361155, 104277809, 1567205899, 2477802067, 164263382, 854906390, 79715929, 2961996837, 578338218, 525812268, 85994676, 436226316, 37869117, 2281389973, 2955928989, 18213483, 17137628, 20596281, 20646711, 16153562, 555189064, 763862778276941824, 968604490617114624, 1372154310, 1004814809530097664, 1109694400064638981, 14119960, 749121746649878528, 1112827899965366272, 46868775, 2909903466, 2297006918, 44835347, 352257708, 1486896836, 185567984, 1101320218381496321, 16680190, 2375269993, 39483227, 555869004, 865409313556135936, 150856088, 2789100114, 1110688136642781184, 372705076, 3269824802, 789327837727559680, 3246807079, 870512132684521473, 83521919, 1285508504, 52581715, 134369482, 8197942, 35466620, 1113341312, 17331252, 132731802, 7587032, 1925846306, 34638569, 459808223, 717231998, 3180039403, 2548912328, 506699019, 153613886, 203087084, 51030211, 359201971, 123287206, 817386, 26572460, 11150432, 1945005367, 1095043654060785665, 718173795010396160, 178588367, 110770052, 717342446506622976, 253085683, 180310067, 407766714, 123596005, 20186316, 36375825, 76332033, 65395081, 3045062759, 887664048275419136, 355796874, 185666045, 972180601783529472, 397306055, 372785223, 761315949458952192, 905836963026137088, 407624682, 4057350831, 992123485609742337, 3910127533, 141947171, 16245822, 41164651, 215067401, 19837528, 1080753187, 39250316, 718832911, 1531871191, 2980236053, 23982979, 27922157, 102234123, 266790217, 2546418373, 4735675768, 352317501, 17292623, 584135240, 937692360, 2165698122, 910483779118145536, 824711162013028352, 15134240, 1679366346, 851565867833806848, 271879584, 831250172457910273, 158842667, 393621632, 2877269376, 446719282, 3101588527, 20972371, 137857547, 113211856, 2361631088, 255784266, 17060015, 15862891, 511402689, 13298072, 19658826, 34743251, 17471979, 19725644, 32372834, 621573, 287568380, 1451773004, 19802879, 28567809, 14647570, 44196397, 6398252, 42744260, 3131144855, 90539918, 70058635, 57718781, 2097571, 20543416, 150230325, 14806738, 19806139, 26403506, 34198028, 34807004, 148891886, 224177450, 380037609, 1247820516, 9235982, 118942188, 1092378031, 128452996, 279534015, 1906839974, 6778812, 15926727, 14862794, 14769030, 896287621, 20104025, 54466388, 318195157, 22205952, 16896485, 3397145895, 15954704, 575702002, 284920800, 23405846, 495780767, 42606652, 20751449, 15492359, 428333, 38647512, 18071358, 29958928, 613357772, 5402612, 36327407, 231033118, 1056850669, 1100927498, 2686834802, 2315464056, 91478624, 256495314, 571878474, 139189823, 2289628938, 68977380, 920488039, 98362607, 1587915768, 3241214268, 423362558, 137780376, 2907739345, 2395668313, 393227168, 417632438, 102594253, 113376489, 138387944, 76141896, 99448420, 71201743, 28082599, 67166472, 143991182, 205242337, 1796057425, 21814628, 71213968, 94015454, 287603080, 20216793, 837212677508247556, 424624761, 258622129, 44302241, 65583398, 49499855, 21744712, 78533257, 171437375, 327862439, 762572743, 19940915, 21128334, 46260680, 89982972, 93818188, 242666205, 253346109, 776994955, 2343047250, 1144124508061622272, 11348282, 405427035, 207809313, 18393773, 94163409, 69914008, 614156493, 100490649, 60023642, 162140136, 50243043, 14087270, 53355887, 19305157, 56020295, 25482776, 928219752, 3971645739, 3184454384, 39488770, 18538525, 36052760, 61609661, 56336341, 52339151, 18210579, 2469605695, 68497896, 54829997, 183230911, 14677919, 14293310, 937499232, 134758540, 2729506932, 15093629, 83212615, 113352671, 43598400, 1139649950, 624462023, 76294950, 51376979, 23592970, 389974129, 70179948, 111615736, 613321095, 87174678, 295026890, 156967233, 1243173036, 40884854, 264034657, 128829414, 27602673, 57947582, 850869517, 57998991, 113278275, 57928790, 97865628, 56631494, 87170183, 195703895, 86254626, 18681139, 101695592, 113419517, 132385468, 409089061, 135421739, 101311381, 31348594, 145125358, 756108545859448832, 1624707968, 3066787711, 2410755840, 1094645942735855618, 2526794479, 2892809359, 145607857, 2982269822, 885487044243238912, 414946220, 34197952, 1153045459, 189035181, 60843563, 828868578, 245687754, 18703027, 235833507, 208155240, 178242844, 947914190, 727904350799015936, 27713877, 18647209, 468646961, 816653, 145010441, 243163874, 1222639789, 15279429, 2735591, 14474586, 42154404, 3044472165, 1059273780, 16282330, 216299334, 29898537, 571202103, 997066037869789185, 455455246, 756306884, 120019718, 1447949844, 17461978, 23083404, 37034483, 75509967, 19929890, 809273, 44932521, 403871494, 793604624779444224, 3767513598, 92771309, 2465582180, 104416438, 850638234962903040, 3167012935, 3221978462, 89856037, 196039332, 19684493, 542824793, 307755781, 18658280, 93766096, 84750011, 47318173, 252833329, 92862419, 20742888, 128440862, 21961243, 18864066, 56304605, 18949452, 736279751036264448, 2442713448, 563541490, 4269829273, 208366291, 994888638579306496, 964622870214336512, 818282957618216960, 14992326, 87792156, 4267109549, 321600342, 27254352, 135861430, 23959340, 799425312, 49978349, 248878361, 38751529, 136249159, 17717614, 22835029, 14159148, 1546101560, 2541363451, 180748385, 786764, 33933259, 6509832, 16465385, 17899109, 30354991, 39743812, 240649814, 248795646, 441636351, 17710740, 41533816, 14499829, 3150940290, 131873356, 18839785, 355989081, 818927131883356161, 24705126, 72539202, 127790650, 130104041, 25966181, 177886974, 251008339, 44425241, 177054316, 104934564, 20962674, 92186819, 1058520120, 247334603, 476256944, 29442313, 216776631, 66379182, 783792992, 435331179, 815733290955112448, 40302336, 942156122, 36686040, 21059255, 29501253, 1055907624, 1330457336, 1339835893, 939091, 476193064, 94129050, 250884927, 232268199, 55338739, 19834403, 1595621418, 3344513709, 796557528477929472, 738202734365659136, 281568444, 384667789, 62164268, 4354484597, 94542631, 3224262413, 712999683459792897, 973623576304775170, 25552666, 67324224, 106895787, 1083504538697502720, 1099536746075742209, 822369716735864833, 752472577738612736, 89739434, 33826388, 122928781, 31869934, 17494010, 1137776145531920384, 361454816, 151233724, 34694724, 139687250, 31453817, 96167680, 16637298, 8820652, 53925101, 14454605, 41634520, 2930513192, 154435961, 23546978, 2495851202, 114936799, 54471254, 3369184812, 260414018, 382685028, 3149875827, 1067966318731759617, 19611483, 73049746, 874585151598022656, 1346439824, 471741741, 756505518420660225, 3069275310, 1227253801, 784705308832694272, 822215673812119553, 318093688, 323494529, 66369181, 481708709, 961051403098537984, 302574863, 1623126110, 1148927324701831169, 178039746, 2994413806, 1624732933, 1104396958851055617, 948631778041851904, 829403994866982912, 1019017882385223682, 357977242, 4786830740, 1265998152, 95064543, 2189234432, 738367164395048960, 730502304, 3263178649, 273730280, 4924202594, 63999908, 168891447, 1118379887096750080, 1637197531, 2688920282, 167936804, 43304756, 597251143, 20609518, 190638538, 5120691, 51241574, 16675569, 16834659, 18965916, 22196776, 514866289, 1195051945, 9609632, 52320140, 34408120, 95091601, 1243059427, 24655308, 39675770, 2400738924, 2768501, 22993014, 76842602, 171802941, 742143, 63362429, 759251, 116975334, 10926872, 156464691, 50393960, 807095, 2467791, 14694538, 19633066, 25073877, 25943008, 130723025, 1652541, 15250661, 25887412, 146765658, 254515782, 533694460, 9609372, 34116377, 1038804547, 70004180, 40134017, 990282415, 349061160, 40778270, 137685594, 1088101231, 23403321, 19952853, 197304422, 305328519, 137263102, 378320177, 137550018, 348179886, 20746400, 3350879735, 748009664038715394, 105492483, 464227881, 340445091, 2300779218, 806266270823878656, 961323682042925056, 4845819852, 26113994, 977951409164386305, 2249073146, 41391485, 1414296806, 2471315234, 473089502, 971549437041487872, 136733323, 835828592, 15168790, 33612317, 5920532, 18487878, 309237802, 250722404, 579099580, 130745589, 355523806, 1113465162860826627, 2905440476, 777170826114269185, 3001629386, 2984509252, 1046201039517634564, 19617105, 460708976, 170689217, 892423399359819776, 858684761988100096, 972651, 14511951, 87818409, 19050000, 70001932, 123980626, 1058137441012396032, 59257007, 2840159344, 32201814, 586, 277501859, 1618403126, 31488315, 39694489, 123582098, 34222024, 46145761, 23708602, 717751129979748353, 4579120117, 12266442, 940801925540450305, 26244629, 122954697, 229182093, 46161991, 60483082, 1470848594, 340440727, 129712915, 63942152, 166852961, 59547205, 2212873400, 1175712741232979968, 1088994211351818240, 2427636078, 1857456229, 2182541744, 954304029005352960, 903437115727466496, 46589669, 870364054044520448, 1092516592804605957, 32302688, 257136625, 854133566942437376, 813286, 161145824, 726712562, 75249298, 222071431, 268433845, 60633599, 82511565, 14913785, 105487826, 146569971, 58371677, 795713918526177284, 3375587531, 208120290, 822215679726100480, 1536791610, 233364902, 725738694389420033, 892049121560940544, 52544275, 822127086194348032, 633980404, 538456752, 835178526093488133, 3974761395, 20922949, 1113782559194984448, 854390510999523329, 124237063, 1150817721430552578, 437893434, 1179626035236634624, 49473208, 1376859043, 115464939, 39348006, 25929743, 1011381774591635457, 50084013, 1580296777, 1073193139760975872, 570953880, 1381916354, 302140136, 520641719, 824317099, 323398396, 1147280003224281089, 496687385, 602893393, 201857425, 33288741, 19290723, 1352028242, 4226790693, 730112125323120640, 5768872]
"statuses_count": 534
"date_followed": "2020-02-16"
"obtained_tweets": 534