"screen_name": "Candice50820858"
"id": 1144445413623238656
"created_at": "2019-06-27 23:20:24"
"lang": "null"
"location": ""
"time_zone": "null"
"url": "null"
"favourites_count": 1
"followers_count": 0
"followerIDs": ["friends_count": 66
"friendIDs": [19248106, 119509520, 32959253, 2367911, 15485441, 19397785, 268439864, 100220864, 35094637, 136361303, 10228272, 28706024, 44409004, 17629860, 1339835893, 15846407, 23375688, 15745368, 18916432, 16409683, 807095, 759251, 822215679726100480, 822215673812119553, 14230524, 818876014390603776, 813286, 25073877, 21447363, 39344374, 3874248515, 39349894, 20322929, 79293791, 52544275, 291547392, 34507480, 568825492, 2316574530, 878247600096509952, 226222147, 4196983835, 357606935, 29307032, 135019364, 18588279, 15764644, 984040635517849600, 432895323, 3063032281, 18236230, 154280902, 286347418, 866953267, 1109968586, 25101996, 200329893, 25365536, 17919972, 138203134, 1852644804, 471672239, 1117786405, 268414482, 56783491, 45709328]
"statuses_count": 3
"date_followed": "2019-06-26"
"obtained_tweets": 3