"screen_name": "charles_mohler"
"id": 956790296469213184
"created_at": "2018-01-26 02:25:57"
"lang": "null"
"location": "Richmond, IN"
"time_zone": "null"
"url": "null"
"favourites_count": 4
"followers_count": 2
"followerIDs": [615927499, 944956496663728128 ]
"friends_count": 73
"friendIDs": [16409683, 268414482, 28706024, 17919972, 44409004, 85603854, 1131589582347231239, 1131591544534904832, 791824667224879104, 923530813974642688, 773627984, 869081240833490944, 1060214325888122882, 1006604437358604288, 887380590, 1138659797463654400, 1031611208, 1566243079, 702872523151507456, 746054130133655553, 1540836968, 1070364272713097216, 2869233601, 906445024979767296, 2170322332, 870898580222918656, 3313083271, 3316309608, 2218092744, 887542204515921920, 889452804342984704, 908497309826256898, 2535916938, 4774317438, 787601384271126528, 759195822, 2438178837, 4592809654, 2901410944, 760352334949986306, 534689636, 4876194623, 718202626953842688, 876984445110292480, 754849683667841024, 4218308531, 771398811747049473, 910491797956255745, 808326302, 924969243099189248, 838030363, 2597651457, 17282706, 1522119884, 1538846600, 946309314196713472, 881729369294741504, 1116075008, 2958165495, 2447944729, 747807802597478400, 54527100, 1277408576, 125751178, 2874134512, 111457922, 705613027576565760, 53831907, 1290756144, 1280455795, 1024095012, 871408189, 44741364]
"statuses_count": 10
"date_followed": "2019-06-26"
"obtained_tweets": 10