"screen_name": "sethmuxe19781"
"id": 1040302483682287617
"created_at": "2018-09-13 14:13:34"
"lang": "null"
"location": "Puebla, México"
"time_zone": "null"
"url": "null"
"favourites_count": 1173
"followers_count": 7
"followerIDs": [1129135069208219648, 291649215, 165173859, 4786177654, 4786294347, 4400584415, 414228191 ]
"friends_count": 104
"friendIDs": [212746249, 70805914, 44409004, 40527958, 24702915, 40949882, 50648847, 107120856, 63495091, 119525084, 72293076, 96628803, 47272257, 42666177, 615396256, 104291460, 93458206, 134885461, 274013072, 202241965, 2948104836, 242014001, 946757605, 79939248, 268361752, 24679473, 15584187, 621212626, 9161692, 24944842, 520195242, 944395644, 1631386172, 2601992372, 1851817183, 2608881811, 346607573, 2594027594, 1722527162, 3223408726, 1090611851665305600, 1087007176395247618, 92670884, 22952132, 1104440119941980160, 203117525, 1114313500203962373, 64477046, 109019058, 862756093, 1080899775837413376, 263434572, 2369551038, 1090688999109414918, 1087426299042373634, 1079160015565582336, 255218964, 1086579247085441024, 243366413, 113406148, 115124662, 263961164, 1080655739868401664, 531474645, 787182020728348672, 927422100008308736, 1081721146763104257, 36483808, 86119466, 29749448, 85788068, 42916821, 2906712160, 1036691388656766976, 1439753732, 47199383, 352878621, 128688147, 779000216, 316056115, 507496204, 444806704, 99179120, 1089992040191086594, 227510765, 970052658944880640, 1096853910952787969, 141757341, 902022714277322752, 784564637572468736, 154101116, 82119937, 133378387, 113447726, 64885147, 236602067, 84593007, 81907565, 80967921, 2717971453, 314303101, 62100113, 167572318, 102729125]
"statuses_count": 177
"date_followed": "2019-06-26"
"obtained_tweets": 173