"screen_name": "ClaroucCloclo"
"id": 3181118361
"created_at": "2015-04-18 18:53:20"
"lang": "null"
"location": ""
"time_zone": "null"
"url": "null"
"favourites_count": 44
"followers_count": 10
"followerIDs": [1221672144054235137, 1198531536951242752, 896422622493380608, 3697486343, 622499281, 2285324743, 2957313352, 741388625489825792, 179864166, 4701611355 ]
"friends_count": 673
"friendIDs": [109675424, 605606984, 524053490, 246900303, 17559021, 718739026, 406555546, 2577905935, 250451367, 4464513255, 1029691254, 10401302, 3362542709, 23949642, 3148541669, 700422827774574592, 3388736091, 3490302388, 700448173064638465, 351275391, 2824509940, 3121458148, 4842975460, 4183629100, 700468025628045312, 1230607585, 1263470684, 2891273306, 190946975, 1069508342, 158178257, 2458950776, 267050031, 1413142123, 796950661, 4275198019, 4918556240, 3182046576, 3266489682, 700526376768516097, 700528419537162240, 4924922863, 2559377195, 1079070492, 4916923366, 4549238428, 347656117, 721397754, 2944819799, 2252608003, 4924553796, 478213114, 945357758, 2839250074, 267678446, 700589238530670592, 4163243560, 17564515, 2887696248, 3422410078, 3024928221, 2722499970, 179864166, 4883693615, 2786270532, 2710496702, 2935918395, 4889565700, 698846169150017537, 4878409899, 379245232, 3047228781, 3286729170, 4429924453, 4830765435, 121571036, 1272021080, 700733214751592448, 4825913441, 4548903796, 449207868, 700740668885307392, 172519275, 1054094623, 3277072951, 3316315232, 2764070983, 1322163794, 779999587, 498863151, 576725177, 700580662, 3009465662, 1483392307, 562885436, 14066682, 150324216, 4753395273, 3823397555, 1377499706, 324958958, 319651940, 3734964819, 429509668, 21236926, 470517602, 160464046, 1447440926, 20722152, 2864220712, 1007813216, 784229858, 1043869177, 1319298510, 2803626456, 143569601, 1245011419, 609235893, 2616312884, 944965501, 3619119498, 228214924, 1191259590, 20801425, 1307836716, 2356181966, 167630102, 700769289306054656, 37076167, 2217006271, 308919187, 700464212317876224, 1652295668, 355377345, 545488853, 2732697407, 440973064, 3292734845, 40349273, 501178929, 3023271004, 2774447847, 593735300, 2467450842, 68073109, 602969129, 63945825, 731273648, 3080310357, 1587174560, 91480304, 2275119817, 306421646, 1739356939, 2474240571, 2944377265, 2707110210, 2192821033, 3312300602, 607754966, 105147481, 1641271028, 559817476, 3285023736, 1023187548, 174819760, 3236626848, 823769018, 1645527344, 3556641733, 197805891, 433440273, 2513005495, 4606152256, 4710944602, 494359394, 2874138368, 4398252857, 1299265850, 1892082475, 2799324674, 133062685, 2942340517, 700387366549254144, 2696701147, 2415292105, 350450193, 129889412, 3070876490, 2374881510, 994783604, 1679382314, 4920061721, 4099859175, 210181164, 700892323752910849, 4894727242, 535879824, 700901103072894976, 3382393455, 2565887697, 700912716144193537, 700804896950341632, 379023456, 175701223, 3187248656, 4871175565, 445304915, 700941016266833921, 2834536585, 1887807932, 1373216322, 1635812780, 2357831390, 434123273, 2957754008, 36955285, 700964529820274688, 2488880750, 4708118296, 371750407, 246381396, 18239738, 3184945234, 4815616529, 2940303977, 2660965685, 19650080, 148861400, 701020191321419776, 3926073016, 4245450689, 2451803954, 3400608430, 550346386, 4382359222, 700783778965291008, 102173138, 316193796, 202204068, 2344257952, 176857627, 1894030086, 4782623480, 243343534, 3050424915, 1185037250, 343738541, 76252809, 701081532157526016, 576458034, 701037273987555328, 1220339516, 493361048, 272988599, 701099967801327619, 266468489, 263433881, 700482084813590529, 701113325791346689, 2265315220, 3406202537, 357799608, 3372925649, 2827596403, 77696120, 3124539963, 486953808, 1566999390, 2774578748, 1699841414, 1066494991, 2957313352, 124878404, 701163769716604928, 412481656, 3098733606, 4896562215, 1338306260, 622499281, 3417462939, 4607253896, 2941199608, 3343336192, 2938902107, 3219836438, 700697568624377857, 4836365464, 2357187648, 701176190111862784, 2355346069, 4776121992, 73929112, 2364776118, 2847509776, 212343741, 2172784958, 2730018970, 871136899, 179289568, 2862825448, 335333641, 554356214, 3409372751, 1198118940, 3418978466, 506369009, 2299140228, 2172353582, 3112087673, 1363020522, 4730153055, 701150820935421952, 2655565912, 1202218328, 1450061882, 89256993, 40209223, 906567816, 701252212215799808, 4868173745, 701251506809470976, 2359746344, 701267659279609857, 701272191325880320, 2911683777, 93870980, 1072979978, 3288995973, 622588778, 2227850080, 701266035505147904, 617720923, 3433350198, 3646178781, 4850514231, 4804892067, 187454899, 3031933407, 457883898, 4699519692, 211548135, 484447105, 2840642825, 700887772740063232, 4884968170, 2776507611, 2285324743, 49619200, 701350079831998465, 1357029654, 218042485, 3309161578, 3304224081, 3074233708, 162180988, 2891919621, 2350803625, 3405590999, 3404935732, 1494801, 2381486756, 2833082638, 4857545384, 544420279, 2497658918, 14826762, 608123355, 3300568685, 3989663729, 160215080, 3235991503, 701435402519867394, 2664173337, 1707502172, 4776013933, 1419164654, 701460335467827202, 265683707, 107311657, 780255290, 701478675645071360, 699077832916529152, 4918744646, 2713242872, 2388745747, 221339443, 621348607, 701480677213134848, 135648879, 199873923, 1082792478, 556540667, 382775936, 2411992028, 701507311240683521, 4033854381, 903640760, 429162585, 191246513, 3162560442, 1157966196, 492328152, 277985138, 3825150021, 700850039787106304, 308535890, 3679721355, 4913333412, 2330852605, 3142092935, 883479032, 3931885819, 175575347, 4857935765, 3002304669, 1385029627, 2387620052, 701606049137078272, 2256900110, 64653453, 2677901871, 3588981913, 701639768270974976, 2350417249, 2783444863, 207395328, 2588012309, 143142203, 2732916975, 2862721076, 1197009038, 700790471912722433, 701032815215800320, 4442588653, 232420820, 3402542421, 2830182110, 943604377, 3427903752, 4572549873, 701710804425564161, 436437857, 1662854082, 2641255507, 2915140160, 2210777864, 435054884, 1558684495, 96472844, 4019776036, 259414025, 4917141134, 1329431557, 140592400, 4024115542, 3133284402, 2342640612, 701803864757030913, 2569077374, 1325039372, 2766068691, 483535251, 233927509, 701831367517036544, 977515087, 2176074101, 540255803, 302090831, 1876044205, 3253226513, 2247885475, 560088144, 701741384190054402, 330099352, 105645007, 2906819090, 1013703480, 700744535933112320, 4864446081, 3062346648, 1376048185, 4916342715, 701873559044538369, 4661966896, 2544470689, 701880459886780418, 4251654538, 951122936, 3157547334, 96825381, 827565522, 2802171293, 1285989193, 701890697360756736, 701896854523478016, 2406675129, 3412095886, 242461620, 122540161, 560795613, 617615153, 394321146, 46991085, 1337796924, 701926846137548800, 2862807807, 157183126, 4770358336, 186059004, 389160047, 439275872, 701966185739505664, 4752394890, 1641948018, 701974433636941825, 3171233870, 4806774154, 4676042905, 528015854, 701989427699126272, 3087857446, 702020821246554112, 3354163600, 701348787059499008, 2458477602, 205357763, 1512583579, 345839514, 4874325273, 702057226433912832, 3026380641, 2757083623, 257507910, 3290568759, 495965723, 4701611355, 4775704032, 1978002445, 840469261, 4835338653, 147144884, 702093889453174784, 22475814, 702095045202223104, 540241380, 391485640, 702108085037432832, 396105048, 702108171150696448, 2792189879, 943527180, 842474797, 2740372462, 702122467679215620, 1381898762, 697329582765142016, 3150366509, 980072491, 546279913, 900891396, 127165747, 2895466584, 3382223825, 379282514, 2814105009, 17710790, 122521189, 465650175, 8444032, 2902952572, 16008302, 702183084024864769, 3089608216, 702189776846237696, 471948287, 882233810, 343928610, 3069994478, 19484729, 321704450, 1856018682, 43605250, 3343481008, 3522466872, 702227208891404290, 330037247, 799008908, 297028100, 2165628382, 1623746888, 1641618499, 383645333, 3633569841, 702192736183517184, 4879203443, 3242742741, 3305969925, 3124015935, 702262911696314373, 701697321084407809, 702260320090218496, 700772009660133376, 701979381036519426, 157429176, 2567990565, 454882844, 702277937920405506, 702261696660901888, 419098523, 1636593739, 486671594, 702296683451957248, 702250414297714689, 702274782222491649, 25382356, 747451902, 2942890233, 29052663, 1872580081, 257104147, 623419206, 2417769338, 3219587183, 3625090995, 4500121821, 4867420733, 1206402763, 913170744, 3300836792, 139000038, 2399116629, 4393280368, 186604631, 225565552, 2247445303, 2315956578, 2742090755, 321650314, 2485928233, 290759401, 702432433506021377, 236288422, 469086158, 273530804, 921261835, 700573785234219008, 969167827, 2691022381, 34221552, 4276943417, 3852403101, 459532759, 39950148, 3289916758, 532683332, 3582321136, 109609656, 3639103520, 233904128, 862973899, 3318503969, 2834722312, 782654239, 702502479628537856, 701826001656012801, 3697486343, 4755221303, 702090185035526145, 38835105, 401084567, 1387679174, 550155361]
"statuses_count": 1
"date_followed": "2020-02-16"
"obtained_tweets": 1