	Nounnno	styleofthesix	AHKru	shawnaoh_	RyersonU	Simon_Pella	RowanMMolloy	MacSweeneyG	SallySan_x	ATMXO_	
abroad	0.0	0.0	0.0	0.0	0.017384096571678456	0.0	0.0	0.0	0.0	0.0	
abt	0.0	0.0	0.0	0.15656335997726192	0.0	0.0	0.0	0.0	0.0	0.017993058568447896	
abuzz	0.0	0.0	0.0	0.0	0.017384096571678456	0.0	0.0	0.0	0.0	0.0	
academics	0.0	0.0	0.0	0.0	0.017384096571678456	0.0	0.0	0.0	0.0	0.0	
accept	0.0	0.0	0.0	0.0	0.0	0.0	0.07083470029648137	0.0	0.0	0.0	
accident	0.0	0.0	0.0	0.0	0.0	0.0	0.0	0.0	0.0	0.025742247101920013	
achievement	0.0	0.0	0.0	0.0	0.017384096571678456	0.0	0.0	0.0	0.0	0.0	
action	0.0	0.0	0.0	0.0	0.05215228971503537	0.0	0.0	0.0	0.0	0.0	
actranat	0.0	0.0	0.0	0.0	0.017384096571678456	0.0	0.0	0.0	0.0	0.0	
add	0.0	0.0	0.0	0.0	0.017384096571678456	0.0	0.0	0.0	0.0	0.0	
address	0.0	0.0	0.0	0.0	0.017384096571678456	0.0	0.0	0.0	0.0	0.0	
advise	0.0	0.0	0.0	0.0	0.03476819314335691	0.0	0.0	0.0	0.0	0.0	
afraid	0.0	0.0	0.0	0.0	0.017384096571678456	0.0	0.0	0.0	0.0	0.0	
afterthought	0.0	0.0	0.0	0.0	0.017384096571678456	0.0	0.0	0.0	0.0	0.0	
age	0.0	0.0	0.0	0.0	0.017384096571678456	0.0	0.0	0.0	0.0	0.0	
ago	0.0	0.0	0.0	0.0	0.0	0.0903849586444424	0.0	0.0	0.0	0.05397917570534369	
ahead	0.0	0.0	0.0	0.0	0.017384096571678456	0.0	0.0	0.0	0.0	0.0	
ahhhhhhhh	0.0	0.0	0.0	0.0	0.0	0.0	0.0	0.0	0.0	0.025742247101920013	
al	0.0	0.0	0.0	0.0	0.0	0.0	0.0	0.07458281817882327	0.0	0.0	
albion	0.0	0.0	0.0	0.0	0.0	0.0	0.0	0.0	0.0	0.025742247101920013	
alert	0.0	0.0	0.0	0.0	0.0	0.0	0.0	0.0	0.0	0.025742247101920013	
alexboutilier	0.0	0.0	0.0	0.0	0.0	0.0	0.0	0.07458281817882327	0.0	0.0	
alexncotrufo	0.0	0.0	0.0	0.0	0.017384096571678456	0.0	0.0	0.0	0.0	0.0	
allowed	0.0	0.0	0.0	0.0	0.0	0.0	0.0	0.0	0.0	0.025742247101920013	
alumni	0.0	0.0	0.0	0.0	0.03476819314335691	0.0	0.0	0.0	0.0	0.0	
alyssapersaud	0.0	0.0	0.0	0.0	0.0	0.0	0.0	0.0	0.0	0.07722674130576004	
amazing	0.0	0.0	0.0	0.0	0.024301924112167715	0.0	0.0	0.0	0.0	0.03598611713689579	
amber	0.0	0.0	0.0	0.0	0.0	0.0	0.0	0.0	0.0	0.025742247101920013	
amendment	0.0	0.0	0.0	0.0	0.0	0.0	0.0	0.07458281817882327	0.0	0.0	
animal	0.0	0.0	0.0	0.0	0.0	0.0	0.0	0.0	0.0	0.025742247101920013	
ann	0.0	0.0	0.0	0.0	0.017384096571678456	0.0	0.0	0.0	0.0	0.0	
annual	0.0	0.0	0.0	0.0	0.017384096571678456	0.0	0.0	0.0	0.0	0.0	
answer	0.0	0.0	0.0	0.0	0.0	0.0	0.0	0.07458281817882327	0.0	0.0	
anxiety	0.0	0.0	0.0	0.0	0.017384096571678456	0.0	0.0	0.0	0.0	0.0	
anytime	0.0	0.0	0.0	0.0	0.0	0.0	0.0	0.0	0.0	0.025742247101920013	
app	0.0	0.0	0.0	0.0	0.0	0.0	0.0	0.0	0.0	0.05148449420384003	
appelt	0.0	0.0	0.0	0.0	0.017384096571678456	0.0	0.0	0.0	0.0	0.0	
application	0.0	0.0	0.0	0.0	0.0	0.0	0.07083470029648137	0.0	0.0	0.0	
applications	0.0	0.0	0.0	0.0	0.017384096571678456	0.0	0.0	0.0	0.0	0.0	
appointment	0.0	0.0	0.0	0.0	0.017384096571678456	0.0	0.0	0.0	0.0	0.0	
april	0.0	0.0	0.0	0.0	0.017384096571678456	0.0	0.0	0.0	0.0	0.0	
area	0.0	0.0	0.0	0.0	0.0	0.0	0.0	0.0	0.0	0.05148449420384003	
aries	0.0	0.0	0.0	0.0	0.0	0.0	0.0	0.0	0.0	0.3346492123249602	
arlain	0.0	0.0	0.0	0.0	0.017384096571678456	0.0	0.0	0.0	0.0	0.0	
art	0.0	0.0	0.0	0.0	0.0	0.0903849586444424	0.0	0.0	0.0	0.017993058568447896	
artmblake	0.0	0.0	0.0	0.0	0.017384096571678456	0.0	0.0	0.0	0.0	0.0	
asap	0.0	0.0	0.0	0.0	0.0	0.0	0.0	0.0	0.0	0.05148449420384003	
asked	0.0	0.0	0.0	0.0	0.0	0.0	0.0	0.07458281817882327	0.0	0.0	
assignments	0.0	0.0	0.0	0.0	0.0	0.0	0.0	0.0	0.12928063499035317	0.0	
assisted	0.0	0.0	0.0	0.0	0.0	0.0	0.0	0.07458281817882327	0.0	0.0	
assured	0.0	0.0	0.0	0.0	0.017384096571678456	0.0	0.0	0.0	0.0	0.0	
ate	0.0	0.0	0.0	0.0	0.0	0.0	0.0	0.0	0.0	0.025742247101920013	
attend	0.0	0.0	0.0	0.0	0.017384096571678456	0.0	0.0	0.0	0.0	0.0	
attention	0.0	0.0	0.0	0.0	0.0	0.0	0.0	0.0	0.0	0.025742247101920013	
automatically	0.0	0.0	0.0	0.0	0.0	0.0	0.0	0.0	0.0	0.05148449420384003	
award	0.0	0.0	0.0	0.0	0.191225062288463	0.0	0.0	0.0	0.0	0.0	
awards	0.0	0.0	0.0	0.0	0.06953638628671382	0.0	0.0	0.0	0.0	0.0	
awesome	0.0	0.0	0.0	0.0	0.017384096571678456	0.0	0.0	0.0	0.0	0.0	
awkward	0.0	0.0	0.0	0.0	0.0	0.0	0.0	0.0	0.0	0.025742247101920013	
awudrick	0.0	0.0	0.0	0.0	0.0	0.0	0.0	0.22374845453646985	0.0	0.0	
ay	0.0	0.0	0.0	0.0	0.0	0.0	0.0	0.0	0.0	0.05148449420384003	
ayo	0.0	0.0	0.0	0.0	0.0	0.0	0.0	0.0	0.0	0.025742247101920013	
ayymolina	0.0	0.0	0.0	0.0	0.017384096571678456	0.0	0.0	0.0	0.0	0.0	
baby	0.0	0.0	0.0	0.0	0.0	0.0	0.0	0.0	0.09036328599977039	0.08996529284223947	
backed	0.0	0.0	0.0	0.0	0.0	0.0	0.0	0.0	0.0	0.025742247101920013	
backs	0.0	0.0	0.0	0.0	0.0	0.0	0.0	0.0	0.0	0.025742247101920013	
bad	0.0	0.0	0.0	0.0	0.012150962056083858	0.0	0.0	0.0	0.0	0.017993058568447896	
banner	0.0	0.0	0.0	0.0	0.03476819314335691	0.0	0.0	0.0	0.0	0.0	
barbara	0.0	0.0	0.0	0.0	0.017384096571678456	0.0	0.0	0.0	0.0	0.0	
basics	0.0	0.0	0.0	0.0	0.0	0.0	0.07083470029648137	0.0	0.0	0.0	
basketball	0.0	0.0	0.0	0.0	0.1216886760017492	0.0	0.0	0.0	0.0	0.0	
baybeehmiina	0.0	0.0	0.0	0.0	0.0	0.0	0.0	0.0	0.0	0.10296898840768005	
bball	0.0	0.0	0.0	0.0	0.017384096571678456	0.0	0.0	0.0	0.0	0.0	
bbd	0.0	0.0	0.0	0.0	0.0	0.0	0.0	0.07458281817882327	0.0	0.0	
bbg	0.0	0.0	0.0	0.0	0.0	0.0	0.0	0.0	0.0	0.025742247101920013	
bc	0.0	0.0	0.0	0.0	0.0	0.0	0.0	0.1042623054916892	0.0	0.07197223427379158	
bday	0.0	0.0	0.0	0.0	0.0	0.0	0.0	0.0	0.0	0.025742247101920013	
beat	0.0	0.0	0.0	0.0	0.012150962056083858	0.0	0.0	0.0521311527458446	0.0	0.0	
beautiful	0.0	0.0	0.0	0.0	0.0	0.0903849586444424	0.0	0.0	0.0	0.017993058568447896	
becool	0.0	0.0	0.0	0.0	0.0	0.0	0.07083470029648137	0.0	0.0	0.0	
bed	0.0	0.0	0.0	0.0	0.0	0.0	0.0	0.0	0.0	0.05148449420384003	
beetle	0.0	0.0	0.0	0.0	0.03476819314335691	0.0	0.0	0.0	0.0	0.0	
best	0.0	0.0	0.0	0.0	0.012150962056083858	0.0	0.0	0.0	0.0	0.03598611713689579	
beyondmycamera	0.0	0.0	0.0	0.0	0.017384096571678456	0.0	0.0	0.0	0.0	0.0	
bianxg	0.0	0.0	0.0	0.0	0.017384096571678456	0.0	0.0	0.0	0.0	0.0	
big	0.0	0.0	0.0	0.0	0.017384096571678456	0.0	0.0	0.0	0.0	0.0	
bill	0.0	0.0	0.0	0.0	0.0	0.12931164153503685	0.0	0.0	0.0	0.0	
biologyday	0.0	0.0	0.0	0.0	0.017384096571678456	0.0	0.0	0.0	0.0	0.0	
birds	0.0	0.0	0.0	0.0	0.0	0.12931164153503685	0.0	0.0	0.0	0.0	
birthday	0.0	0.0	0.0	0.0	0.0	0.0	0.0	0.0	0.0	0.025742247101920013	
birthdays	0.0	0.0	0.0	0.0	0.0	0.0	0.0	0.0	0.0	0.025742247101920013	
bismillah	0.3770133523236564	0.0	0.0	0.0	0.0	0.0	0.0	0.0	0.0	0.0	
bit	0.0	0.0	0.0	0.0	0.0	0.0	0.0	0.0	0.0	0.025742247101920013	
bitch	0.0	0.0	0.0	0.0	0.0	0.0	0.0	0.0	0.0	0.025742247101920013	
black	0.0	0.0	0.0	0.0	0.012150962056083858	0.0	0.0	0.0521311527458446	0.0	0.0	
blame	0.0	0.0	0.0	0.0	0.0	0.0	0.0	0.14916563635764654	0.0	0.0	
blast	0.0	0.0	0.0	0.0	0.0	0.0	0.0	0.07458281817882327	0.0	0.0	
blitz	0.0	0.0	0.0	0.0	0.017384096571678456	0.0	0.0	0.0	0.0	0.0	
blog	0.0	0.2801760305519763	0.0	0.0	0.0	0.0	0.0	0.0	0.0	0.0	
blue	0.0	0.0	0.0	0.0	0.024301924112167715	0.0	0.0	0.0	0.09036328599977039	0.0	
blunt	0.0	0.0	0.0	0.0	0.0	0.0	0.0	0.0	0.0	0.025742247101920013	
body	0.0	0.0	0.0	0.0	0.0	0.0	0.0	0.0	0.0	0.025742247101920013	
boneleslies	0.0	0.0	0.0	0.0	0.017384096571678456	0.0	0.0	0.0	0.0	0.0	
boogers	0.0	0.0	0.0	0.0	0.0	0.0	0.0	0.0	0.0	0.025742247101920013	
bothered	0.0	0.0	0.0	0.0	0.0	0.0	0.0	0.0	0.12928063499035317	0.0	
bout	0.0	0.0	0.0	0.0	0.0	0.0	0.0	0.0	0.0	0.025742247101920013	
box	0.0	0.0	0.0	0.0	0.0	0.0	0.0	0.0	0.0	0.025742247101920013	
boy	0.0	0.0	0.0	0.0	0.0	0.0	0.0	0.0	0.0	0.025742247101920013	
boys	0.0	0.0	0.0	0.22399152897267474	0.0	0.0	0.0	0.0	0.0	0.0	
break	0.0	0.0	0.0	0.15656335997726192	0.012150962056083858	0.0	0.0	0.0	0.0	0.0	
breathtaking	0.0	0.0	0.0	0.0	0.017384096571678456	0.0	0.0	0.0	0.0	0.0	
bring	0.0	0.0	0.0	0.0	0.017384096571678456	0.0	0.0	0.0	0.0	0.0	
brookfieldiie	0.0	0.0	0.0	0.0	0.017384096571678456	0.0	0.0	0.0	0.0	0.0	
brought	0.0	0.0	0.0	0.0	0.017384096571678456	0.0	0.0	0.0	0.0	0.0	
brow	0.0	0.0	0.2040112650985448	0.0	0.0	0.0	0.0	0.0	0.0	0.0	
browgoals	0.0	0.0	0.2040112650985448	0.0	0.0	0.0	0.0	0.0	0.0	0.0	
brown	0.0	0.0	0.0	0.0	0.017384096571678456	0.0	0.0	0.0	0.0	0.0	
bubble	0.0	0.0	0.0	0.0	0.0	0.0	0.0	0.0	0.0	0.025742247101920013	
bubbling	0.0	0.0	0.0	0.0	0.0	0.0	0.0	0.0	0.0	0.025742247101920013	
buildings	0.0	0.0	0.0	0.0	0.017384096571678456	0.0	0.0	0.0	0.0	0.0	
bunny	0.0	0.0	0.0	0.0	0.0	0.0	0.0	0.0	0.12928063499035317	0.0	
bursary	0.0	0.0	0.0	0.0	0.017384096571678456	0.0	0.0	0.0	0.0	0.0	
burtynsky	0.0	0.0	0.0	0.0	0.017384096571678456	0.0	0.0	0.0	0.0	0.0	
bus	0.0	0.0	0.0	0.0	0.0	0.0	0.0	0.0	0.0	0.025742247101920013	
byeeeee	0.0	0.0	0.0	0.0	0.0	0.0	0.0	0.0	0.0	0.025742247101920013	
cafe	0.0	0.0	0.0	0.0	0.017384096571678456	0.0	0.0	0.0	0.0	0.0	
campus	0.0	0.0	0.0	0.0	0.20860915886014147	0.0	0.0	0.0	0.0	0.0	
canada	0.0	0.0	0.14259775485052653	0.0	0.024301924112167715	0.0	0.0	0.0	0.0	0.0	
canadas	0.0	0.0	0.0	0.0	0.017384096571678456	0.0	0.0	0.0	0.0	0.0	
capital	0.0	0.0	0.0	0.0	0.0	0.0	0.0	0.07458281817882327	0.0	0.0	
captainamericacivilwar	0.0	0.0	0.2040112650985448	0.0	0.0	0.0	0.0	0.0	0.0	0.0	
car	0.0	0.0	0.0	0.0	0.0	0.0	0.0	0.0	0.0	0.025742247101920013	
card	0.0	0.0	0.0	0.0	0.024301924112167715	0.0	0.0	0.0	0.0	0.017993058568447896	
cardio	0.0	0.0	0.0	0.0	0.0	0.0	0.0	0.0	0.0	0.025742247101920013	
carlosudarbe	0.0	0.0	0.0	0.0	0.017384096571678456	0.0	0.0	0.0	0.0	0.0	
carmennirvana	0.0	0.0	0.0	0.0	0.0	0.0	0.0	0.0	0.0	0.10296898840768005	
carpet	0.0	0.0	0.0	0.0	0.017384096571678456	0.0	0.0	0.0	0.0	0.0	
carrying	0.0	0.0	0.0	0.0	0.0	0.0	0.0	0.0	0.0	0.025742247101920013	
catch	0.0	0.0	0.0	0.0	0.05215228971503537	0.0	0.0	0.0	0.0	0.0	
catmackinnon	0.0	0.0	0.0	0.0	0.017384096571678456	0.0	0.0	0.0	0.0	0.0	
cbc	0.0	0.0	0.0	0.0	0.017384096571678456	0.0	0.0	0.0	0.0	0.0	
celebrate	0.0	0.0	0.0	0.0	0.08692048285839227	0.0	0.0	0.0	0.0	0.0	
celebrating	0.0	0.0	0.0	0.0	0.017384096571678456	0.0	0.0	0.0	0.0	0.0	
central	0.0	0.0	0.0	0.0	0.017384096571678456	0.0	0.0	0.0	0.0	0.0	
centre	0.0	0.0	0.0	0.0	0.012150962056083858	0.0	0.0	0.0	0.09036328599977039	0.0	
ceo	0.0	0.0	0.0	0.0	0.03476819314335691	0.0	0.0	0.0	0.0	0.0	
ceremony	0.0	0.0	0.0	0.0	0.03476819314335691	0.0	0.0	0.0	0.0	0.0	
challenge	0.0	0.0	0.0	0.0	0.03476819314335691	0.0	0.0	0.0	0.0	0.0	
championing	0.0	0.0	0.0	0.0	0.017384096571678456	0.0	0.0	0.0	0.0	0.0	
championship	0.0	0.0	0.0	0.0	0.017384096571678456	0.0	0.0	0.0	0.0	0.0	
championships	0.0	0.0	0.0	0.0	0.03476819314335691	0.0	0.0	0.0	0.0	0.0	
chance	0.0	0.0	0.0	0.0	0.017384096571678456	0.0	0.0	0.0	0.0	0.0	
chances	0.0	0.0	0.0	0.0	0.012150962056083858	0.0	0.0	0.0	0.0	0.017993058568447896	
change	0.0	0.0	0.0	0.0	0.012150962056083858	0.0	0.0	0.0521311527458446	0.0	0.0	
changes	0.0	0.0	0.0	0.0	0.0	0.0	0.0	0.0	0.0	0.025742247101920013	
character	0.0	0.0	0.0	0.0	0.0	0.0	0.0	0.0	0.0	0.025742247101920013	
charged	0.0	0.0	0.0	0.0	0.017384096571678456	0.0	0.0	0.0	0.0	0.0	
check	0.0	0.1464980913126429	0.0	0.0	0.05453864761938869	0.0	0.0	0.0	0.0	0.04038022159604503	
checks	0.0	0.0	0.0	0.0	0.0	0.12931164153503685	0.0	0.0	0.0	0.0	
child	0.0	0.0	0.0	0.0	0.017384096571678456	0.0	0.0	0.0	0.0	0.0	
children	0.0	0.0	0.0	0.0	0.017384096571678456	0.0	0.0	0.0	0.0	0.0	
chloe	0.0	0.0	0.0	0.0	0.017384096571678456	0.0	0.0	0.0	0.0	0.0	
chooseand	0.0	0.0	0.0	0.0	0.0	0.0	0.07083470029648137	0.0	0.0	0.0	
christian	0.0	0.0	0.0	0.0	0.0	0.0	0.0	0.0	0.0	0.025742247101920013	
ciara	0.0	0.0	0.0	0.0	0.0	0.12931164153503685	0.0	0.0	0.0	0.0	
cis	0.0	0.0	0.0	0.0	0.06953638628671382	0.0	0.0	0.0	0.0	0.0	
cisbball	0.0	0.0	0.0	0.0	0.03476819314335691	0.0	0.0	0.0	0.0	0.0	
city	0.0	0.0	0.0	0.0	0.027269323809694344	0.0	0.0	0.03899777038881467	0.06759809621280116	0.0	
citybuilding	0.0	0.0	0.0	0.0	0.017384096571678456	0.0	0.0	0.0	0.0	0.0	
cityhall	0.0	0.0	0.0	0.0	0.03476819314335691	0.0	0.0	0.0	0.0	0.0	
clarke	0.0	0.0	0.0	0.0	0.017384096571678456	0.0	0.0	0.0	0.0	0.0	
class	0.0	0.0	0.0	0.0	0.0	0.0	0.0	0.0	0.25856126998070633	0.0	
clean	0.0	0.0	0.0	0.0	0.0	0.0	0.0	0.0521311527458446	0.0	0.017993058568447896	
climate	0.0	0.0	0.0	0.0	0.03476819314335691	0.0	0.0	0.0	0.0	0.0	
clinic	0.0	0.0	0.0	0.0	0.017384096571678456	0.0	0.0	0.0	0.0	0.0	
clock	0.0	0.0	0.0	0.0	0.017384096571678456	0.0	0.0	0.0	0.0	0.0	
close	0.0	0.0	0.0	0.0	0.0	0.0	0.0	0.0	0.0	0.025742247101920013	
closet	0.0	0.0	0.0	0.0	0.017384096571678456	0.0	0.0	0.0	0.0	0.0	
cloud	0.0	0.0	0.0	0.0	0.0	0.0	0.0	0.0	0.0	0.025742247101920013	
club	0.0	0.0	0.0	0.0	0.0	0.0	0.0	0.0	0.0	0.05148449420384003	
cmaconthehill	0.0	0.0	0.0	0.0	0.0	0.0	0.0	0.2983312727152931	0.0	0.0	
coach	0.0	0.0	0.0	0.0	0.017384096571678456	0.0	0.0	0.0	0.0	0.0	
codithias	0.0	0.0	0.0	0.0	0.017384096571678456	0.0	0.0	0.0	0.0	0.0	
cold	0.0	0.0	0.0	0.0	0.0	0.0	0.0	0.07458281817882327	0.0	0.0	
collection	0.0	0.0	0.0	0.0	0.017384096571678456	0.0	0.0	0.0	0.0	0.0	
college	0.0	0.0	0.0	0.0	0.017384096571678456	0.0	0.0	0.0	0.0	0.0	
colours	0.0	0.0	0.0	0.0	0.017384096571678456	0.0	0.0	0.0	0.0	0.0	
coming	0.0	0.0	0.0	0.0	0.012150962056083858	0.0	0.0	0.0	0.0	0.017993058568447896	
community	0.0	0.0	0.0	0.0	0.03476819314335691	0.0	0.0	0.0	0.0	0.0	
compared	0.0	0.0	0.0	0.0	0.0	0.0	0.0	0.0	0.0	0.025742247101920013	
competencies	0.0	0.0	0.0	0.0	0.017384096571678456	0.0	0.0	0.0	0.0	0.0	
competition	0.0	0.0	0.0	0.0	0.017384096571678456	0.0	0.0	0.0	0.0	0.0	
complete	0.0	0.0	0.0	0.0	0.0	0.0	0.0	0.07458281817882327	0.0	0.0	
computer	0.0	0.0	0.0	0.0	0.0	0.0	0.0	0.0	0.0	0.05148449420384003	
conditions	0.0	0.0	0.0	0.0	0.017384096571678456	0.0	0.0	0.0	0.0	0.0	
conference	0.0	0.0	0.0	0.0	0.017384096571678456	0.0	0.0	0.0	0.0	0.0	
congrats	0.0	0.0	0.0	0.0	0.03476819314335691	0.0	0.0	0.0	0.0	0.0	
congratulate	0.0	0.0	0.0	0.0	0.017384096571678456	0.0	0.0	0.0	0.0	0.0	
congratulations	0.0	0.0	0.0	0.0	0.22599325543181994	0.0	0.0	0.0	0.0	0.0	
connect	0.0	0.0	0.0	0.0	0.0	0.0	0.0	0.0	0.0	0.025742247101920013	
connected	0.0	0.0	0.0	0.0	0.017384096571678456	0.0	0.0	0.0	0.0	0.0	
consider	0.0	0.0	0.0	0.0	0.0	0.0	0.0	0.07458281817882327	0.0	0.0	
considering	0.0	0.0	0.0	0.0	0.03476819314335691	0.0	0.0	0.0	0.0	0.0	
constitutional	0.0	0.0	0.0	0.0	0.0	0.0	0.0	0.07458281817882327	0.0	0.0	
construction	0.0	0.0	0.0	0.0	0.017384096571678456	0.0	0.0	0.0	0.0	0.0	
cont	0.0	0.0	0.0	0.0	0.0	0.0	0.0	0.0	0.0	0.025742247101920013	
contribution	0.0	0.0	0.0	0.0	0.0	0.0	0.0	0.07458281817882327	0.0	0.0	
cool	0.0	0.0	0.0	0.0	0.0	0.0	0.0	0.0	0.0	0.025742247101920013	
cooley	0.0	0.0	0.0	0.0	0.017384096571678456	0.0	0.0	0.0	0.0	0.0	
cops	0.0	0.0	0.0	0.0	0.0	0.12931164153503685	0.0	0.0	0.0	0.0	
correct	0.0	0.0	0.0	0.0	0.0	0.0	0.0	0.0	0.0	0.025742247101920013	
cosmic	0.0	0.0	0.0	0.0	0.0	0.0	0.0	0.0	0.0	0.025742247101920013	
course	0.0	0.0	0.0	0.0	0.00908977460323145	0.0	0.0	0.03899777038881467	0.0	0.013460073865348343	
coverage	0.0	0.0	0.0	0.0	0.017384096571678456	0.0	0.0	0.0	0.0	0.0	
cpu	0.0	0.0	0.0	0.0	0.0	0.0	0.0	0.0	0.0	0.025742247101920013	
crash	0.0	0.0	0.0	0.0	0.017384096571678456	0.0	0.0	0.0	0.0	0.0	
craziest	0.0	0.0	0.0	0.0	0.0	0.12931164153503685	0.0	0.0	0.0	0.0	
cried	0.0	0.0	0.0	0.0	0.0	0.0	0.0	0.0	0.0	0.025742247101920013	
croissant	0.0	0.0	0.0	0.0	0.0	0.0	0.0	0.0	0.25856126998070633	0.0	
crucial	0.0	0.0	0.0	0.0	0.0	0.0	0.0	0.0	0.0	0.025742247101920013	
cry	0.0	0.0	0.0	0.0	0.0	0.0	0.0	0.0	0.0	0.025742247101920013	
crying	0.0	0.0	0.0	0.0	0.0	0.0	0.0	0.0	0.0	0.05148449420384003	
cselley	0.0	0.0	0.0	0.0	0.0	0.0	0.0	0.07458281817882327	0.0	0.0	
cup	0.0	0.0	0.0	0.0	0.017384096571678456	0.0	0.0	0.0	0.0	0.0	
curious	0.0	0.0	0.0	0.0	0.017384096571678456	0.0	0.0	0.0	0.0	0.0	
current	0.0	0.0	0.0	0.0	0.017384096571678456	0.0	0.0	0.0	0.0	0.0	
currently	0.0	0.0	0.0	0.0	0.0	0.0	0.0	0.07458281817882327	0.0	0.0	
cut	0.0	0.0	0.0	0.0	0.03476819314335691	0.0	0.0	0.0	0.0	0.0	
cute	0.0	0.0	0.0	0.0	0.0	0.0	0.0	0.0	0.12928063499035317	0.0	
cuter	0.0	0.0	0.0	0.0	0.0	0.0	0.0	0.0	0.0	0.025742247101920013	
dailysexsupply	0.0	0.0	0.0	0.0	0.0	0.0	0.0	0.0	0.0	0.025742247101920013	
dance	0.0	0.0	0.0	0.0	0.017384096571678456	0.0	0.0	0.0	0.0	0.0	
dancefloor	0.0	0.0	0.0	0.0	0.0	0.0	0.0	0.0	0.0	0.025742247101920013	
danceoff	0.0	0.0	0.0	0.0	0.017384096571678456	0.0	0.0	0.0	0.0	0.0	
dannymcbride	0.0	0.0	0.2040112650985448	0.0	0.0	0.0	0.0	0.0	0.0	0.0	
dark	0.0	0.0	0.0	0.0	0.012150962056083858	0.0	0.0	0.0	0.0	0.017993058568447896	
dat	0.0	0.0	0.0	0.0	0.0	0.0	0.0	0.0	0.0	0.025742247101920013	
data	0.0	0.0	0.0	0.0	0.0	0.0	0.0	0.0	0.0	0.05148449420384003	
dates	0.0	0.0	0.0	0.0	0.0	0.0	0.5666776023718509	0.0	0.0	0.0	
david	0.0	0.0	0.0	0.0	0.017384096571678456	0.0	0.0	0.0	0.0	0.0	
davidakin	0.0	0.0	0.0	0.0	0.0	0.0	0.0	0.14916563635764654	0.0	0.0	
day	0.0	0.0	0.0	0.0	0.04150696524293558	0.0	0.0	0.05935897462573188	0.05144593700918766	0.02048774006995157	
days	0.0	0.0	0.0	0.0	0.0	0.0	0.0	0.07458281817882327	0.0	0.0	
dcmi	0.0	0.0	0.0	0.0	0.0	0.0	0.0	0.0	0.0	0.025742247101920013	
dead	0.0	0.0	0.0	0.0	0.0	0.0	0.0	0.0	0.0	0.025742247101920013	
deal	0.0	0.0	0.0	0.0	0.0	0.0	0.0	0.0	0.0	0.025742247101920013	
decision	0.0	0.0	0.0	0.0	0.03476819314335691	0.0	0.0	0.0	0.0	0.0	
dedication	0.0	0.0	0.0	0.0	0.017384096571678456	0.0	0.0	0.0	0.0	0.0	
defeats	0.0	0.0	0.0	0.0	0.017384096571678456	0.0	0.0	0.0	0.0	0.0	
deja	0.0	0.0	0.0	0.0	0.0	0.0	0.0	0.0	0.0	0.025742247101920013	
depressed	0.0	0.0	0.0	0.0	0.0	0.0	0.0	0.0	0.0	0.025742247101920013	
desmond	0.0	0.0	0.0	0.0	0.13907277257342765	0.0	0.0	0.0	0.0	0.0	
devikathakur	0.0	0.0	0.0	0.0	0.0	0.0	0.0	0.0	0.0	0.5920716833441603	
diamonds	0.0	0.0	0.0	0.0	0.0	0.0	0.0	0.0	0.0	0.025742247101920013	
died	0.0	0.0	0.0	0.0	0.0	0.0	0.0	0.0	0.0	0.025742247101920013	
digital	0.0	0.0	0.0	0.0	0.017384096571678456	0.0	0.0	0.0	0.0	0.0	
director	0.0	0.0	0.0	0.0	0.017384096571678456	0.0	0.0	0.0	0.0	0.0	
disadvantage	0.0	0.0	0.0	0.0	0.0	0.12931164153503685	0.0	0.0	0.0	0.0	
disappointing	0.0	0.0	0.0	0.0	0.0	0.0	0.0	0.0	0.12928063499035317	0.0	
discuss	0.0	0.0	0.0	0.0	0.017384096571678456	0.0	0.0	0.0	0.0	0.0	
discusses	0.0	0.0	0.0	0.0	0.017384096571678456	0.0	0.0	0.0	0.0	0.0	
discussion	0.0	0.0	0.0	0.0	0.03476819314335691	0.0	0.0	0.0	0.0	0.0	
disruptingdesign	0.0	0.0	0.0	0.0	0.017384096571678456	0.0	0.0	0.0	0.0	0.0	
distracted	0.0	0.0	0.0	0.0	0.0	0.0	0.0	0.0	0.12928063499035317	0.0	
diverlus	0.0	0.0	0.0	0.0	0.017384096571678456	0.0	0.0	0.0	0.0	0.0	
diversity	0.0	0.0	0.0	0.0	0.03476819314335691	0.0	0.0	0.0	0.0	0.0	
dm	0.0	0.0	0.0	0.0	0.0	0.0	0.0	0.0	0.0	0.025742247101920013	
docnowfestival	0.0	0.0	0.0	0.0	0.017384096571678456	0.0	0.0	0.0	0.0	0.0	
documentary	0.0	0.0	0.0	0.0	0.017384096571678456	0.0	0.0	0.0	0.0	0.0	
dog	0.0	0.0	0.0	0.0	0.0	0.0	0.0	0.0	0.0	0.025742247101920013	
door	0.0	0.0	0.0	0.0	0.0	0.0	0.0	0.07458281817882327	0.0	0.0	
doors	0.0	0.0	0.0	0.0	0.017384096571678456	0.0	0.0	0.0	0.0	0.0	
double	0.0	0.0	0.0	0.0	0.017384096571678456	0.0	0.0	0.0	0.0	0.0	
doubleupeh	0.0	0.0	0.0	0.0	0.0	0.0	0.0	0.0	0.0	0.025742247101920013	
download	0.0	0.0	0.0	0.0	0.0	0.0	0.0	0.0	0.0	0.025742247101920013	
downloads	0.0	0.0	0.0	0.0	0.0	0.0	0.0	0.0	0.0	0.025742247101920013	
dr	0.0	0.0	0.0	0.0	0.03476819314335691	0.0	0.0	0.0	0.0	0.0	
drbenbarry	0.0	0.0	0.0	0.0	0.017384096571678456	0.0	0.0	0.0	0.0	0.0	
dream	0.0	0.0	0.0	0.0	0.017384096571678456	0.0	0.0	0.0	0.0	0.0	
driving	0.0	0.0	0.0	0.0	0.0	0.0	0.0	0.0	0.0	0.025742247101920013	
drop	0.0	0.0	0.0	0.0	0.03476819314335691	0.0	0.0	0.0	0.0	0.0	
dropbox	0.0	0.0	0.0	0.0	0.0	0.0	0.0	0.0	0.0	0.025742247101920013	
drywall	0.0	0.0	0.0	0.0	0.0	0.0	0.0	0.07458281817882327	0.0	0.0	
dublins	0.0	0.0	0.0	0.0	0.0	0.0	0.0	0.07458281817882327	0.0	0.0	
duh	0.0	0.0	0.0	0.0	0.0	0.0	0.0	0.0	0.0	0.025742247101920013	
dundas	0.0	0.0	0.0	0.0	0.0	0.0	0.0	0.0	0.12928063499035317	0.0	
dye	0.0	0.0	0.0	0.0	0.017384096571678456	0.0	0.0	0.0	0.0	0.0	
dyed	0.0	0.0	0.0	0.0	0.017384096571678456	0.0	0.0	0.0	0.0	0.0	
eagerness	0.0	0.0	0.0	0.0	0.0	0.0	0.0	0.0	0.0	0.025742247101920013	
earth	0.0	0.0	0.0	0.0	0.017384096571678456	0.0	0.0	0.0	0.0	0.0	
easy	0.0	0.0	0.0	0.0	0.017384096571678456	0.0	0.0	0.0	0.0	0.0	
eat	0.0	0.0	0.0	0.0	0.0	0.12931164153503685	0.0	0.0	0.0	0.0	
education	0.0	0.0	0.0	0.0	0.017384096571678456	0.0	0.0	0.0	0.0	0.0	
educators	0.0	0.0	0.0	0.0	0.017384096571678456	0.0	0.0	0.0	0.0	0.0	
edward	0.0	0.0	0.0	0.0	0.017384096571678456	0.0	0.0	0.0	0.0	0.0	
eggy	0.0	0.0	0.0	0.0	0.017384096571678456	0.0	0.0	0.0	0.0	0.0	
el	0.0	0.0	0.0	0.0	0.0	0.0	0.0	0.0	0.0	0.05148449420384003	
electric	0.0	0.0	0.0	0.0	0.017384096571678456	0.0	0.0	0.0	0.0	0.0	
em	0.0	0.0	0.0	0.0	0.0	0.0	0.0	0.0	0.0	0.05148449420384003	
email	0.0	0.0	0.0	0.0	0.0	0.12931164153503685	0.0	0.0	0.0	0.0	
embrace	0.0	0.0	0.0	0.0	0.017384096571678456	0.0	0.0	0.0	0.0	0.0	
employee	0.0	0.0	0.0	0.0	0.012150962056083858	0.0	0.0	0.0521311527458446	0.0	0.0	
employees	0.0	0.0	0.0	0.0	0.017384096571678456	0.0	0.0	0.0	0.0	0.0	
employers	0.0	0.0	0.0	0.0	0.03476819314335691	0.0	0.0	0.0	0.0	0.0	
enactuscanada	0.0	0.0	0.0	0.0	0.017384096571678456	0.0	0.0	0.0	0.0	0.0	
enactusryerson	0.0	0.0	0.0	0.0	0.017384096571678456	0.0	0.0	0.0	0.0	0.0	
energy	0.0	0.0	0.0	0.0	0.012150962056083858	0.0	0.0	0.0	0.0	0.03598611713689579	
engineering	0.0	0.0	0.0	0.0	0.017384096571678456	0.0	0.0	0.0	0.0	0.0	
enjo	0.0	0.0	0.0	0.0	0.0	0.0	0.0	0.0	0.0	0.025742247101920013	
enthusiastic	0.0	0.0	0.0	0.0	0.0	0.0	0.0	0.0	0.0	0.025742247101920013	
entrepreneurship	0.0	0.0	0.0	0.0	0.017384096571678456	0.0	0.0	0.0	0.0	0.0	
equal	0.0	0.0	0.0	0.0	0.0	0.12931164153503685	0.0	0.0	0.0	0.0	
equations	0.0	0.0	0.0	0.22399152897267474	0.0	0.0	0.0	0.0	0.0	0.0	
eraser	0.0	0.0	0.0	0.0	0.0	0.0	0.0	0.0	0.0	0.025742247101920013	
essentially	0.0	0.0	0.0	0.0	0.0	0.12931164153503685	0.0	0.0	0.0	0.0	
ethicsblogger	0.0	0.0	0.0	0.0	0.0	0.0	0.0	0.07458281817882327	0.0	0.0	
evening	0.0	0.0	0.0	0.0	0.017384096571678456	0.0	0.0	0.0	0.0	0.0	
event	0.0	0.0	0.0	0.0	0.012150962056083858	0.0	0.0	0.0521311527458446	0.0	0.0	
events	0.0	0.0	0.0	0.0	0.017384096571678456	0.0	0.0	0.0	0.0	0.0	
ew	0.0	0.0	0.4080225301970896	0.0	0.0	0.0	0.0	0.0	0.0	0.0	
exact	0.0	0.0	0.0	0.0	0.0	0.12931164153503685	0.0	0.0	0.0	0.0	
exams	0.0	0.0	0.0	0.0	0.017384096571678456	0.0	0.0	0.0	0.0	0.0	
excel	0.0	0.0	0.0	0.0	0.017384096571678456	0.0	0.0	0.0	0.0	0.0	
excellence	0.0	0.0	0.0	0.0	0.017384096571678456	0.0	0.0	0.0	0.0	0.0	
excellent	0.0	0.0	0.0	0.0	0.0	0.0	0.0	0.07458281817882327	0.0	0.0	
exceptional	0.0	0.0	0.0	0.0	0.03476819314335691	0.0	0.0	0.0	0.0	0.0	
excess	0.0	0.0	0.0	0.0	0.0	0.0	0.0	0.0	0.0	0.025742247101920013	
excited	0.0	0.0	0.0	0.0	0.012150962056083858	0.0	0.0	0.0	0.0	0.017993058568447896	
exciting	0.0	0.0	0.0	0.0	0.012150962056083858	0.0	0.0	0.0	0.09036328599977039	0.0	
exhibition	0.0	0.0	0.0	0.0	0.017384096571678456	0.0	0.0	0.0	0.0	0.0	
exist	0.0	0.0	0.0	0.0	0.0	0.0	0.049511330773372164	0.0	0.0	0.017993058568447896	
expect	0.0	0.0	0.0	0.0	0.0	0.0	0.0	0.0	0.0	0.025742247101920013	
explore	0.0	0.0	0.0	0.0	0.017384096571678456	0.0	0.0	0.0	0.0	0.0	
exploring	0.0	0.0	0.0	0.0	0.017384096571678456	0.0	0.0	0.0	0.0	0.0	
extra	0.0	0.0	0.0	0.0	0.0	0.0	0.0	0.0	0.0	0.025742247101920013	
extremely	0.0	0.0	0.0	0.0	0.0	0.0	0.0	0.0	0.0	0.025742247101920013	
face	0.0	0.0	0.0	0.0	0.017384096571678456	0.0	0.0	0.0	0.0	0.0	
faces	0.0	0.0	0.0	0.0	0.024301924112167715	0.0	0.0	0.0	0.09036328599977039	0.0	
facility	0.0	0.0	0.0	0.0	0.017384096571678456	0.0	0.0	0.0	0.0	0.0	
factsduuh	0.0	0.0	0.0	0.0	0.0	0.0	0.0	0.0	0.0	0.025742247101920013	
faculty	0.0	0.0	0.0	0.0	0.05215228971503537	0.0	0.0	0.0	0.0	0.0	
fairy	0.0	0.0	0.0	0.0	0.017384096571678456	0.0	0.0	0.0	0.0	0.0	
fall	0.0	0.0	0.0	0.0	0.05215228971503537	0.0	0.0	0.0	0.0	0.0	
fam	0.0	0.0	0.0	0.0	0.0	0.0	0.0	0.0	0.0	0.025742247101920013	
family	0.0	0.0	0.0	0.0	0.017384096571678456	0.0	0.0	0.0	0.0	0.0	
fans	0.0	0.0	0.0	0.0	0.017384096571678456	0.0	0.0	0.0	0.0	0.0	
fantastic	0.0	0.0	0.0	0.0	0.017384096571678456	0.0	0.0	0.0	0.0	0.0	
farihah	0.0	0.0	0.0	0.0	0.0	0.0	0.0	0.0	0.0	0.025742247101920013	
farrahkhan	0.0	0.0	0.0	0.0	0.017384096571678456	0.0	0.0	0.0	0.0	0.0	
fashion	0.0	0.19583464128976338	0.0	0.0	0.012150962056083858	0.0	0.0	0.0	0.0	0.0	
fashionweek	0.0	0.2801760305519763	0.0	0.0	0.0	0.0	0.0	0.0	0.0	0.0	
fast	0.0	0.0	0.0	0.0	0.0	0.0	0.0	0.0	0.0	0.025742247101920013	
faults	0.0	0.0	0.0	0.0	0.0	0.0	0.0	0.0	0.0	0.025742247101920013	
favorite	0.0	0.2801760305519763	0.0	0.0	0.0	0.0	0.0	0.0	0.0	0.0	
fear	0.0	0.0	0.0	0.22399152897267474	0.0	0.0	0.0	0.0	0.0	0.0	
featuring	0.0	0.0	0.0	0.0	0.0	0.12931164153503685	0.0	0.0	0.0	0.0	
february	0.0	0.0	0.0	0.0	0.017384096571678456	0.0	0.0	0.0	0.0	0.0	
feedback	0.0	0.0	0.0	0.0	0.017384096571678456	0.0	0.0	0.0	0.0	0.0	
feeed	0.0	0.0	0.0	0.0	0.0	0.12931164153503685	0.0	0.0	0.0	0.0	
feel	0.0	0.0	0.0	0.0	0.012150962056083858	0.0	0.0	0.0	0.0	0.10795835141068738	
feeling	0.0	0.0	0.0	0.0	0.024301924112167715	0.0	0.0	0.0	0.0	0.03598611713689579	
felt	0.0	0.0	0.0	0.0	0.0	0.0	0.0	0.0	0.0	0.025742247101920013	
fifteen	0.0	0.0	0.0	0.0	0.0	0.0	0.0	0.0	0.0	0.025742247101920013	
file	0.0	0.0	0.0	0.0	0.0	0.0	0.0	0.0	0.0	0.05148449420384003	
files	0.0	0.0	0.0	0.0	0.0	0.0	0.0	0.0	0.0	0.1801957297134401	
final	0.0	0.0	0.0	0.0	0.05215228971503537	0.0	0.0	0.0	0.0	0.0	
finals	0.2635210245084031	0.0	0.0	0.0	0.012150962056083858	0.0	0.0	0.0	0.0	0.0	
find	0.0	0.0	0.0	0.0	0.024301924112167715	0.0	0.0	0.0	0.0	0.017993058568447896	
finished	0.0	0.0	0.0	0.0	0.0	0.0	0.07083470029648137	0.0	0.0	0.0	
finishes	0.0	0.0	0.0	0.0	0.0	0.0	0.0	0.0	0.0	0.025742247101920013	
firsttweetforeverything	0.3770133523236564	0.0	0.0	0.0	0.0	0.0	0.0	0.0	0.0	0.0	
fitness	0.0	0.0	0.0	0.0	0.0	0.0	0.0	0.0	0.0	0.025742247101920013	
float	0.0	0.0	0.0	0.0	0.0	0.0	0.0	0.07458281817882327	0.0	0.0	
floating	0.0	0.0	0.0	0.0	0.0	0.0	0.0	0.0	0.0	0.025742247101920013	
folders	0.0	0.0	0.0	0.0	0.0	0.0	0.0	0.0	0.0	0.025742247101920013	
follow	0.0	0.0	0.0	0.0	0.03476819314335691	0.0	0.0	0.0	0.0	0.0	
fond	0.0	0.0	0.0	0.0	0.0	0.0	0.0	0.0	0.0	0.025742247101920013	
food	0.0	0.0	0.2040112650985448	0.0	0.0	0.0	0.0	0.0	0.0	0.0	
foolforsivan	0.0	0.0	0.0	0.0	0.0	0.0	0.07083470029648137	0.0	0.0	0.0	
forbiddenroom	0.0	0.0	0.0	0.0	0.017384096571678456	0.0	0.0	0.0	0.0	0.0	
force	0.0	0.0	0.2040112650985448	0.0	0.0	0.0	0.0	0.0	0.0	0.0	
forget	0.0	0.0	0.0	0.0	0.036452886168251576	0.0	0.0	0.0	0.0	0.017993058568447896	
forward	0.0	0.0	0.0	0.0	0.00908977460323145	0.0	0.0	0.03899777038881467	0.0	0.013460073865348343	
free	0.0	0.0	0.0	0.0	0.012150962056083858	0.0	0.0	0.0	0.0	0.017993058568447896	
friday	0.0	0.0	0.0	0.0	0.012150962056083858	0.0	0.0	0.0	0.09036328599977039	0.0	
friendinabox	0.0	0.0	0.0	0.0	0.017384096571678456	0.0	0.0	0.0	0.0	0.0	
friendly	0.0	0.0	0.0	0.0	0.024301924112167715	0.0903849586444424	0.0	0.0	0.0	0.0	
fuck	0.0	0.0	0.0	0.0	0.0	0.0	0.0	0.0	0.0	0.05148449420384003	
fucked	0.0	0.0	0.0	0.0	0.0	0.0	0.0	0.0	0.0	0.025742247101920013	
fucking	0.0	0.0	0.0	0.0	0.0	0.0	0.0	0.0	0.0	0.12871123550960006	
full	0.0	0.0	0.0	0.0	0.017384096571678456	0.0	0.0	0.0	0.0	0.0	
funny	0.0	0.0	0.0	0.0	0.0	0.0	0.0	0.0	0.0	0.025742247101920013	
future	0.0	0.0	0.0	0.0	0.0	0.0	0.049511330773372164	0.0	0.0	0.017993058568447896	
gain	0.0	0.0	0.0	0.0	0.017384096571678456	0.0	0.0	0.0	0.0	0.0	
gallery	0.0	0.0	0.0	0.0	0.017384096571678456	0.0	0.0	0.0	0.0	0.0	
game	0.0	0.0	0.10667315431778143	0.0	0.0181795492064629	0.0	0.0	0.03899777038881467	0.0	0.0	
games	0.0	0.0	0.0	0.0	0.017384096571678456	0.0	0.0	0.0	0.0	0.0	
gaming	0.0	0.0	0.0	0.0	0.017384096571678456	0.0	0.0	0.0	0.0	0.0	
gavmac	0.0	0.0	0.0	0.0	0.0	0.0	0.0	0.37291409089411637	0.0	0.0	
gdxryerson	0.0	0.0	0.0	0.0	0.017384096571678456	0.0	0.0	0.0	0.0	0.0	
gear	0.0	0.0	0.0	0.0	0.0	0.0	0.0	0.0	0.0	0.025742247101920013	
general	0.0	0.0	0.0	0.0	0.012150962056083858	0.0	0.0	0.0521311527458446	0.0	0.0	
getcha	0.0	0.0	0.0	0.0	0.0	0.0	0.0	0.0	0.0	0.025742247101920013	
gift	0.0	0.0	0.0	0.0	0.03476819314335691	0.0	0.0	0.0	0.0	0.0	
girl	0.0	0.0	0.0	0.0	0.0	0.0	0.0	0.0	0.0	0.07722674130576004	
girls	0.0	0.0	0.0	0.22399152897267474	0.0	0.0	0.0	0.0	0.0	0.0	
girly	0.0	0.0	0.0	0.0	0.0	0.0	0.0	0.0	0.0	0.07722674130576004	
goal	0.0	0.0	0.0	0.0	0.017384096571678456	0.0	0.0	0.0	0.0	0.0	
god	0.0	0.0	0.0	0.0	0.0	0.0	0.0	0.0	0.0	0.025742247101920013	
going	0.0	0.0	0.0	0.0	0.00908977460323145	0.06761430887598086	0.0	0.0	0.0	0.013460073865348343	
gold	0.0	0.0	0.0	0.0	0.06953638628671382	0.0	0.0	0.0	0.0	0.0	
gonna	0.0	0.0	0.0	0.0	0.0	0.0	0.09902266154674433	0.0	0.0	0.017993058568447896	
good	0.0	0.0	0.061413510248018256	0.0	0.005233134515594595	0.07785336578118886	0.0	0.022451665432978666	0.0	0.015498377066944227	
google	0.0	0.0	0.0	0.0	0.0	0.0	0.0	0.0	0.0	0.025742247101920013	
gotta	0.0	0.0	0.0	0.0	0.0	0.0	0.07083470029648137	0.0	0.0	0.0	
gov	0.0	0.0	0.0	0.0	0.0	0.0	0.0	0.07458281817882327	0.0	0.0	
government	0.0	0.0	0.0	0.0	0.0	0.0	0.07083470029648137	0.0	0.0	0.0	
governor	0.0	0.0	0.0	0.0	0.012150962056083858	0.0	0.0	0.0521311527458446	0.0	0.0	
gporter	0.0	0.0	0.0	0.0	0.0	0.0	0.0	0.14916563635764654	0.0	0.0	
graduate	0.0	0.0	0.0	0.0	0.017384096571678456	0.0	0.0	0.0	0.0	0.0	
graduating	0.0	0.0	0.0	0.22399152897267474	0.0	0.0	0.0	0.0	0.0	0.0	
great	0.0	0.0	0.0	0.0	0.036452886168251576	0.0	0.0	0.0521311527458446	0.0	0.0	
green	0.0	0.0	0.0	0.0	0.0	0.0	0.0	0.07458281817882327	0.0	0.0	
greysonchance	0.0	0.0	0.0	0.0	0.0	0.0	0.07083470029648137	0.0	0.0	0.0	
grow	0.0	0.0	0.0	0.0	0.0	0.0	0.0	0.0	0.0	0.05148449420384003	
gtas	0.0	0.0	0.0	0.0	0.017384096571678456	0.0	0.0	0.0	0.0	0.0	
guess	0.0	0.0	0.0	0.0	0.0	0.0	0.0	0.0	0.0	0.025742247101920013	
guest	0.0	0.0	0.0	0.0	0.03476819314335691	0.0	0.0	0.0	0.0	0.0	
guides	0.0	0.0	0.0	0.0	0.017384096571678456	0.0	0.0	0.0	0.0	0.0	
guy	0.0	0.0	0.0	0.0	0.012150962056083858	0.0	0.0	0.0	0.09036328599977039	0.0	
guys	0.0	0.0	0.0	0.0	0.0	0.0	0.0	0.0521311527458446	0.0	0.017993058568447896	
gyal	0.0	0.0	0.0	0.0	0.0	0.0	0.0	0.0	0.0	0.025742247101920013	
haaa	0.0	0.0	0.0	0.0	0.0	0.0	0.0	0.0	0.0	0.025742247101920013	
haaaa	0.0	0.0	0.0	0.0	0.0	0.0	0.0	0.0	0.0	0.025742247101920013	
haaaaa	0.0	0.0	0.0	0.0	0.0	0.0	0.0	0.0	0.0	0.05148449420384003	
hack	0.0	0.0	0.0	0.0	0.017384096571678456	0.0	0.0	0.0	0.0	0.0	
haha	0.3770133523236564	0.0	0.0	0.0	0.0	0.0	0.0	0.0	0.0	0.0	
hair	0.0	0.0	0.0	0.0	0.03476819314335691	0.0	0.0	0.0	0.0	0.0	
hall	0.0	0.0	0.0	0.0	0.024301924112167715	0.0	0.0	0.0	0.09036328599977039	0.0	
hallucinogen	0.0	0.0	0.0	0.0	0.0	0.0	0.0	0.0	0.0	0.025742247101920013	
hang	0.0	0.0	0.0	0.0	0.0	0.0	0.0	0.0	0.0	0.025742247101920013	
hankgreen	0.0	0.0	0.0	0.0	0.0	0.0	0.07083470029648137	0.0	0.0	0.0	
hansinidesilva	0.0	0.0	0.0	0.0	0.0	0.0	0.0	0.0	0.0	0.025742247101920013	
happen	0.0	0.0	0.0	0.0	0.0181795492064629	0.0	0.03703795921333293	0.0	0.0	0.013460073865348343	
happened	0.0	0.0	0.0	0.0	0.0	0.0	0.0	0.0	0.0	0.025742247101920013	
happening	0.0	0.0	0.0	0.0	0.0	0.0	0.0	0.0521311527458446	0.18072657199954079	0.0	
happy	0.0	0.0	0.0	0.0	0.027671310161957053	0.0	0.028187961250262978	0.0	0.10289187401837532	0.010243870034975785	
hard	0.0	0.0	0.0	0.0	0.0	0.0	0.0	0.07458281817882327	0.0	0.0	
hardio	0.0	0.0	0.0	0.0	0.0	0.0	0.0	0.0	0.0	0.025742247101920013	
hate	0.0	0.0	0.0	0.0	0.0	0.0	0.0	0.0	0.0	0.10296898840768005	
hatecopy	0.0	0.0	0.0	0.0	0.0	0.12931164153503685	0.0	0.0	0.0	0.0	
hating	0.0	0.0	0.0	0.0	0.0	0.0	0.0	0.0	0.0	0.025742247101920013	
hbo	0.0	0.0	0.2040112650985448	0.0	0.0	0.0	0.0	0.0	0.0	0.0	
head	0.0	0.0	0.0	0.0	0.03476819314335691	0.0	0.0	0.0	0.0	0.0	
health	0.0	0.0	0.0	0.0	0.017384096571678456	0.0	0.0	0.0	0.0	0.0	
hear	0.0	0.0	0.0	0.0	0.017384096571678456	0.0	0.0	0.0	0.0	0.0	
hearing	0.0	0.0	0.0	0.0	0.0	0.0	0.0	0.07458281817882327	0.0	0.0	
heart	0.0	0.0	0.0	0.0	0.0	0.0	0.0	0.0	0.0	0.05148449420384003	
help	0.0	0.0	0.0	0.0	0.036452886168251576	0.0	0.0	0.0	0.0	0.017993058568447896	
helping	0.0	0.0	0.0	0.0	0.017384096571678456	0.0	0.0	0.0	0.0	0.0	
hey	0.0	0.0	0.0	0.0	0.00908977460323145	0.0	0.03703795921333293	0.03899777038881467	0.0	0.0	
hidden	0.0	0.0	0.0	0.0	0.0	0.0	0.0	0.0	0.0	0.05148449420384003	
high	0.0	0.0	0.0	0.15656335997726192	0.0	0.0	0.0	0.0	0.0	0.017993058568447896	
highway	0.0	0.0	0.0	0.0	0.0	0.0	0.0	0.0	0.0	0.025742247101920013	
hipster	0.0	0.0	0.0	0.0	0.0	0.0	0.0	0.07458281817882327	0.0	0.0	
historic	0.0	0.0	0.0	0.0	0.017384096571678456	0.0	0.0	0.0	0.0	0.0	
history	0.0	0.0	0.0	0.0	0.024301924112167715	0.0903849586444424	0.0	0.0	0.0	0.0	
hit	0.0	0.0	0.0	0.0	0.0	0.0	0.0	0.0	0.0	0.05148449420384003	
hits	0.0	0.0	0.0	0.0	0.0	0.0	0.0	0.0	0.0	0.025742247101920013	
holiday	0.0	0.0	0.0	0.0	0.017384096571678456	0.0	0.0	0.0	0.0	0.0	
holy	0.0	0.0	0.0	0.0	0.0	0.0	0.0	0.0	0.0	0.025742247101920013	
honest	0.0	0.0	0.0	0.0	0.0	0.0	0.0	0.07458281817882327	0.0	0.0	
honestly	0.0	0.0	0.0	0.0	0.0	0.0	0.0	0.0	0.0	0.025742247101920013	
honesty	0.0	0.0	0.0	0.0	0.0	0.0	0.0	0.0	0.0	0.025742247101920013	
honorary	0.0	0.0	0.0	0.0	0.017384096571678456	0.0	0.0	0.0	0.0	0.0	
honour	0.0	0.0	0.0	0.0	0.017384096571678456	0.0	0.0	0.0	0.0	0.0	
honoured	0.0	0.0	0.0	0.0	0.017384096571678456	0.0	0.0	0.0	0.0	0.0	
hope	0.19713226861692731	0.0	0.0	0.0	0.00908977460323145	0.0	0.0	0.0	0.0	0.026920147730696686	
hopefully	0.0	0.0	0.0	0.0	0.017384096571678456	0.0	0.0	0.0	0.0	0.0	
hoping	0.0	0.0	0.0	0.0	0.017384096571678456	0.0	0.0	0.0	0.0	0.0	
hortons	0.0	0.0	0.0	0.0	0.0	0.0	0.0	0.0	0.12928063499035317	0.0	
host	0.0	0.0	0.0	0.0	0.017384096571678456	0.0	0.0	0.0	0.0	0.0	
hosted	0.0	0.0	0.0	0.0	0.0	0.0	0.0	0.07458281817882327	0.0	0.0	
hour	0.0	0.0	0.0	0.0	0.03476819314335691	0.0	0.0	0.0	0.0	0.0	
hours	0.0	0.0	0.0	0.0	0.00908977460323145	0.06761430887598086	0.0	0.0	0.0	0.026920147730696686	
house	0.0	0.0	0.0	0.0	0.13907277257342765	0.0	0.0	0.0	0.0	0.0	
humberwest	0.0	0.0	0.0	0.0	0.0	0.0	0.0	0.0	0.0	0.025742247101920013	
hungry	0.0	0.0	0.2040112650985448	0.0	0.0	0.0	0.0	0.0	0.0	0.0	
hurting	0.0	0.0	0.0	0.0	0.0	0.0	0.07083470029648137	0.0	0.0	0.0	
hype	0.0	0.0	0.0	0.0	0.0	0.0	0.0	0.0	0.0	0.025742247101920013	
identities	0.0	0.0	0.0	0.22399152897267474	0.0	0.0	0.0	0.0	0.0	0.0	
ieso	0.0	0.0	0.0	0.0	0.017384096571678456	0.0	0.0	0.0	0.0	0.0	
ikeacanada	0.0	0.0	0.0	0.0	0.03476819314335691	0.0	0.0	0.0	0.0	0.0	
ikik	0.0	0.0	0.0	0.0	0.0	0.0	0.0	0.0	0.0	0.025742247101920013	
ikr	0.0	0.0	0.0	0.0	0.0	0.0	0.0	0.0	0.0	0.025742247101920013	
image	0.0	0.0	0.0	0.0	0.017384096571678456	0.0	0.0	0.0	0.0	0.0	
imageartsalumni	0.0	0.0	0.0	0.0	0.017384096571678456	0.0	0.0	0.0	0.0	0.0	
imaginative	0.0	0.0	0.0	0.0	0.0	0.0	0.0	0.0	0.0	0.025742247101920013	
immigrant	0.0	0.0	0.0	0.0	0.03476819314335691	0.0	0.0	0.0	0.0	0.0	
impact	0.0	0.0	0.0	0.0	0.03476819314335691	0.0	0.0	0.0	0.0	0.0	
impossible	0.0	0.0	0.0	0.0	0.0	0.0	0.0	0.0	0.0	0.05148449420384003	
including	0.0	0.0	0.0	0.0	0.0	0.0	0.0	0.0	0.0	0.025742247101920013	
inclusion	0.0	0.0	0.0	0.0	0.017384096571678456	0.0	0.0	0.0	0.0	0.0	
income	0.0	0.0	0.0	0.0	0.0	0.12931164153503685	0.0	0.0	0.0	0.0	
indians	0.0	0.0	0.0	0.0	0.0	0.0	0.0	0.0	0.0	0.025742247101920013	
indigenous	0.0	0.0	0.0	0.0	0.017384096571678456	0.0	0.0	0.0	0.0	0.0	
influenced	0.0	0.0	0.0	0.0	0.017384096571678456	0.0	0.0	0.0	0.0	0.0	
info	0.0	0.0	0.0	0.0	0.017384096571678456	0.0	0.0	0.0	0.0	0.0	
initiative	0.0	0.0	0.0	0.0	0.017384096571678456	0.0	0.0	0.0	0.0	0.0	
innovation	0.0	0.0	0.0	0.0	0.017384096571678456	0.0	0.0	0.0	0.0	0.0	
inside	0.0	0.0	0.0	0.0	0.017384096571678456	0.0	0.0	0.0	0.0	0.0	
instigating	0.0	0.0	0.0	0.0	0.0	0.0	0.0	0.0	0.0	0.025742247101920013	
inte	0.0	0.0	0.0	0.0	0.0	0.0	0.0	0.0	0.0	0.025742247101920013	
interactive	0.0	0.0	0.0	0.0	0.017384096571678456	0.0	0.0	0.0	0.0	0.0	
interested	0.0	0.0	0.0	0.0	0.017384096571678456	0.0	0.0	0.0	0.0	0.0	
interim	0.0	0.0	0.0	0.0	0.017384096571678456	0.0	0.0	0.0	0.0	0.0	
internationalwomensday	0.0	0.0	0.0	0.0	0.0	0.12931164153503685	0.0	0.0	0.0	0.0	
internship	0.0	0.0	0.0	0.0	0.0	0.0	0.07083470029648137	0.0	0.0	0.0	
introducing	0.0	0.0	0.0	0.0	0.017384096571678456	0.0	0.0	0.0	0.0	0.0	
introspe	0.0	0.0	0.0	0.0	0.0	0.0	0.0	0.0	0.0	0.025742247101920013	
issued	0.0	0.0	0.0	0.0	0.0	0.0	0.0	0.0	0.0	0.025742247101920013	
issues	0.0	0.0	0.0	0.0	0.012150962056083858	0.0	0.0	0.0	0.0	0.017993058568447896	
it	0.0	0.0	0.0	0.0	0.0	0.0	0.0	0.0	0.0	0.025742247101920013	
iwd	0.0	0.0	0.0	0.0	0.05215228971503537	0.0	0.0	0.0	0.0	0.0	
jackdotorg	0.0	0.0	0.0	0.0	0.017384096571678456	0.0	0.0	0.0	0.0	0.0	
jam	0.0	0.0	0.0	0.0	0.0	0.0	0.0	0.0	0.0	0.025742247101920013	
james	0.0	0.0	0.0	0.0	0.0	0.0	0.0	0.0	0.0	0.025742247101920013	
jamies	0.0	0.2801760305519763	0.0	0.0	0.0	0.0	0.0	0.0	0.0	0.0	
jamming	0.0	0.0	0.0	0.0	0.0	0.0	0.07083470029648137	0.0	0.0	0.0	
jeeez	0.0	0.0	0.0	0.0	0.0	0.0	0.0	0.0	0.0	0.025742247101920013	
jeez	0.0	0.0	0.0	0.0	0.0	0.0	0.0	0.0	0.0	0.025742247101920013	
jennifer	0.0	0.0	0.0	0.0	0.017384096571678456	0.0	0.0	0.0	0.0	0.0	
jesus	0.0	0.0	0.0	0.0	0.0	0.0903849586444424	0.0	0.0	0.0	0.017993058568447896	
joanneoh	0.0	0.0	0.0	0.22399152897267474	0.0	0.0	0.0	0.0	0.0	0.0	
job	0.0	0.0	0.0	0.0	0.0	0.12931164153503685	0.0	0.0	0.0	0.0	
johngreen	0.0	0.0	0.0	0.0	0.0	0.0	0.07083470029648137	0.0	0.0	0.0	
johntory	0.0	0.0	0.0	0.0	0.036452886168251576	0.0	0.0	0.0521311527458446	0.0	0.0	
join	0.0	0.0	0.0	0.0	0.060754810280419284	0.0	0.0	0.0	0.0	0.017993058568447896	
jonkay	0.0	0.0	0.0	0.0	0.0	0.0	0.0	0.07458281817882327	0.0	0.0	
journalists	0.0	0.0	0.0	0.0	0.017384096571678456	0.0	0.0	0.0	0.0	0.0	
journodale	0.0	0.0	0.0	0.0	0.0	0.0	0.0	0.14916563635764654	0.0	0.0	
jt	0.0	0.0	0.0	0.0	0.0	0.0	0.0	0.07458281817882327	0.0	0.0	
juanita	0.0	0.0	0.0	0.0	0.017384096571678456	0.0	0.0	0.0	0.0	0.0	
july	0.0	0.0	0.0	0.0	0.0	0.0	0.0	0.07458281817882327	0.0	0.0	
june	0.0	0.0	0.0	0.0	0.03476819314335691	0.0	0.0	0.0	0.0	0.0	
justin	0.0	0.0	0.0	0.22399152897267474	0.0	0.0	0.0	0.0	0.0	0.0	
k	0.0	0.0	0.0	0.0	0.0	0.0	0.0	0.0	0.0	0.025742247101920013	
keoshaloveee	0.0	0.0	0.0	0.0	0.017384096571678456	0.0	0.0	0.0	0.0	0.0	
kid	0.0	0.0	0.0	0.0	0.0	0.0	0.0	0.0	0.0	0.025742247101920013	
kids	0.0	0.0	0.0	0.0	0.0	0.0	0.0	0.07458281817882327	0.0	0.0	
kill	0.0	0.0	0.0	0.0	0.0	0.0	0.0	0.0	0.0	0.025742247101920013	
knew	0.0	0.0	0.0	0.0	0.0	0.0	0.0	0.0	0.0	0.025742247101920013	
knowcuz	0.0	0.0	0.0	0.0	0.0	0.0	0.0	0.0	0.0	0.025742247101920013	
la	0.0	0.0	0.0	0.0	0.0	0.0	0.0	0.0	0.0	0.025742247101920013	
lachemi	0.0	0.0	0.0	0.0	0.017384096571678456	0.0	0.0	0.0	0.0	0.0	
ladies	0.0	0.0	0.0	0.0	0.017384096571678456	0.0	0.0	0.0	0.0	0.0	
lancers	0.0	0.0	0.0	0.0	0.017384096571678456	0.0	0.0	0.0	0.0	0.0	
laptop	0.0	0.0	0.0	0.0	0.017384096571678456	0.0	0.0	0.0	0.0	0.0	
laughing	0.0	0.0	0.0	0.0	0.0	0.0	0.0	0.0	0.0	0.025742247101920013	
launch	0.0	0.0	0.0	0.0	0.0	0.0	0.0	0.0	0.0	0.025742247101920013	
launchzoneru	0.0	0.0	0.0	0.0	0.017384096571678456	0.0	0.0	0.0	0.0	0.0	
law	0.0	0.0	0.0	0.0	0.0	0.0	0.0	0.07458281817882327	0.0	0.0	
learn	0.0	0.0	0.0	0.0	0.03476819314335691	0.0	0.0	0.0	0.0	0.0	
learned	0.0	0.0	0.0	0.0	0.012150962056083858	0.0903849586444424	0.0	0.0	0.0	0.0	
learning	0.0	0.0	0.0	0.0	0.017384096571678456	0.0	0.0	0.0	0.0	0.0	
lecture	0.0	0.0	0.0	0.0	0.017384096571678456	0.0	0.0	0.0	0.0	0.0	
lectured	0.0	0.0	0.0	0.0	0.0	0.0	0.0	0.07458281817882327	0.0	0.0	
legal	0.0	0.0	0.0	0.0	0.017384096571678456	0.0	0.0	0.0	0.0	0.0	
legit	0.0	0.0	0.0	0.0	0.0	0.0	0.0	0.0	0.0	0.05148449420384003	
lense	0.0	0.0	0.0	0.0	0.017384096571678456	0.0	0.0	0.0	0.0	0.0	
leslievillestreetstyle	0.0	0.2801760305519763	0.0	0.0	0.0	0.0	0.0	0.0	0.0	0.0	
lesson	0.0	0.0	0.0	0.0	0.0	0.0	0.0	0.0	0.0	0.025742247101920013	
letting	0.0	0.0	0.0	0.0	0.017384096571678456	0.0	0.0	0.0	0.0	0.0	
level	0.0	0.0	0.0	0.0	0.0	0.0	0.0	0.0	0.12928063499035317	0.0	
liberalparty	0.0	0.0	0.0	0.0	0.0	0.0	0.07083470029648137	0.0	0.0	0.0	
life	0.0	0.0	0.0	0.0	0.0	0.0	0.049511330773372164	0.0	0.0	0.10795835141068738	
lifelinesyriaru	0.0	0.0	0.0	0.0	0.017384096571678456	0.0	0.0	0.0	0.0	0.0	
lifethreatening	0.0	0.0	0.0	0.0	0.017384096571678456	0.0	0.0	0.0	0.0	0.0	
lights	0.0	0.0	0.0	0.0	0.03476819314335691	0.0	0.0	0.0	0.0	0.0	
lightttttttt	0.0	0.0	0.0	0.0	0.0	0.0	0.0	0.0	0.0	0.025742247101920013	
like	0.0	0.0	0.0	0.0	0.0	0.0	0.0	0.0	0.0	0.025742247101920013	
likes	0.0	0.0	0.0	0.0	0.0	0.0	0.0	0.0	0.0	0.025742247101920013	
link	0.0	0.0	0.0	0.0	0.0	0.0	0.049511330773372164	0.0	0.0	0.017993058568447896	
linx	0.0	0.0	0.0	0.0	0.0	0.0	0.0	0.0	0.0	0.025742247101920013	
list	0.0	0.0	0.0	0.0	0.017384096571678456	0.0	0.0	0.0	0.0	0.0	
lit	0.0	0.0	0.0	0.0	0.024301924112167715	0.0	0.0	0.0	0.0	0.017993058568447896	
literally	0.0	0.0	0.0	0.0	0.0	0.1807699172888848	0.0	0.0	0.0	0.03598611713689579	
live	0.0	0.0	0.0	0.0	0.012150962056083858	0.0	0.0	0.0	0.0	0.017993058568447896	
living	0.0	0.0	0.0	0.0	0.036452886168251576	0.0	0.0	0.0	0.0	0.017993058568447896	
lmao	0.0	0.0	0.0	0.0	0.0	0.0	0.0	0.0	0.0	0.07722674130576004	
lmaooo	0.0	0.0	0.0	0.0	0.0	0.0	0.0	0.0	0.0	0.05148449420384003	
lmfao	0.0	0.0	0.0	0.0	0.0	0.0	0.0	0.0	0.0	0.05148449420384003	
lobby	0.0	0.0	0.0	0.0	0.017384096571678456	0.0	0.0	0.0	0.0	0.0	
lol	0.0	0.0	0.0	0.0	0.0	0.0	0.0	0.0	0.09036328599977039	0.05397917570534369	
long	0.0	0.0	0.0	0.0	0.012150962056083858	0.0	0.0	0.0	0.18072657199954079	0.0	
longer	0.0	0.0	0.0	0.0	0.0	0.0	0.0	0.0	0.0	0.025742247101920013	
looked	0.0	0.0	0.0	0.0	0.0	0.0	0.0	0.0	0.0	0.05148449420384003	
lost	0.0	0.0	0.0	0.0	0.0	0.0	0.0	0.0	0.0	0.07722674130576004	
lounge	0.0	0.0	0.0	0.0	0.0	0.0	0.0	0.0	0.0	0.025742247101920013	
love	0.0	0.0	0.0	0.0	0.0363590984129258	0.0	0.03703795921333293	0.0	0.0	0.04038022159604503	
lovely	0.0	0.0	0.0	0.0	0.017384096571678456	0.0	0.0	0.0	0.0	0.0	
loving	0.0	0.0	0.2040112650985448	0.0	0.0	0.0	0.0	0.0	0.0	0.0	
ltribe	0.0	0.0	0.0	0.0	0.017384096571678456	0.0	0.0	0.0	0.0	0.0	
luck	0.0	0.0	0.0	0.0	0.0	0.0	0.0	0.0	0.0	0.025742247101920013	
lucky	0.0	0.0	0.0	0.0	0.0	0.0	0.0	0.0	0.0	0.025742247101920013	
lunch	0.0	0.0	0.0	0.0	0.017384096571678456	0.0	0.0	0.0	0.0	0.0	
mad	0.0	0.0	0.2040112650985448	0.0	0.0	0.0	0.0	0.0	0.0	0.0	
maddin	0.0	0.0	0.0	0.0	0.017384096571678456	0.0	0.0	0.0	0.0	0.0	
main	0.0	0.0	0.0	0.0	0.017384096571678456	0.0	0.0	0.0	0.0	0.0	
makeawish	0.0	0.0	0.0	0.0	0.017384096571678456	0.0	0.0	0.0	0.0	0.0	
making	0.0	0.0	0.0	0.0	0.00908977460323145	0.0	0.0	0.0	0.06759809621280116	0.013460073865348343	
mamamellet	0.0	0.0	0.0	0.0	0.0	0.0	0.07083470029648137	0.0	0.0	0.0	
man	0.0	0.0	0.0	0.0	0.0	0.0	0.049511330773372164	0.0	0.0	0.10795835141068738	
mandissa	0.0	0.0	0.0	0.0	0.017384096571678456	0.0	0.0	0.0	0.0	0.0	
map	0.0	0.0	0.0	0.0	0.017384096571678456	0.0	0.0	0.0	0.0	0.0	
mar	0.0	0.0	0.0	0.0	0.03476819314335691	0.0	0.0	0.0	0.0	0.0	
march	0.0	0.0	0.0	0.0	0.07290577233650315	0.0	0.0	0.0	0.0	0.017993058568447896	
maria	0.0	0.0	0.0	0.0	0.03476819314335691	0.0	0.0	0.0	0.0	0.0	
markets	0.0	0.0	0.0	0.0	0.0	0.0	0.0	0.07458281817882327	0.0	0.0	
markpersaud	0.0	0.0	0.0	0.0	0.0	0.0	0.0	0.0	0.0	0.05148449420384003	
marsha	0.0	0.0	0.0	0.0	0.017384096571678456	0.0	0.0	0.0	0.0	0.0	
mattamyac	0.0	0.0	0.0	0.0	0.08692048285839227	0.0	0.0	0.0	0.0	0.0	
matters	0.0	0.0	0.0	0.0	0.0	0.0	0.0	0.0	0.0	0.025742247101920013	
mattgallowaycbc	0.0	0.0	0.0	0.0	0.017384096571678456	0.0	0.0	0.0	0.0	0.0	
mayor	0.0	0.0	0.0	0.0	0.05215228971503537	0.0	0.0	0.0	0.0	0.0	
medal	0.0	0.0	0.0	0.0	0.017384096571678456	0.0	0.0	0.0	0.0	0.0	
media	0.0	0.0	0.0	0.0	0.017384096571678456	0.0	0.0	0.0	0.0	0.0	
medical	0.0	0.0	0.0	0.0	0.017384096571678456	0.0	0.0	0.0	0.0	0.0	
meet	0.0	0.0	0.0	0.0	0.017384096571678456	0.0	0.0	0.0	0.0	0.0	
meghantrainor	0.0	0.0	0.0	0.0	0.0	0.12931164153503685	0.0	0.0	0.0	0.0	
meh	0.0	0.0	0.0	0.0	0.0	0.0	0.0	0.0	0.0	0.025742247101920013	
memory	0.0	0.0	0.0	0.0	0.0	0.0	0.0	0.0	0.0	0.05148449420384003	
men	0.0	0.0	0.0	0.0	0.012150962056083858	0.0903849586444424	0.0	0.0	0.0	0.0	
mens	0.0	0.0	0.0	0.0	0.06953638628671382	0.0	0.0	0.0	0.0	0.0	
mensfashion	0.0	0.2801760305519763	0.0	0.0	0.0	0.0	0.0	0.0	0.0	0.0	
mental	0.0	0.0	0.0	0.0	0.017384096571678456	0.0	0.0	0.0	0.0	0.0	
met	0.0	0.0	0.0	0.0	0.0	0.12931164153503685	0.0	0.0	0.0	0.0	
michelle	0.0	0.0	0.0	0.0	0.0	0.0	0.0	0.0	0.0	0.025742247101920013	
michellesarah	0.0	0.0	0.0	0.0	0.0	0.0	0.0	0.0	0.0	0.025742247101920013	
microsoft	0.0	0.0	0.0	0.0	0.017384096571678456	0.0	0.0	0.0	0.0	0.0	
mid	0.0	0.0	0.0	0.0	0.0	0.0	0.0	0.0	0.0	0.025742247101920013	
mightve	0.0	0.0	0.0	0.0	0.0	0.0	0.0	0.0	0.0	0.025742247101920013	
mindykaling	0.0	0.0	0.2040112650985448	0.0	0.0	0.0	0.0	0.0	0.0	0.0	
mine	0.0	0.0	0.0	0.0	0.0	0.0	0.07083470029648137	0.0	0.0	0.0	
mines	0.0	0.0	0.0	0.0	0.0	0.0	0.0	0.0	0.0	0.025742247101920013	
minute	0.0	0.0	0.0	0.0	0.017384096571678456	0.0	0.0	0.0	0.0	0.0	
minutes	0.0	0.0	0.0	0.0	0.024301924112167715	0.0	0.0	0.0	0.0	0.03598611713689579	
moalhakim	0.0	0.0	0.0	0.0	0.0	0.0	0.0	0.07458281817882327	0.0	0.0	
modern	0.0	0.0	0.0	0.0	0.0	0.12931164153503685	0.0	0.0	0.0	0.0	
mohamed	0.0	0.0	0.0	0.0	0.017384096571678456	0.0	0.0	0.0	0.0	0.0	
monday	0.0	0.0	0.0	0.0	0.017384096571678456	0.0	0.0	0.0	0.0	0.0	
money	0.0	0.0	0.0	0.0	0.05215228971503537	0.0	0.0	0.0	0.0	0.0	
monster	0.0	0.0	0.0	0.0	0.017384096571678456	0.0	0.0	0.0	0.0	0.0	
month	0.0	0.0	0.0	0.0	0.0	0.12931164153503685	0.0	0.0	0.0	0.0	
months	0.0	0.0	0.0	0.0	0.0	0.0	0.0	0.14916563635764654	0.0	0.0	
moon	0.0	0.0	0.0	0.0	0.0	0.0	0.0	0.0	0.12928063499035317	0.0	
moot	0.0	0.0	0.0	0.0	0.0	0.0	0.0	0.07458281817882327	0.0	0.0	
morning	0.0	0.0	0.0	0.0	0.017384096571678456	0.0	0.0	0.0	0.0	0.0	
mother	0.0	0.0	0.0	0.0	0.0	0.0	0.0	0.0	0.0	0.025742247101920013	
motion	0.0	0.0	0.0	0.0	0.0	0.0	0.0	0.0	0.0	0.025742247101920013	
move	0.0	0.0	0.0	0.0	0.0	0.0	0.0	0.0	0.0	0.025742247101920013	
moved	0.0	0.0	0.0	0.0	0.017384096571678456	0.0	0.0	0.0	0.0	0.0	
moves	0.0	0.0	0.0	0.0	0.017384096571678456	0.0	0.0	0.0	0.0	0.0	
movie	0.0	0.0	0.0	0.0	0.0	0.12931164153503685	0.0	0.0	0.0	0.0	
moving	0.0	0.0	0.0	0.0	0.012150962056083858	0.0903849586444424	0.0	0.0	0.0	0.0	
ms	0.0	0.0	0.0	0.0	0.060754810280419284	0.0903849586444424	0.0	0.0	0.0	0.0	
mt	0.0	0.0	0.0	0.0	0.017384096571678456	0.0	0.0	0.0	0.0	0.0	
munchkins	0.0	0.0	0.0	0.0	0.0	0.0	0.0	0.0	0.0	0.025742247101920013	
mushtabaholwayy	0.0	0.0	0.0	0.0	0.017384096571678456	0.0	0.0	0.0	0.0	0.0	
music	0.0	0.0	0.0	0.0	0.012150962056083858	0.0	0.049511330773372164	0.0	0.0	0.0	
nacci	0.0	0.0	0.0	0.0	0.0	0.0	0.0	0.07458281817882327	0.0	0.0	
named	0.0	0.0	0.0	0.0	0.017384096571678456	0.0	0.0	0.0	0.0	0.0	
names	0.0	0.0	0.0	0.0	0.0	0.0	0.0	0.0	0.0	0.025742247101920013	
nasmaraj	0.0	0.0	0.0	0.0	0.0	0.12931164153503685	0.0	0.0	0.0	0.0	
national	0.0	0.0	0.0	0.0	0.017384096571678456	0.0	0.0	0.0	0.0	0.0	
nationals	0.0	0.0	0.0	0.0	0.017384096571678456	0.0	0.0	0.0	0.0	0.0	
neag	0.0	0.0	0.0	0.0	0.0	0.12931164153503685	0.0	0.0	0.0	0.0	
nehaaas	0.0	0.0	0.0	0.0	0.0	0.12931164153503685	0.0	0.0	0.0	0.0	
net	0.0	0.0	0.0	0.0	0.0	0.12931164153503685	0.0	0.0	0.0	0.0	
newcomer	0.0	0.0	0.0	0.0	0.017384096571678456	0.0	0.0	0.0	0.0	0.0	
nice	0.0	0.0	0.0	0.0	0.0	0.0903849586444424	0.0	0.0	0.0	0.017993058568447896	
nickiminaj	0.0	0.0	0.0	0.0	0.0	0.12931164153503685	0.0	0.0	0.0	0.0	
nickireigns	0.0	0.0	0.0	0.0	0.0	0.12931164153503685	0.0	0.0	0.0	0.0	
nicolelandryy	0.0	0.0	0.0	0.0	0.017384096571678456	0.0	0.0	0.0	0.0	0.0	
nigga	0.0	0.0	0.0	0.0	0.0	0.0	0.0	0.0	0.0	0.025742247101920013	
night	0.0	0.0	0.0	0.0	0.07290577233650315	0.0	0.0	0.0521311527458446	0.0	0.0	
nights	0.0	0.0	0.0	0.0	0.017384096571678456	0.0	0.0	0.0	0.0	0.0	
nonessential	0.0	0.0	0.0	0.0	0.017384096571678456	0.0	0.0	0.0	0.0	0.0	
nope	0.0	0.0	0.0	0.0	0.0	0.0	0.0	0.0	0.12928063499035317	0.0	
norm	0.0	0.0	0.0	0.0	0.017384096571678456	0.0	0.0	0.0	0.0	0.0	
nose	0.0	0.0	0.0	0.0	0.0	0.0	0.0	0.0	0.0	0.025742247101920013	
number	0.0	0.0	0.0	0.0	0.00908977460323145	0.0	0.0	0.0	0.06759809621280116	0.013460073865348343	
nurture	0.0	0.0	0.0	0.0	0.0	0.0	0.0	0.0	0.0	0.025742247101920013	
nutella	0.0	0.0	0.0	0.0	0.0	0.0	0.0	0.0	0.12928063499035317	0.0	
nxne	0.0	0.0	0.0	0.0	0.017384096571678456	0.0	0.0	0.0	0.0	0.0	
nyaga	0.0	0.0	0.0	0.0	0.017384096571678456	0.0	0.0	0.0	0.0	0.0	
oakham	0.0	0.0	0.0	0.0	0.017384096571678456	0.0	0.0	0.0	0.0	0.0	
obsess	0.3770133523236564	0.0	0.0	0.0	0.0	0.0	0.0	0.0	0.0	0.0	
obsessed	0.0	0.0	0.0	0.0	0.0	0.0	0.0	0.0	0.0	0.025742247101920013	
obvi	0.0	0.0	0.0	0.0	0.0	0.0	0.0	0.0	0.0	0.025742247101920013	
obvineed	0.0	0.0	0.0	0.0	0.0	0.0	0.0	0.0	0.0	0.025742247101920013	
offer	0.0	0.0	0.0	0.0	0.0	0.0	0.07083470029648137	0.0	0.0	0.0	
offers	0.0	0.0	0.0	0.0	0.017384096571678456	0.0	0.0	0.0	0.0	0.0	
office	0.0	0.0	0.0	0.0	0.0	0.0	0.0	0.07458281817882327	0.0	0.0	
oh	0.0	0.0	0.0	0.0	0.0	0.0	0.0	0.0	0.0	0.025742247101920013	
ohhhh	0.0	0.0	0.0	0.0	0.0	0.0	0.0	0.0	0.0	0.025742247101920013	
ohhhhhhhh	0.0	0.0	0.0	0.0	0.0	0.0	0.0	0.0	0.0	0.025742247101920013	
older	0.0	0.0	0.0	0.0	0.0	0.0	0.0	0.0	0.0	0.025742247101920013	
oldlike	0.0	0.0	0.0	0.0	0.0	0.0	0.0	0.0	0.0	0.025742247101920013	
omfg	0.0	0.0	0.0	0.0	0.0	0.0	0.0	0.0	0.0	0.05148449420384003	
omg	0.0	0.0	0.0	0.0	0.0	0.0	0.0	0.0	0.0	0.07722674130576004	
online	0.0	0.0	0.0	0.0	0.0	0.0	0.0	0.0	0.0	0.025742247101920013	
ontario	0.0	0.0	0.0	0.0	0.03476819314335691	0.0	0.0	0.0	0.0	0.0	
open	0.0	0.0	0.0	0.0	0.0727181968258516	0.0	0.0	0.0	0.06759809621280116	0.013460073865348343	
openhouse	0.0	0.0	0.0	0.0	0.17384096571678453	0.0	0.0	0.0	0.0	0.0	
openmediaorg	0.0	0.0	0.0	0.0	0.017384096571678456	0.0	0.0	0.0	0.0	0.0	
opportunity	0.0	0.0	0.0	0.0	0.03476819314335691	0.0	0.0	0.0	0.0	0.0	
oratory	0.0	0.0	0.0	0.0	0.017384096571678456	0.0	0.0	0.0	0.0	0.0	
ottawa	0.0	0.0	0.0	0.0	0.012150962056083858	0.0	0.0	0.1042623054916892	0.0	0.0	
ottawacitizen	0.0	0.0	0.0	0.0	0.0	0.0	0.0	0.14916563635764654	0.0	0.0	
oua	0.0	0.0	0.0	0.0	0.06953638628671382	0.0	0.0	0.0	0.0	0.0	
ouasport	0.0	0.0	0.0	0.0	0.03476819314335691	0.0	0.0	0.0	0.0	0.0	
overuse	0.0	0.0	0.0	0.0	0.017384096571678456	0.0	0.0	0.0	0.0	0.0	
pack	0.0	0.0	0.0	0.0	0.0	0.0	0.049511330773372164	0.0	0.0	0.017993058568447896	
paddynotpatty	0.0	0.0	0.0	0.0	0.0	0.0	0.0	0.07458281817882327	0.0	0.0	
pain	0.0	0.0	0.0	0.0	0.0	0.0	0.0	0.0	0.0	0.07722674130576004	
pamela	0.0	0.0	0.0	0.0	0.017384096571678456	0.0	0.0	0.0	0.0	0.0	
pants	0.0	0.0	0.0	0.0	0.0	0.0	0.07083470029648137	0.0	0.0	0.0	
paoconnell	0.0	0.0	0.0	0.0	0.0	0.0	0.0	0.07458281817882327	0.0	0.0	
park	0.0	0.0	0.0	0.0	0.03476819314335691	0.0	0.0	0.0	0.0	0.0	
parties	0.0	0.0	0.0	0.22399152897267474	0.0	0.0	0.0	0.0	0.0	0.0	
partnerships	0.0	0.0	0.0	0.0	0.03476819314335691	0.0	0.0	0.0	0.0	0.0	
parts	0.0	0.0	0.0	0.0	0.0	0.0	0.0	0.0	0.0	0.025742247101920013	
party	0.0	0.0	0.0	0.0	0.0	0.0	0.0	0.0	0.0	0.025742247101920013	
pascale	0.0	0.0	0.0	0.0	0.017384096571678456	0.0	0.0	0.0	0.0	0.0	
patricks	0.0	0.0	0.0	0.0	0.017384096571678456	0.0	0.0	0.0	0.0	0.0	
patty	0.0	0.0	0.0	0.0	0.0	0.0	0.0	0.07458281817882327	0.0	0.0	
paws	0.0	0.0	0.0	0.0	0.0	0.0	0.0	0.0	0.0	0.025742247101920013	
pawwty	0.0	0.0	0.0	0.0	0.0	0.0	0.0	0.0	0.0	0.025742247101920013	
pay	0.0	0.0	0.0	0.0	0.0	0.0903849586444424	0.0	0.0	0.0	0.017993058568447896	
pce	0.0	0.0	0.0	0.0	0.0	0.0	0.0	0.0	0.0	0.025742247101920013	
pdmcleod	0.0	0.0	0.0	0.0	0.0	0.0	0.0	0.07458281817882327	0.0	0.0	
pecking	0.0	0.0	0.0	0.0	0.0	0.12931164153503685	0.0	0.0	0.0	0.0	
peel	0.0	0.0	0.0	0.0	0.03476819314335691	0.0	0.0	0.0	0.0	0.0	
peelregion	0.0	0.0	0.0	0.0	0.017384096571678456	0.0	0.0	0.0	0.0	0.0	
perfect	0.0	0.0	0.0	0.0	0.017384096571678456	0.0	0.0	0.0	0.0	0.0	
person	0.0	0.0	0.0	0.4479830579453495	0.0	0.0	0.0	0.0	0.0	0.0	
personal	0.0	0.0	0.0	0.0	0.0	0.0	0.0	0.0	0.0	0.025742247101920013	
perspectives	0.0	0.0	0.0	0.0	0.017384096571678456	0.0	0.0	0.0	0.0	0.0	
phd	0.0	0.0	0.0	0.0	0.017384096571678456	0.0	0.0	0.0	0.0	0.0	
phenomenal	0.0	0.0	0.0	0.0	0.017384096571678456	0.0	0.0	0.0	0.0	0.0	
phone	0.0	0.0	0.0	0.0	0.0	0.0	0.0	0.0	0.0	0.07722674130576004	
photo	0.0	0.0	0.0	0.0	0.017384096571678456	0.0	0.0	0.0	0.0	0.0	
photography	0.0	0.0	0.0	0.0	0.03476819314335691	0.0	0.0	0.0	0.0	0.0	
photojournalism	0.0	0.0	0.0	0.0	0.017384096571678456	0.0	0.0	0.0	0.0	0.0	
photos	0.0	0.0	0.0	0.0	0.012150962056083858	0.0	0.0	0.0	0.0	0.017993058568447896	
pi	0.0	0.0	0.0	0.0	0.017384096571678456	0.0	0.0	0.0	0.0	0.0	
pic	0.0	0.0	0.0	0.0	0.012150962056083858	0.0	0.0	0.0	0.0	0.017993058568447896	
picking	0.0	0.0	0.0	0.0	0.0	0.0	0.0	0.0	0.0	0.025742247101920013	
picture	0.0	0.0	0.0	0.0	0.0	0.0	0.0	0.0	0.0	0.025742247101920013	
pictures	0.0	0.0	0.0	0.0	0.0	0.0	0.0	0.0	0.0	0.025742247101920013	
piday	0.0	0.0	0.0	0.0	0.03476819314335691	0.0	0.0	0.0	0.0	0.0	
pieces	0.0	0.0	0.0	0.0	0.0	0.0	0.0	0.0	0.0	0.025742247101920013	
pigeons	0.0	0.0	0.0	0.0	0.0	0.12931164153503685	0.0	0.0	0.0	0.0	
pitbulls	0.0	0.0	0.0	0.0	0.0	0.12931164153503685	0.0	0.0	0.0	0.0	
place	0.0	0.0	0.0	0.0	0.012150962056083858	0.0	0.0	0.0	0.0	0.017993058568447896	
plain	0.0	0.0	0.0	0.0	0.0	0.0	0.0	0.0	0.12928063499035317	0.0	
plan	0.0	0.0	0.0	0.0	0.0	0.0	0.0	0.0	0.0	0.025742247101920013	
plans	0.0	0.0	0.0	0.0	0.0	0.0	0.0	0.0	0.0	0.025742247101920013	
play	0.0	0.0	0.0	0.0	0.017384096571678456	0.0	0.0	0.0	0.0	0.0	
playoff	0.0	0.0	0.0	0.0	0.017384096571678456	0.0	0.0	0.0	0.0	0.0	
pleasure	0.0	0.0	0.0	0.0	0.017384096571678456	0.0	0.0	0.0	0.0	0.0	
pll	0.0	0.0	0.0	0.0	0.0	0.0	0.0	0.0	0.0	0.025742247101920013	
pls	0.0	0.0	0.0	0.0	0.0	0.0	0.24755665386686082	0.0	0.0	0.07197223427379158	
plug	0.0	0.0	0.0	0.0	0.0	0.0	0.0	0.0	0.0	0.025742247101920013	
pm	0.0	0.0	0.0	0.0	0.03476819314335691	0.0	0.0	0.0	0.0	0.0	
pod	0.0	0.0	0.0	0.0	0.05215228971503537	0.0	0.0	0.0	0.0	0.0	
point	0.0	0.0	0.0	0.0	0.0	0.0	0.0	0.0	0.0	0.025742247101920013	
police	0.0	0.0	0.0	0.0	0.0	0.0	0.0	0.0	0.0	0.025742247101920013	
politics	0.0	0.0	0.0	0.0	0.0	0.0	0.07083470029648137	0.0	0.0	0.0	
poonawala	0.0	0.0	0.0	0.0	0.03476819314335691	0.0	0.0	0.0	0.0	0.0	
pops	0.0	0.0	0.0	0.0	0.0	0.0	0.0	0.0	0.0	0.025742247101920013	
post	0.0	0.19583464128976338	0.0	0.0	0.0	0.0	0.0	0.0521311527458446	0.0	0.0	
potential	0.0	0.0	0.0	0.0	0.05215228971503537	0.0	0.0	0.0	0.0	0.0	
ppl	0.0	0.0	0.0	0.0	0.012150962056083858	0.0	0.0	0.0	0.0	0.017993058568447896	
ppp	0.0	0.0	0.0	0.0	0.0	0.0	0.0	0.07458281817882327	0.0	0.0	
president	0.0	0.0	0.0	0.0	0.017384096571678456	0.0	0.0	0.0	0.0	0.0	
pretty	0.0	0.0	0.0	0.0	0.00908977460323145	0.0	0.0	0.0	0.06759809621280116	0.013460073865348343	
priscilla	0.0	0.0	0.0	0.0	0.017384096571678456	0.0	0.0	0.0	0.0	0.0	
privacy	0.0	0.0	0.0	0.0	0.017384096571678456	0.0	0.0	0.0	0.0	0.0	
probs	0.0	0.0	0.0	0.0	0.0	0.0	0.0	0.0	0.0	0.05148449420384003	
procrastinating	0.0	0.0	0.0	0.0	0.0	0.0	0.0	0.0	0.0	0.025742247101920013	
procrastination	0.0	0.0	0.0	0.0	0.017384096571678456	0.0	0.0	0.0	0.0	0.0	
professor	0.0	0.0	0.0	0.0	0.017384096571678456	0.0	0.0	0.0	0.0	0.0	
professors	0.0	0.0	0.0	0.0	0.017384096571678456	0.0	0.0	0.0	0.0	0.0	
program	0.0	0.0	0.0	0.0	0.017384096571678456	0.0	0.0	0.0	0.0	0.0	
project	0.0	0.0	0.0	0.0	0.0	0.0	0.0	0.0	0.0	0.025742247101920013	
prompting	0.0	0.0	0.0	0.0	0.0	0.0	0.0	0.0	0.0	0.025742247101920013	
pronounce	0.0	0.0	0.0	0.0	0.0	0.0	0.0	0.07458281817882327	0.0	0.0	
prospects	0.0	0.0	0.0	0.0	0.0	0.0	0.0	0.0	0.0	0.025742247101920013	
protectthemac	0.0	0.0	0.0	0.0	0.03476819314335691	0.0	0.0	0.0	0.0	0.0	
prove	0.0	0.0	0.0	0.0	0.0	0.0	0.0	0.0	0.0	0.025742247101920013	
psht	0.0	0.0	0.0	0.0	0.0	0.0	0.0	0.0	0.0	0.025742247101920013	
publicprivate	0.0	0.0	0.0	0.0	0.03476819314335691	0.0	0.0	0.0	0.0	0.0	
puke	0.0	0.0	0.0	0.0	0.0	0.12931164153503685	0.0	0.0	0.0	0.0	
pulling	0.0	0.0	0.0	0.0	0.0	0.0	0.0	0.0	0.0	0.025742247101920013	
push	0.0	0.0	0.0	0.0	0.03476819314335691	0.0	0.0	0.0	0.0	0.0	
putting	0.0	0.0	0.0	0.0	0.0	0.0	0.049511330773372164	0.0	0.0	0.017993058568447896	
questions	0.0	0.0	0.0	0.0	0.03476819314335691	0.0	0.0	0.0	0.0	0.0	
quick	0.0	0.0	0.0	0.0	0.012150962056083858	0.0	0.0	0.0	0.0	0.03598611713689579	
quiet	0.0	0.0	0.0	0.0	0.0	0.0	0.0	0.0	0.0	0.025742247101920013	
rabbit	0.0	0.0	0.0	0.0	0.0	0.0	0.0	0.0	0.12928063499035317	0.0	
rain	0.0	0.0	0.0	0.0	0.017384096571678456	0.0	0.0	0.0	0.0	0.0	
raise	0.0	0.0	0.0	0.0	0.05215228971503537	0.0	0.0	0.0	0.0	0.0	
raised	0.0	0.0	0.0	0.0	0.017384096571678456	0.0	0.0	0.0	0.0	0.0	
rams	0.0	0.0	0.0	0.0	0.06953638628671382	0.0	0.0	0.0	0.0	0.0	
ramstalk	0.0	0.0	0.0	0.0	0.017384096571678456	0.0	0.0	0.0	0.0	0.0	
range	0.0	0.0	0.0	0.0	0.017384096571678456	0.0	0.0	0.0	0.0	0.0	
rapists	0.0	0.0	0.0	0.0	0.0	0.0	0.0	0.0	0.0	0.025742247101920013	
raptors	0.0	0.0	0.0	0.0	0.0	0.0	0.0	0.07458281817882327	0.0	0.0	
ratnaomi	0.0	0.0	0.0	0.0	0.017384096571678456	0.0	0.0	0.0	0.0	0.0	
rbc	0.0	0.0	0.0	0.0	0.017384096571678456	0.0	0.0	0.0	0.0	0.0	
react	0.0	0.0	0.0	0.0	0.0	0.0	0.0	0.0	0.0	0.025742247101920013	
read	0.0	0.0	0.0	0.0	0.0	0.0	0.0	0.0	0.0	0.025742247101920013	
realize	0.0	0.0	0.0	0.0	0.0	0.0	0.0	0.0	0.0	0.025742247101920013	
realized	0.0	0.0	0.0	0.0	0.0	0.0	0.0	0.0	0.0	0.025742247101920013	
rebuild	0.0	0.0	0.0	0.0	0.017384096571678456	0.0	0.0	0.0	0.0	0.0	
receive	0.0	0.0	0.0	0.0	0.017384096571678456	0.0	0.0	0.0	0.0	0.0	
receives	0.0	0.0	0.0	0.0	0.017384096571678456	0.0	0.0	0.0	0.0	0.0	
recepient	0.0	0.0	0.0	0.0	0.03476819314335691	0.0	0.0	0.0	0.0	0.0	
recipient	0.0	0.0	0.0	0.0	0.03476819314335691	0.0	0.0	0.0	0.0	0.0	
recipients	0.0	0.0	0.0	0.0	0.03476819314335691	0.0	0.0	0.0	0.0	0.0	
recognized	0.0	0.0	0.0	0.0	0.017384096571678456	0.0	0.0	0.0	0.0	0.0	
red	0.0	0.0	0.0	0.0	0.017384096571678456	0.0	0.0	0.0	0.0	0.0	
region	0.0	0.0	0.0	0.0	0.017384096571678456	0.0	0.0	0.0	0.0	0.0	
register	0.0	0.0	0.0	0.0	0.03476819314335691	0.0	0.0	0.0	0.0	0.0	
regret	0.0	0.0	0.0	0.0	0.0	0.0	0.0	0.0	0.0	0.025742247101920013	
regularly	0.0	0.0	0.0	0.0	0.0	0.0	0.0	0.0	0.0	0.025742247101920013	
release	0.0	0.0	0.14259775485052653	0.0	0.0	0.0	0.049511330773372164	0.0	0.0	0.0	
reporting	0.0	0.0	0.0	0.0	0.017384096571678456	0.0	0.0	0.0	0.0	0.0	
represents	0.0	0.0	0.0	0.0	0.0	0.0	0.0	0.07458281817882327	0.0	0.0	
require	0.0	0.0	0.0	0.0	0.0	0.0	0.0	0.07458281817882327	0.0	0.0	
reschedule	0.0	0.0	0.0	0.0	0.0	0.0	0.07083470029648137	0.0	0.0	0.0	
resettle	0.0	0.0	0.0	0.0	0.017384096571678456	0.0	0.0	0.0	0.0	0.0	
resort	0.0	0.0	0.0	0.0	0.0	0.0	0.0	0.0	0.0	0.025742247101920013	
resource	0.0	0.0	0.0	0.0	0.0	0.0	0.0	0.0	0.12928063499035317	0.0	
rest	0.0	0.0	0.0	0.0	0.012150962056083858	0.0	0.0	0.0521311527458446	0.0	0.0	
restless	0.0	0.0	0.0	0.0	0.0	0.0	0.0	0.0	0.0	0.025742247101920013	
retrieve	0.0	0.0	0.0	0.0	0.0	0.0	0.0	0.0	0.0	0.025742247101920013	
returned	0.0	0.0	0.0	0.0	0.0	0.0	0.0	0.0	0.0	0.025742247101920013	
rhett	0.0	0.0	0.0	0.0	0.0	0.0	0.07083470029648137	0.0	0.0	0.0	
rhettandlink	0.0	0.0	0.0	0.0	0.0	0.0	0.07083470029648137	0.0	0.0	0.0	
rim	0.0	0.0	0.0	0.0	0.0	0.0	0.0	0.0	0.12928063499035317	0.0	
rink	0.0	0.0	0.0	0.0	0.017384096571678456	0.0	0.0	0.0	0.0	0.0	
rising	0.0	0.0	0.0	0.0	0.017384096571678456	0.0	0.0	0.0	0.0	0.0	
rmr	0.0	0.0	0.0	0.0	0.0	0.0	0.0	0.0	0.0	0.025742247101920013	
road	0.0	0.0	0.0	0.0	0.0	0.0	0.0	0.0	0.0	0.025742247101920013	
robertabondar	0.0	0.0	0.0	0.0	0.017384096571678456	0.0	0.0	0.0	0.0	0.0	
role	0.0	0.0	0.0	0.0	0.017384096571678456	0.0	0.0	0.0	0.0	0.0	
roll	0.0	0.0	0.0	0.0	0.0	0.0	0.0	0.0	0.09036328599977039	0.017993058568447896	
rolled	0.0	0.0	0.0	0.0	0.017384096571678456	0.0	0.0	0.0	0.0	0.0	
roomwashroom	0.0	0.0	0.0	0.0	0.0	0.0	0.0	0.0	0.0	0.025742247101920013	
round	0.0	0.0	0.0	0.0	0.017384096571678456	0.0	0.0	0.0	0.0	0.0	
rskucheran	0.0	0.0	0.0	0.0	0.017384096571678456	0.0	0.0	0.0	0.0	0.0	
rslc	0.0	0.0	0.0	0.0	0.08692048285839227	0.0	0.0	0.0	0.0	0.0	
ruengineering	0.0	0.0	0.0	0.0	0.017384096571678456	0.0	0.0	0.0	0.0	0.0	
rule	0.0	0.0	0.0	0.0	0.0	0.0	0.0	0.0	0.0	0.025742247101920013	
ryerson	0.0	0.0	0.0	0.0	0.36452886168251575	0.0	0.0	0.0	0.09036328599977039	0.0	
ryersoncue	0.0	0.0	0.0	0.0	0.03476819314335691	0.0	0.0	0.0	0.0	0.0	
ryersondmz	0.0	0.0	0.0	0.0	0.017384096571678456	0.0	0.0	0.0	0.0	0.0	
ryersonedi	0.0	0.0	0.0	0.0	0.08692048285839227	0.0	0.0	0.0	0.0	0.0	
ryersonfcad	0.0	0.0	0.0	0.0	0.06953638628671382	0.0	0.0	0.0	0.0	0.0	
ryersonfixit	0.0	0.0	0.0	0.0	0.017384096571678456	0.0	0.0	0.0	0.0	0.0	
ryersonians	0.0	0.0	0.0	0.0	0.017384096571678456	0.0	0.0	0.0	0.0	0.0	
ryersonjourn	0.0	0.0	0.0	0.0	0.05215228971503537	0.0	0.0	0.0	0.0	0.0	
ryersonjpelp	0.0	0.0	0.0	0.0	0.0	0.0	0.0	0.07458281817882327	0.0	0.0	
ryersonrams	0.0	0.0	0.0	0.0	0.20860915886014147	0.0	0.0	0.0	0.0	0.0	
ryersons	0.0	0.0	0.0	0.0	0.08692048285839227	0.0	0.0	0.0	0.0	0.0	
ryersonsecurity	0.0	0.0	0.0	0.0	0.05215228971503537	0.0	0.0	0.0	0.0	0.0	
ryersonslc	0.0	0.0	0.0	0.0	0.0	0.0	0.0	0.0	0.12928063499035317	0.0	
ryersonu	0.0	0.0	0.0	0.0	0.0	0.06761430887598086	0.0	0.03899777038881467	0.06759809621280116	0.0	
sad	0.0	0.0	0.0	0.15656335997726192	0.0	0.0	0.0	0.0	0.0	0.05397917570534369	
sav	0.0	0.0	0.0	0.0	0.0	0.0	0.0	0.0	0.0	0.025742247101920013	
saving	0.0	0.0	0.0	0.0	0.0	0.0	0.0	0.0	0.12928063499035317	0.0	
scale	0.0	0.0	0.0	0.0	0.0	0.12931164153503685	0.0	0.0	0.0	0.0	
scary	0.0	0.0	0.0	0.0	0.0	0.0	0.0	0.0	0.0	0.025742247101920013	
schedule	0.0	0.0	0.0	0.0	0.017384096571678456	0.0	0.0	0.0	0.0	0.0	
school	0.0	0.0	0.0	0.15656335997726192	0.012150962056083858	0.0	0.0	0.0	0.0	0.0	
schools	0.0	0.0	0.0	0.0	0.017384096571678456	0.0	0.0	0.0	0.0	0.0	
scott	0.0	0.0	0.0	0.0	0.017384096571678456	0.0	0.0	0.0	0.0	0.0	
screen	0.0	0.0	0.0	0.0	0.0	0.12931164153503685	0.0	0.0	0.0	0.0	
screening	0.0	0.0	0.0	0.0	0.03476819314335691	0.0	0.0	0.0	0.0	0.0	
scssstg	0.0	0.0	0.0	0.0	0.017384096571678456	0.0	0.0	0.0	0.0	0.0	
search	0.0	0.0	0.0	0.0	0.0	0.0	0.0	0.0	0.0	0.05148449420384003	
season	0.0	0.0	0.0	0.0	0.03476819314335691	0.0	0.0	0.0	0.0	0.0	
selfie	0.0	0.0	0.0	0.0	0.017384096571678456	0.0	0.0	0.0	0.0	0.0	
senate	0.0	0.0	0.0	0.0	0.017384096571678456	0.0	0.0	0.0	0.0	0.0	
send	0.0	0.0	0.0	0.0	0.017384096571678456	0.0	0.0	0.0	0.0	0.0	
sense	0.0	0.0	0.0	0.0	0.0	0.0	0.0	0.0	0.0	0.025742247101920013	
series	0.0	0.0	0.0	0.0	0.017384096571678456	0.0	0.0	0.0	0.0	0.0	
seriously	0.0	0.0	0.0	0.0	0.0	0.0	0.07083470029648137	0.0	0.0	0.0	
set	0.0	0.0	0.0	0.0	0.0	0.0	0.0	0.0	0.0	0.025742247101920013	
sex	0.0	0.0	0.0	0.0	0.0	0.0	0.0	0.0	0.0	0.025742247101920013	
sexual	0.0	0.0	0.0	0.0	0.017384096571678456	0.0	0.0	0.0	0.0	0.0	
shady	0.0	0.0	0.0	0.0	0.0	0.12931164153503685	0.0	0.0	0.0	0.0	
share	0.0	0.0	0.0	0.0	0.017384096571678456	0.0	0.0	0.0	0.0	0.0	
shares	0.0	0.0	0.0	0.0	0.017384096571678456	0.0	0.0	0.0	0.0	0.0	
shareyourjourney	0.0	0.0	0.0	0.0	0.017384096571678456	0.0	0.0	0.0	0.0	0.0	
shareyourstory	0.0	0.0	0.0	0.0	0.03476819314335691	0.0	0.0	0.0	0.0	0.0	
sharing	0.0	0.0	0.0	0.0	0.017384096571678456	0.0	0.0	0.0	0.0	0.0	
sharon	0.0	0.0	0.0	0.0	0.0	0.0	0.0	0.0	0.0	0.025742247101920013	
shaved	0.0	0.0	0.0	0.0	0.017384096571678456	0.0	0.0	0.0	0.0	0.0	
she	0.0	0.0	0.0	0.0	0.0	0.0	0.0	0.0	0.0	0.025742247101920013	
shenanigans	0.0	0.0	0.0	0.0	0.0	0.0	0.0	0.07458281817882327	0.0	0.0	
shirts	0.0	0.0	0.0	0.0	0.0	0.0	0.0	0.07458281817882327	0.0	0.0	
shit	0.0	0.0	0.0	0.0	0.0	0.0	0.0	0.0	0.0	0.05148449420384003	
shoe	0.0	0.0	0.0	0.0	0.0	0.0	0.0	0.0	0.0	0.025742247101920013	
short	0.0	0.0	0.2040112650985448	0.0	0.0	0.0	0.0	0.0	0.0	0.0	
showing	0.0	0.0	0.0	0.0	0.03476819314335691	0.0	0.0	0.0	0.0	0.0	
shvn	0.0	0.0	0.0	0.0	0.0	0.0	0.0	0.07458281817882327	0.0	0.0	
siblings	0.0	0.0	0.0	0.0	0.0	0.0	0.0	0.0	0.0	0.05148449420384003	
sick	0.0	0.0	0.0	0.0	0.0	0.0	0.049511330773372164	0.0	0.0	0.017993058568447896	
sickkids	0.0	0.0	0.0	0.0	0.03476819314335691	0.0	0.0	0.0	0.0	0.0	
side	0.0	0.0	0.0	0.0	0.0	0.0	0.0	0.0	0.0	0.025742247101920013	
sign	0.0	0.0	0.0	0.0	0.0	0.0	0.0	0.0	0.12928063499035317	0.0	
silva	0.0	0.0	0.0	0.0	0.017384096571678456	0.0	0.0	0.0	0.0	0.0	
silver	0.0	0.0	0.0	0.0	0.017384096571678456	0.0	0.0	0.0	0.0	0.0	
simple	0.0	0.0	0.0	0.0	0.0	0.0	0.14166940059296274	0.0	0.0	0.0	
sin	0.0	0.0	0.0	0.0	0.0	0.0	0.0	0.0	0.12928063499035317	0.0	
sister	0.0	0.0	0.0	0.0	0.0	0.0	0.0	0.0	0.0	0.025742247101920013	
situation	0.0	0.0	0.0	0.0	0.0	0.0	0.0	0.0	0.0	0.025742247101920013	
sivan	0.0	0.0	0.0	0.0	0.0	0.0	0.14166940059296274	0.0	0.0	0.0	
skating	0.0	0.0	0.0	0.0	0.03476819314335691	0.0	0.0	0.0	0.0	0.0	
skills	0.0	0.0	0.0	0.0	0.017384096571678456	0.0	0.0	0.0	0.0	0.0	
skipped	0.0	0.0	0.0	0.0	0.0	0.0	0.0	0.0	0.12928063499035317	0.0	
slc	0.0	0.0	0.0	0.0	0.0	0.0	0.0	0.0	0.12928063499035317	0.0	
sleep	0.0	0.0	0.0	0.0	0.0	0.0	0.0	0.0	0.0	0.07722674130576004	
slice	0.0	0.0	0.0	0.0	0.017384096571678456	0.0	0.0	0.0	0.0	0.0	
smash	0.0	0.0	0.0	0.0	0.0	0.0	0.0	0.0	0.0	0.025742247101920013	
snap	0.0	0.0	0.0	0.0	0.017384096571678456	0.0	0.0	0.0	0.0	0.0	
snapchat	0.0	0.0	0.0	0.0	0.017384096571678456	0.0	0.0	0.0	0.0	0.0	
social	0.0	0.0	0.0	0.0	0.017384096571678456	0.0	0.0	0.0	0.0	0.0	
softwares	0.0	0.0	0.0	0.0	0.0	0.0	0.0	0.0	0.0	0.025742247101920013	
solve	0.0	0.0	0.0	0.0	0.017384096571678456	0.0	0.0	0.0	0.0	0.0	
son	0.0	0.0	0.0	0.0	0.0	0.0	0.07083470029648137	0.0	0.0	0.0	
song	0.0	0.0	0.0	0.0	0.0	0.0	0.0	0.07458281817882327	0.0	0.0	
soo	0.0	0.0	0.2040112650985448	0.0	0.0	0.0	0.0	0.0	0.0	0.0	
sosieductive	0.0	0.0	0.0	0.0	0.017384096571678456	0.0	0.0	0.0	0.0	0.0	
soulllll	0.0	0.0	0.0	0.0	0.0	0.0	0.0	0.0	0.0	0.025742247101920013	
space	0.0	0.0	0.0	0.0	0.0	0.0	0.0	0.0	0.0	0.025742247101920013	
spanday	0.0	0.0	0.0	0.0	0.0	0.0	0.0	0.0	0.0	0.05148449420384003	
speak	0.0	0.0	0.0	0.0	0.017384096571678456	0.0	0.0	0.0	0.0	0.0	
speaker	0.0	0.0	0.0	0.0	0.03476819314335691	0.0	0.0	0.0	0.0	0.0	
speaks	0.0	0.0	0.0	0.0	0.017384096571678456	0.0	0.0	0.0	0.0	0.0	
special	0.0	0.0	0.0	0.0	0.06953638628671382	0.0	0.0	0.0	0.0	0.0	
spend	0.0	0.0	0.0	0.0	0.0	0.12931164153503685	0.0	0.0	0.0	0.0	
spent	0.0	0.0	0.0	0.0	0.012150962056083858	0.0	0.0	0.0	0.0	0.017993058568447896	
spirit	0.0	0.0	0.0	0.0	0.0	0.0	0.0	0.0	0.0	0.025742247101920013	
sportsnet	0.0	0.0	0.0	0.0	0.017384096571678456	0.0	0.0	0.0	0.0	0.0	
spot	0.0	0.0	0.0	0.0	0.0	0.0	0.0	0.0	0.0	0.025742247101920013	
spring	0.0	0.19583464128976338	0.0	0.15656335997726192	0.0	0.0	0.0	0.0	0.0	0.0	
springbreak	0.0	0.0	0.0	0.0	0.017384096571678456	0.0	0.0	0.0	0.0	0.0	
square	0.0	0.0	0.0	0.0	0.0	0.0	0.0	0.0	0.12928063499035317	0.0	
st	0.0	0.0	0.0	0.0	0.03476819314335691	0.0	0.0	0.0	0.0	0.0	
staff	0.0	0.0	0.0	0.0	0.03476819314335691	0.0	0.0	0.0	0.0	0.0	
star	0.0	0.0	0.0	0.0	0.017384096571678456	0.0	0.0	0.0	0.0	0.0	
staring	0.0	0.0	0.0	0.0	0.0	0.0	0.0	0.0	0.0	0.025742247101920013	
stars	0.0	0.0	0.0	0.0	0.017384096571678456	0.0	0.0	0.0	0.0	0.0	
start	0.0	0.0	0.0	0.0	0.0	0.0	0.0	0.0	0.09036328599977039	0.017993058568447896	
starting	0.0	0.0	0.0	0.0	0.036452886168251576	0.0903849586444424	0.0	0.0	0.0	0.0	
states	0.0	0.0	0.0	0.0	0.0	0.0	0.0	0.0	0.0	0.025742247101920013	
stating	0.0	0.0	0.0	0.0	0.0	0.0	0.0	0.0	0.0	0.025742247101920013	
stay	0.0	0.0	0.0	0.0	0.0	0.0	0.0	0.0521311527458446	0.0	0.017993058568447896	
stefcoinc	0.0	0.0	0.0	0.0	0.0	0.0	0.0	0.07458281817882327	0.0	0.0	
stephentaylor	0.0	0.0	0.0	0.0	0.0	0.0	0.0	0.07458281817882327	0.0	0.0	
stfu	0.0	0.0	0.0	0.0	0.0	0.0	0.0	0.0	0.0	0.025742247101920013	
stick	0.0	0.0	0.0	0.0	0.0	0.0	0.0	0.0	0.12928063499035317	0.0	
stiff	0.0	0.0	0.0	0.0	0.0	0.0	0.0	0.0	0.0	0.025742247101920013	
stolen	0.0	0.0	0.0	0.0	0.0	0.0	0.0	0.0	0.0	0.025742247101920013	
stopping	0.0	0.0	0.0	0.0	0.017384096571678456	0.0	0.0	0.0	0.0	0.0	
storage	0.0	0.0	0.0	0.0	0.0	0.0	0.0	0.0	0.0	0.025742247101920013	
store	0.0	0.0	0.0	0.0	0.0	0.0	0.0	0.07458281817882327	0.0	0.0	
straight	0.0	0.0	0.0	0.0	0.0	0.12931164153503685	0.0	0.0	0.0	0.0	
stressed	0.0	0.0	0.0	0.22399152897267474	0.0	0.0	0.0	0.0	0.0	0.0	
strong	0.0	0.0	0.2040112650985448	0.0	0.0	0.0	0.0	0.0	0.0	0.0	
stuartinthecage	0.0	0.0	0.0	0.0	0.0	0.0	0.0	0.37291409089411637	0.0	0.0	
student	0.0	0.0	0.0	0.0	0.08692048285839227	0.0	0.0	0.0	0.0	0.0	
studentlife	0.3770133523236564	0.0	0.0	0.0	0.0	0.0	0.0	0.0	0.0	0.0	
students	0.0	0.0	0.0	0.0	0.2433773520034984	0.0	0.0	0.0	0.0	0.0	
study	0.0	0.0	0.0	0.0	0.08692048285839227	0.0	0.0	0.0	0.0	0.0	
stuff	0.0	0.0	0.0	0.0	0.0	0.12931164153503685	0.0	0.0	0.0	0.0	
styleblogger	0.0	0.2801760305519763	0.0	0.0	0.0	0.0	0.0	0.0	0.0	0.0	
success	0.0	0.0	0.0	0.0	0.017384096571678456	0.0	0.0	0.0	0.0	0.0	
sun	0.0	0.0	0.0	0.0	0.0	0.0	0.0	0.0	0.0	0.025742247101920013	
sunday	0.0	0.0	0.0	0.0	0.017384096571678456	0.0	0.0	0.0	0.0	0.0	
super	0.0	0.0	0.0	0.0	0.0	0.0	0.0	0.0	0.0	0.025742247101920013	
supply	0.0	0.0	0.2040112650985448	0.0	0.0	0.0	0.0	0.0	0.0	0.0	
support	0.0	0.0	0.0	0.0	0.03476819314335691	0.0	0.0	0.0	0.0	0.0	
survey	0.0	0.0	0.0	0.0	0.05215228971503537	0.0	0.0	0.0	0.0	0.0	
susanne	0.0	0.0	0.0	0.0	0.017384096571678456	0.0	0.0	0.0	0.0	0.0	
sweet	0.0	0.0	0.0	0.0	0.012150962056083858	0.0	0.0	0.0	0.0	0.017993058568447896	
swing	0.0	0.0	0.0	0.0	0.017384096571678456	0.0	0.0	0.0	0.0	0.0	
sync	0.0	0.0	0.0	0.0	0.0	0.0	0.0	0.0	0.0	0.025742247101920013	
tackle	0.0	0.0	0.0	0.0	0.017384096571678456	0.0	0.0	0.0	0.0	0.0	
tad	0.0	0.0	0.0	0.0	0.0	0.0	0.0	0.0	0.0	0.025742247101920013	
takes	0.0	0.0	0.0	0.0	0.03476819314335691	0.0	0.0	0.0	0.0	0.0	
tale	0.0	0.0	0.0	0.0	0.017384096571678456	0.0	0.0	0.0	0.0	0.0	
talk	0.0	0.0	0.0	0.0	0.017384096571678456	0.0	0.0	0.0	0.0	0.0	
tapping	0.0	0.0	0.0	0.0	0.017384096571678456	0.0	0.0	0.0	0.0	0.0	
tara	0.0	0.0	0.0	0.0	0.0	0.0	0.0	0.0	0.0	0.025742247101920013	
tarts	0.0	0.0	0.0	0.0	0.0	0.0	0.0	0.0	0.0	0.025742247101920013	
tbh	0.0	0.0	0.0	0.0	0.0	0.0	0.0	0.0	0.0	0.05148449420384003	
tea	0.0	0.0	0.0	0.0	0.0	0.0	0.0	0.0	0.12928063499035317	0.0	
team	0.0	0.0	0.0	0.0	0.08692048285839227	0.0	0.0	0.0	0.0	0.0	
teams	0.0	0.0	0.0	0.0	0.017384096571678456	0.0	0.0	0.0	0.0	0.0	
technology	0.0	0.0	0.0	0.0	0.017384096571678456	0.0	0.0	0.0	0.0	0.0	
ten	0.0	0.0	0.0	0.0	0.0	0.0	0.0	0.0	0.0	0.025742247101920013	
terms	0.0	0.0	0.0	0.0	0.0	0.0	0.07083470029648137	0.0	0.0	0.0	
test	0.0	0.0	0.0	0.0	0.017384096571678456	0.0	0.0	0.0	0.0	0.0	
textbooks	0.0	0.0	0.0	0.0	0.017384096571678456	0.0	0.0	0.0	0.0	0.0	
textbooksforchange	0.0	0.0	0.0	0.0	0.017384096571678456	0.0	0.0	0.0	0.0	0.0	
thankyou	0.0	0.0	0.0	0.0	0.0	0.12931164153503685	0.0	0.0	0.0	0.0	
that	0.0	0.0	0.0	0.0	0.0	0.0	0.07083470029648137	0.0	0.0	0.0	
theatre	0.0	0.0	0.0	0.0	0.017384096571678456	0.0	0.0	0.0	0.0	0.0	
thepussyasylum	0.0	0.0	0.0	0.0	0.0	0.2586232830700737	0.0	0.0	0.0	0.0	
thesestyleblogger	0.0	0.2801760305519763	0.0	0.0	0.0	0.0	0.0	0.0	0.0	0.0	
thesis	0.0	0.0	0.0	0.0	0.017384096571678456	0.0	0.0	0.0	0.0	0.0	
thesoo	0.0	0.0	0.2040112650985448	0.0	0.0	0.0	0.0	0.0	0.0	0.0	
thing	0.0	0.0	0.0	0.0	0.012150962056083858	0.0903849586444424	0.0	0.0	0.0	0.0	
things	0.0	0.0	0.0	0.0	0.0	0.0	0.0	0.0	0.0	0.05148449420384003	
third	0.0	0.0	0.0	0.0	0.017384096571678456	0.0	0.0	0.0	0.0	0.0	
thishni	0.0	0.0	0.0	0.0	0.017384096571678456	0.0	0.0	0.0	0.0	0.0	
tho	0.0	0.0	0.0	0.0	0.0	0.0	0.07083470029648137	0.0	0.0	0.0	
thorough	0.0	0.0	0.0	0.0	0.0	0.0	0.0	0.0	0.0	0.025742247101920013	
thought	0.0	0.0	0.0	0.0	0.0	0.0	0.0	0.07458281817882327	0.0	0.0	
three	0.0	0.0	0.0	0.0	0.012150962056083858	0.0	0.0	0.0	0.0	0.017993058568447896	
threemonthold	0.0	0.0	0.0	0.0	0.0	0.0	0.0	0.0	0.0	0.025742247101920013	
thursday	0.0	0.0	0.0	0.0	0.03476819314335691	0.0	0.0	0.0	0.0	0.0	
tim	0.0	0.0	0.0	0.0	0.0	0.0	0.0	0.0	0.12928063499035317	0.0	
time	0.0	0.0	0.0	0.0	0.0181795492064629	0.0	0.0	0.0	0.06759809621280116	0.05384029546139337	
times	0.0	0.0	0.0	0.0	0.0	0.0	0.0	0.0	0.0	0.025742247101920013	
timhortons	0.0	0.0	0.0	0.0	0.0	0.0	0.0	0.0	0.12928063499035317	0.0	
titles	0.0	0.0	0.0	0.0	0.017384096571678456	0.0	0.0	0.0	0.0	0.0	
to	0.0	0.0	0.0	0.0	0.0	0.0	0.0	0.0	0.09036328599977039	0.017993058568447896	
today	0.0	0.0	0.0	0.0	0.062260447864403365	0.15437482726154392	0.028187961250262978	0.0	0.0	0.04097548013990314	
tomorrow	0.0	0.0	0.0	0.0	0.191225062288463	0.0	0.0	0.0	0.0	0.0	
tonight	0.0	0.0	0.0	0.0	0.10430457943007074	0.0	0.0	0.0	0.0	0.0	
tooth	0.0	0.0	0.0	0.0	0.017384096571678456	0.0	0.0	0.0	0.0	0.0	
top	0.0	0.0	0.0	0.0	0.03476819314335691	0.0	0.0	0.0	0.0	0.0	
toronto	0.0	0.0	0.0	0.0	0.00908977460323145	0.06761430887598086	0.07407591842666586	0.0	0.0	0.0	
torontos	0.0	0.0	0.0	0.0	0.017384096571678456	0.0	0.0	0.0	0.0	0.0	
torontostyle	0.0	0.2801760305519763	0.0	0.0	0.0	0.0	0.0	0.0	0.0	0.0	
total	0.0	0.0	0.0	0.0	0.0	0.0	0.0	0.07458281817882327	0.0	0.0	
totally	0.0	0.0	0.0	0.0	0.0	0.0	0.0	0.0	0.0	0.025742247101920013	
tour	0.0	0.0	0.0	0.0	0.024301924112167715	0.0	0.049511330773372164	0.0	0.0	0.0	
track	0.0	0.0	0.0	0.0	0.0	0.0	0.0	0.0	0.0	0.025742247101920013	
tracks	0.0	0.0	0.0	0.0	0.0	0.0	0.0	0.0	0.0	0.025742247101920013	
transfer	0.0	0.0	0.0	0.0	0.0	0.0	0.0	0.0	0.0	0.025742247101920013	
transformation	0.0	0.0	0.0	0.0	0.017384096571678456	0.0	0.0	0.0	0.0	0.0	
traor	0.0	0.0	0.0	0.0	0.017384096571678456	0.0	0.0	0.0	0.0	0.0	
trend	0.0	0.2801760305519763	0.0	0.0	0.0	0.0	0.0	0.0	0.0	0.0	
trig	0.0	0.0	0.0	0.22399152897267474	0.0	0.0	0.0	0.0	0.0	0.0	
trilogy	0.0	0.0	0.0	0.0	0.017384096571678456	0.0	0.0	0.0	0.0	0.0	
trivy	0.0	0.0	0.0	0.0	0.0	0.0	0.07083470029648137	0.0	0.0	0.0	
troll	0.0	0.0	0.0	0.0	0.0	0.0	0.0	0.07458281817882327	0.0	0.0	
trolledhave	0.0	0.0	0.0	0.0	0.0	0.0	0.0	0.07458281817882327	0.0	0.0	
troye	0.0	0.0	0.0	0.0	0.0	0.0	0.28333880118592547	0.0	0.0	0.0	
troyeing	0.0	0.0	0.0	0.0	0.0	0.0	0.07083470029648137	0.0	0.0	0.0	
troyesivan	0.0	0.0	0.0	0.0	0.0	0.0	0.4958429020753696	0.0	0.0	0.0	
trsmryersonu	0.0	0.0	0.0	0.0	0.05215228971503537	0.0	0.0	0.0	0.0	0.0	
trudeau	0.0	0.0	0.0	0.22399152897267474	0.0	0.0	0.0	0.0	0.0	0.0	
trust	0.0	0.0	0.0	0.0	0.0	0.0	0.07083470029648137	0.0	0.0	0.0	
turning	0.0	0.0	0.0	0.0	0.017384096571678456	0.0	0.0	0.0	0.0	0.0	
tweet	0.19713226861692731	0.0	0.0	0.0	0.00908977460323145	0.0	0.0	0.0	0.0	0.013460073865348343	
twelveofspades	0.0	0.0	0.0	0.0	0.0	0.0	0.0	0.0	0.0	0.10296898840768005	
twitter	0.0	0.0	0.0	0.0	0.0	0.12931164153503685	0.0	0.0	0.0	0.0	
types	0.0	0.0	0.0	0.0	0.0	0.0	0.0	0.07458281817882327	0.0	0.0	
unbelievable	0.0	0.0	0.0	0.0	0.0	0.0	0.0	0.0	0.0	0.025742247101920013	
understand	0.0	0.0	0.0	0.0	0.0	0.0	0.0	0.0	0.0	0.025742247101920013	
underway	0.0	0.0	0.0	0.0	0.017384096571678456	0.0	0.0	0.0	0.0	0.0	
unexpected	0.0	0.0	0.0	0.0	0.0	0.0	0.0	0.0	0.0	0.025742247101920013	
unfortunate	0.0	0.0	0.0	0.0	0.0	0.0	0.0	0.0	0.0	0.025742247101920013	
uninterrupted	0.0	0.0	0.0	0.0	0.0	0.0	0.0	0.0	0.0	0.025742247101920013	
unpainted	0.0	0.0	0.0	0.0	0.0	0.0	0.0	0.07458281817882327	0.0	0.0	
untapped	0.0	0.0	0.0	0.0	0.017384096571678456	0.0	0.0	0.0	0.0	0.0	
upgrade	0.0	0.0	0.0	0.0	0.0	0.0	0.0	0.0	0.0	0.025742247101920013	
van	0.0	0.0	0.0	0.0	0.0	0.0	0.0	0.0	0.0	0.025742247101920013	
vehicles	0.0	0.0	0.0	0.0	0.017384096571678456	0.0	0.0	0.0	0.0	0.0	
viceprincipals	0.0	0.0	0.2040112650985448	0.0	0.0	0.0	0.0	0.0	0.0	0.0	
video	0.0	0.0	0.0	0.0	0.00908977460323145	0.06761430887598086	0.03703795921333293	0.0	0.0	0.0	
videos	0.0	0.0	0.0	0.0	0.0	0.0	0.0	0.0	0.0	0.025742247101920013	
view	0.0	0.0	0.0	0.0	0.017384096571678456	0.0	0.0	0.0	0.0	0.0	
village	0.0	0.0	0.0	0.0	0.017384096571678456	0.0	0.0	0.0	0.0	0.0	
viola	0.0	0.0	0.0	0.0	0.13907277257342765	0.0	0.0	0.0	0.0	0.0	
violence	0.0	0.0	0.0	0.0	0.017384096571678456	0.0	0.0	0.0	0.0	0.0	
virgin	0.0	0.0	0.0	0.0	0.0	0.0	0.0	0.0	0.0	0.025742247101920013	
virus	0.0	0.0	0.0	0.0	0.017384096571678456	0.0	0.0	0.0	0.0	0.0	
visa	0.0	0.0	0.0	0.0	0.0	0.12931164153503685	0.0	0.0	0.0	0.0	
visit	0.0	0.0	0.0	0.0	0.1216886760017492	0.0	0.0	0.0	0.0	0.0	
visitors	0.0	0.0	0.0	0.0	0.017384096571678456	0.0	0.0	0.0	0.0	0.0	
vlogbrotherss	0.0	0.0	0.0	0.0	0.0	0.0	0.07083470029648137	0.0	0.0	0.0	
volleyball	0.0	0.0	0.0	0.0	0.03476819314335691	0.0	0.0	0.0	0.0	0.0	
vu	0.0	0.0	0.0	0.0	0.0	0.0	0.0	0.0	0.0	0.025742247101920013	
vw	0.0	0.0	0.0	0.0	0.017384096571678456	0.0	0.0	0.0	0.0	0.0	
wait	0.0	0.0	0.0	0.0	0.017384096571678456	0.0	0.0	0.0	0.0	0.0	
waiting	0.0	0.0	0.0	0.0	0.0	0.0	0.049511330773372164	0.0	0.0	0.017993058568447896	
wake	0.0	0.0	0.0	0.0	0.0	0.0	0.0	0.0	0.0	0.025742247101920013	
walk	0.0	0.0	0.0	0.0	0.0	0.0	0.0	0.0	0.0	0.025742247101920013	
waltongoggins	0.0	0.0	0.2040112650985448	0.0	0.0	0.0	0.0	0.0	0.0	0.0	
wanna	0.0	0.0	0.0	0.0	0.0	0.0	0.0	0.0	0.0	0.05148449420384003	
war	0.0	0.0	0.0	0.0	0.017384096571678456	0.0	0.0	0.0	0.0	0.0	
waste	0.0	0.0	0.0	0.0	0.0	0.12931164153503685	0.0	0.0	0.0	0.0	
watch	0.0	0.0	0.0	0.0	0.05215228971503537	0.0	0.0	0.0	0.0	0.0	
watching	0.0	0.0	0.14259775485052653	0.0	0.0	0.0	0.0	0.0	0.0	0.017993058568447896	
ways	0.0	0.0	0.0	0.0	0.0	0.0	0.0	0.0	0.0	0.025742247101920013	
wear	0.0	0.2801760305519763	0.0	0.0	0.0	0.0	0.0	0.0	0.0	0.0	
wearechamps	0.0	0.0	0.0	0.0	0.017384096571678456	0.0	0.0	0.0	0.0	0.0	
wednesday	0.0	0.0	0.0	0.0	0.012150962056083858	0.0	0.0	0.0	0.0	0.017993058568447896	
week	0.0	0.0	0.0	0.0	0.0363590984129258	0.0	0.0	0.0	0.13519619242560232	0.013460073865348343	
weekend	0.0	0.0	0.0	0.0	0.024301924112167715	0.0	0.0	0.0	0.36145314399908157	0.0	
weeks	0.3770133523236564	0.0	0.0	0.0	0.0	0.0	0.0	0.0	0.0	0.0	
welcoming	0.0	0.0	0.0	0.0	0.03476819314335691	0.0	0.0	0.0	0.0	0.0	
werrams	0.0	0.0	0.0	0.0	0.22599325543181994	0.0	0.0	0.0	0.0	0.0	
west	0.0	0.0	0.0	0.0	0.0	0.0	0.0	0.0	0.0	0.025742247101920013	
westmoreland	0.0	0.0	0.0	0.0	0.017384096571678456	0.0	0.0	0.0	0.0	0.0	
whens	0.0	0.0	0.0	0.0	0.0	0.0	0.0	0.0	0.0	0.025742247101920013	
whoops	0.0	0.0	0.0	0.0	0.0	0.0	0.07083470029648137	0.0	0.0	0.0	
whyryerson	0.0	0.0	0.0	0.0	0.12150962056083857	0.0	0.049511330773372164	0.0	0.0	0.0	
whyryersonryersonu	0.0	0.0	0.0	0.0	0.0	0.0	0.07083470029648137	0.0	0.0	0.0	
whyryersons	0.0	0.0	0.0	0.0	0.017384096571678456	0.0	0.0	0.0	0.0	0.0	
will	0.0	0.0	0.09051928813952634	0.0	0.019283200438184264	0.028687625985386416	0.015714589690223737	0.0	0.028680747222218417	0.017132655995628687	
wilson	0.0	0.0	0.0	0.0	0.017384096571678456	0.0	0.0	0.0	0.0	0.0	
wilsoncup	0.0	0.0	0.0	0.0	0.017384096571678456	0.0	0.0	0.0	0.0	0.0	
win	0.0	0.0	0.0	0.0	0.05215228971503537	0.0	0.0	0.0	0.0	0.0	
winked	0.0	0.0	0.0	0.0	0.0	0.0	0.0	0.0	0.0	0.025742247101920013	
winner	0.0	0.0	0.0	0.0	0.017384096571678456	0.0	0.0	0.0	0.0	0.0	
winners	0.0	0.0	0.0	0.0	0.03476819314335691	0.0	0.0	0.0	0.0	0.0	
wisely	0.0	0.0	0.0	0.0	0.0	0.0	0.0	0.0	0.0	0.025742247101920013	
wisryerson	0.0	0.0	0.0	0.0	0.017384096571678456	0.0	0.0	0.0	0.0	0.0	
wit	0.0	0.0	0.0	0.0	0.0	0.0	0.0	0.0	0.0	0.025742247101920013	
wittle	0.0	0.0	0.0	0.0	0.0	0.0	0.0	0.0	0.0	0.05148449420384003	
woman	0.0	0.0	0.0	0.0	0.012150962056083858	0.0	0.0	0.0521311527458446	0.0	0.0	
women	0.0	0.0	0.0	0.0	0.012150962056083858	0.0903849586444424	0.0	0.0	0.0	0.0	
womens	0.0	0.0	0.0	0.0	0.05215228971503537	0.0	0.0	0.0	0.0	0.0	
won	0.0	0.0	0.0	0.0	0.024301924112167715	0.0	0.0	0.0521311527458446	0.0	0.0	
wonder	0.0	0.0	0.0	0.0	0.0	0.0	0.0	0.0	0.0	0.025742247101920013	
wondering	0.0	0.0	0.0	0.0	0.017384096571678456	0.0	0.0	0.0	0.0	0.0	
wont	0.0	0.0	0.0	0.0	0.0	0.0	0.07083470029648137	0.0	0.0	0.0	
work	0.0	0.0	0.0	0.0	0.006917827540489263	0.05145827575384798	0.0	0.0	0.10289187401837532	0.02048774006995157	
working	0.0	0.0	0.0	0.0	0.0181795492064629	0.0	0.0	0.03899777038881467	0.06759809621280116	0.0	
works	0.0	0.0	0.0	0.0	0.0	0.0	0.0	0.0	0.0	0.025742247101920013	
worried	0.0	0.0	0.0	0.0	0.0	0.0	0.07083470029648137	0.0	0.0	0.0	
worst	0.0	0.0	0.0	0.22399152897267474	0.0	0.0	0.0	0.0	0.0	0.0	
worth	0.0	0.0	0.0	0.0	0.0	0.0	0.0	0.0	0.0	0.025742247101920013	
wow	0.0	0.0	0.0	0.0	0.0	0.0	0.0	0.0	0.0	0.12871123550960006	
write	0.0	0.0	0.0	0.0	0.0	0.0	0.0	0.0	0.0	0.025742247101920013	
writing	0.0	0.0	0.0	0.0	0.017384096571678456	0.0	0.0	0.0	0.0	0.0	
wrong	0.0	0.0	0.0	0.0	0.0	0.0	0.0	0.07458281817882327	0.0	0.0	
wuuuuuuut	0.0	0.0	0.0	0.0	0.0	0.0	0.0	0.0	0.0	0.025742247101920013	
ya	0.0	0.0	0.0	0.0	0.0	0.0	0.0	0.0	0.0	0.025742247101920013	
yahoomac	0.0	0.0	0.0	0.0	0.017384096571678456	0.0	0.0	0.0	0.0	0.0	
ydsquare	0.0	0.0	0.0	0.0	0.0	0.0	0.0	0.0	0.12928063499035317	0.0	
year	0.0	0.0	0.0	0.0	0.02075348262146779	0.05145827575384798	0.0	0.02967948731286594	0.0	0.02048774006995157	
years	0.0	0.0	0.0	0.0	0.012150962056083858	0.0	0.0	0.0	0.0	0.05397917570534369	
yelllllllow	0.0	0.0	0.0	0.0	0.0	0.0	0.0	0.0	0.0	0.025742247101920013	
yonge	0.0	0.0	0.0	0.0	0.0	0.0	0.0	0.0	0.12928063499035317	0.0	
you	0.0	0.0	0.0	0.0	0.0	0.0	0.03703795921333293	0.03899777038881467	0.0	0.026920147730696686	
youth	0.0	0.0	0.0	0.0	0.012150962056083858	0.0	0.09902266154674433	0.0	0.0	0.0	
zika	0.0	0.0	0.0	0.0	0.017384096571678456	0.0	0.0	0.0	0.0	0.0	
zmfxo	0.0	0.0	0.0	0.0	0.017384096571678456	0.0	0.0	0.0	0.0	0.0	
