"screen_name": "lindsrichh"
"id": 729106740319379458
"created_at": "2016-05-07 20:32:47"
"lang": "en"
"location": "mississauga"
"time_zone": "null"
"url": "null"
"favourites_count": 9129
"followers_count": 125
"followerIDs": [550557902, 985305136292646914, 1630352570, 261264961, 994847505111187456, 999816542299869184, 1001441167853146113, 1961890369, 3828617853, 966860064559546368, 751773355, 723290522396274688, 483925177, 148086598, 962761330976481280, 962139304087703552, 570402739, 928019507892846592, 955067741425238017, 950140265938989056, 2905178436, 1617863958, 951372204033347584, 2900076279, 947640392463323138, 3472196669, 554000371, 422894796, 1325529866, 241292536, 932168929312571392, 3029005781, 1195338272, 773725065435312128, 3339692488, 1553936658, 919664643286732800, 919385141939720192, 2999547816, 2796431336, 3645395429, 769755070070136832, 884333346817552385, 2202632293, 2390703480, 859017104196071424, 90570778, 3968922141, 850032247029846016, 4868323773, 837868476039593986, 339904098, 51311274, 715149737637191680, 717089309854019584, 2798917776, 3274307821, 2826950808, 812702457683918848, 810121470793818112, 810263946468925441, 799440340038127617, 3041662173, 803963825271820289, 3405752697, 792829455324643328, 776497626351017984, 800813220466302976, 2895030648, 1849222790, 724698366, 1543682706, 223227574, 106233338, 572207923, 773520857431965696, 1177630926, 1167669566, 550481702, 2699403256, 562853313, 730557503965138945, 754497062419521536, 3148590906, 2533812655, 289819808, 1331769432, 707379178832797696, 3875004497, 355652730, 4765848437, 2219745066, 598315354, 740935626112012288, 740922595583889408, 4084305220, 739193875357675520, 2211117474, 30876967, 4811074549, 3184797655, 735041967445282816, 3010535450, 3286996555, 2765997165, 3203619791, 4114377255, 725705133305126912, 731147847974944768, 2157246552, 342726881, 3300671972, 719008992572387328, 3854820143, 2896986684, 729292023266746368, 3632998336, 854829181, 3234908752, 3302819367, 726388140664078336, 1648435526, 2611728213, 2705375961, 2612871448 ]
"friends_count": 461
"friendIDs": [44674447, 184866881, 18776647, 123575972, 850032247029846016, 550557902, 403856435, 3164774627, 310463188, 1694866502, 751440337466368000, 15687962, 927723546880516096, 985915732595703809, 2425897009, 999816542299869184, 1029138386, 928207329182359558, 1961890369, 580097412, 3063032281, 19279990, 3323304052, 983405585004662784, 702973788204433410, 100576626, 73412535, 718495181914316801, 529654692, 3653740512, 3026497557, 723290522396274688, 483925177, 4659857115, 148086598, 262310943, 818714126226591744, 104086983, 30602016, 265807449, 26937559, 438662331, 962139304087703552, 4075391115, 1164739514, 570402739, 135039839, 89104707, 173677727, 380433983, 301132410, 389586834, 19636948, 197196311, 281911941, 44561223, 3306070329, 515722353, 115072361, 19426551, 2304914424, 145870212, 230407089, 29206353, 26528926, 471025196, 585162644, 841709982, 706581278225633280, 351981299, 175272294, 876577176111525890, 41864529, 526242766, 398743078, 531073333, 474556896, 39314337, 349197425, 937593789996240897, 743904221364355076, 243492768, 167898437, 3286628262, 18679703, 257230695, 407260939, 892060631985254400, 197208081, 22215139, 1633811846, 266336410, 702852973664272384, 277767458, 2418100549, 779100876, 307426028, 709540733456224257, 4918738512, 736938383931375617, 2793040095, 752271023765008384, 2767174197, 4831368021, 1684710368, 27849166, 3472196669, 422894796, 554000371, 861715688637046784, 1325529866, 596838631, 849090432860639234, 3133765822, 457554412, 72582613, 4913460410, 3320478908, 901019483086745601, 28265228, 3975545654, 4035503243, 323869414, 2435901126, 158848407, 3029005781, 1195338272, 38340479, 3339692488, 919385141939720192, 768978873937723392, 3892952488, 863897408132067328, 202696063, 565826211, 2191956311, 2999547816, 3828617853, 2597537258, 170423650, 770844443503042560, 12449542, 110365072, 125435019, 859877064, 755244832633872385, 526251774, 114431094, 389091387, 2426671226, 2524515587, 2917885609, 738548206431285248, 323795047, 108200716, 466545618, 3645395429, 761390342587486208, 769755070070136832, 742890878537080832, 4204965493, 730524264420519936, 778871387486162945, 572207923, 1157406157, 742781941305376768, 772419408, 21994291, 28697672, 456067841, 811651567510167553, 3377501074, 1663309118, 2893511188, 2390703480, 3301882437, 2252651012, 32303277, 520782722, 2193406789, 79890469, 43303265, 41510393, 815702924361957376, 864299263811088386, 2718313920, 77529009, 2736947080, 859017104196071424, 745158841407442944, 2572277423, 19418146, 268593031, 200884406, 90570778, 1668476570, 778792104, 450042577, 357330871, 1683902406, 1242457452, 3295870101, 4869038031, 2658517250, 113338591, 3968922141, 191693193, 4765934779, 43298203, 423846772, 33995947, 31864360, 4611248660, 18872613, 29541297, 18922142, 17358958, 18484733, 2907681996, 735954043, 2290684478, 263195972, 367566714, 278098811, 41468683, 58990464, 122261841, 573565184, 22901762, 2847890246, 837868476039593986, 471563294, 81885525, 789177140, 751773355, 1542193914, 43302753, 512659921, 2810381366, 51311274, 33390855, 59319830, 67737989, 868894248, 492566290, 2798917776, 4694365376, 759725036, 2405275230, 2826950808, 741409870713393152, 325385973, 576936107, 1228389222, 1559700620, 812702457683918848, 810121470793818112, 3098333920, 20702626, 799440340038127617, 23796987, 3041662173, 403198209, 3115854528, 518966802, 66699013, 803963825271820289, 3405752697, 792829455324643328, 800813220466302976, 32324577, 795755448150491136, 791441856232099840, 702522784, 4868323773, 623798966, 724698366, 702153001314562052, 1037668669, 453660830, 533691364, 753531787, 1626691268, 223227574, 44527648, 106233338, 153859097, 3026381417, 2672335613, 49825435, 177345928, 1177630926, 136165096, 2221394253, 252368415, 419904918, 481693150, 1167669566, 3105140289, 2699403256, 700491605, 2771205538, 1960959528, 730557503965138945, 66544351, 351413444, 62536211, 2290631791, 97690357, 2900076279, 238871120, 39860984, 34006062, 212553071, 17587207, 355652730, 598315354, 740687825197268992, 740922595583889408, 2748585072, 23494080, 2442670850, 368703433, 44532687, 40326689, 1898815243, 218938576, 95541499, 18028996, 3184797655, 2274109425, 40981798, 103990561, 36704352, 2727648287, 18912121, 366937615, 3976153997, 1406068524, 168767461, 3147024002, 78343188, 3361617495, 2577921278, 3301025103, 3319452874, 516771605, 7517222, 2786256366, 2387765124, 771913682, 182033179, 139848744, 819685194, 3632998336, 725705133305126912, 185449401, 971809056, 30817647, 221573745, 15050433, 2547003985, 18236230, 3018886604, 3196458072, 39956893, 854829181, 2896986684, 3165886640, 46186400, 3302819367, 1849222790, 280165115, 297047872, 68412310, 89349394, 27398435, 21415235, 4343626713, 3203619791, 1014462470, 505388352, 836539074, 37338814, 234443392, 47264317, 1648435526, 2612871448, 2611728213, 18734884, 21349535, 2765997165, 14994418, 57841792, 23711472, 270606277, 2853530154, 30495613, 2490480992, 21783220, 891794228, 122482029, 2157246552, 1898511402, 2364845365, 176566242, 3217846228, 15023872, 122555803, 322744081, 70725301, 955885435, 359099321, 433804134, 147023972, 2575305835, 480577832, 172887151, 355708717, 163181095, 54403121, 110895343, 3300671972, 3328049303, 42663408, 1195370804, 195508960, 218606509, 70466929, 834281252, 2237744911, 1414227914, 139242827, 27047046, 17733320, 571864363, 2245639517, 15290441, 162679978, 3993491654, 79863704, 311741957, 4765848437, 351110691, 89014429, 32855511, 150041309, 30902177, 2419931916, 14230524, 40059553, 14631115, 151583233, 3038295012, 517077573, 96879107, 23578046, 2768203635, 77596200, 707379178832797696, 2705375961]
"statuses_count": 883
"date_followed": "2018-06-29"
"obtained_tweets": 836