"screen_name": "awosaint"
"id": 33881385
"created_at": "2009-04-21 07:58:22"
"lang": "null"
"location": "Toronto, Ontario"
"time_zone": "null"
"url": "https://t.co/AxaKdb32l0"
"favourites_count": 134
"followers_count": 148
"followerIDs": [207204761, 1883469775, 234844089, 1006526999555342337, 968082796534214657, 945894560017895424, 2865300358, 787667188660445184, 830413850474340352, 114852581, 791742499391938560, 812753361900605440, 806287167546937344, 789239768840306688, 778217430929801216, 3859047322, 2214221194, 41905245, 146882579, 296982055, 1269961374, 2559162749, 2963282199, 959865414, 4883202202, 726320411038863360, 723175121423200257, 3401311330, 3066998664, 162069176, 460008602, 409304625, 319117258, 4361994803, 304353672, 2916133982, 4204866389, 4173392675, 174577575, 4038576021, 3720583168, 3633843688, 3394233965, 160699959, 3342528155, 3304322260, 2274295728, 397312819, 1900221727, 3131375248, 3130478715, 3105585736, 135295059, 2490269568, 2274934358, 243997724, 187593465, 1530019536, 98880863, 2897295496, 465771470, 749670247, 2793887691, 771708169, 81097031, 2699619360, 486415618, 44113760, 2582594539, 1467843122, 1541547060, 2517232497, 182965111, 2340276643, 47907842, 248576305, 2241121666, 2182974435, 193692885, 208965360, 1885896648, 1903156452, 23742864, 216502078, 1580355258, 607456143, 1440303139, 1582675489, 1563886537, 1562491362, 335343032, 245636013, 1303300358, 1248221347, 374598256, 105718951, 594681113, 88927104, 1007744329, 194994903, 425805209, 700696501, 624056015, 924520681, 425433657, 584092267, 201372074, 190580390, 83585249, 636238211, 579679430, 26258900, 451875417, 158782113, 446435609, 249038823, 440222330, 405647083, 384194152, 383228991, 461927635, 372309182, 257625447, 356818282, 254581691, 398750563, 25070631, 365788621, 155878438, 74236644, 317125174, 315157919, 313852014, 310783940, 288982283, 135126837, 219404998, 182812952, 19154824, 85893732, 164139427, 63224473, 81821022, 42092054, 78386536, 53464968, 29023443, 33853738 ]
"friends_count": 380
"friendIDs": [89760824, 207204761, 44113760, 378809160, 495817269, 594681113, 73406718, 3199307859, 112110438, 3238832901, 326250156, 43731357, 42680856, 2483954344, 46979986, 21790160, 1523681, 38515708, 85433682, 2459609448, 55310516, 120256225, 43907991, 120106749, 1536791610, 822215679726100480, 3202496544, 128267983, 190718541, 217183633, 210896263, 226547857, 13896552, 19000033, 17659340, 19636948, 12993222, 21238524, 19038934, 6433472, 8736882, 12848262, 243679064, 18870182, 16295454, 19377913, 685513, 250708048, 29930178, 3133543325, 1337785291, 309340221, 1900338114, 38679388, 605805760, 297174372, 22209176, 15670515, 74286565, 34442404, 10671602, 276939439, 54502344, 50883209, 17351972, 20348431, 300114634, 415859364, 24892308, 2411447383, 1381545950, 759984042, 508912396, 16348549, 59949396, 48991949, 23560015, 1339835893, 1093090866, 19103481, 16331010, 69271273, 135295059, 173620667, 182965111, 789605024, 1467843122, 713993413, 8159472, 2541999628, 2884771, 27860681, 627673190, 135187648, 153004670, 16683014, 12609292, 68999404, 19915362, 17899109, 4898091, 40932856, 16184358, 17044207, 1330457336, 39511166, 14708747, 5120691, 537099235, 29944465, 16581604, 186027737, 277985183, 243997724, 56891751, 222953824, 57339160, 248929204, 48141619, 1134465295, 44900997, 325512390, 2849322795, 1325242020, 20536157, 63796828, 248827135, 2155649270, 26787673, 14732889, 355307031, 273826206, 259460777, 179530750, 1896896846, 111556576, 1954402777, 1332968917, 342080796, 101311381, 138372303, 711853548, 1557704252, 2374037131, 204481211, 8735592, 105718951, 452155423, 196504255, 23742864, 86141342, 15012486, 277920665, 28785486, 1262229906, 599001082, 177583133, 219683269, 124189302, 105297123, 577057543, 783214, 5988062, 413487212, 468668318, 3108351, 34082810, 21021891, 184910040, 109347321, 2367911, 14224719, 1440303139, 56505125, 20689749, 10228272, 88927104, 194994903, 44606764, 146823654, 23151437, 225539878, 18139619, 45112524, 219294551, 366592246, 109081861, 16570573, 11859822, 15770447, 39634561, 47475621, 875771341, 27768807, 15819466, 20545055, 71209897, 14075928, 26813101, 68819587, 555448499, 407977463, 30614676, 19315174, 104636007, 190580390, 35757323, 16560657, 31239408, 256881576, 207923746, 75025395, 44204341, 19671129, 15754281, 180505807, 19709040, 14700117, 344801362, 21445688, 53496813, 61996893, 470130723, 155878438, 301413580, 293496939, 226299107, 151536205, 16190898, 25387183, 6860232, 236891946, 17409452, 158782113, 282551767, 372309182, 95023423, 46343990, 112411597, 823905, 192947735, 612473, 85318467, 18213483, 128022083, 63977305, 110458336, 57295940, 34713362, 91478624, 18424289, 18091004, 188539577, 1994321, 18949452, 214835358, 9411482, 213969309, 409486555, 7587032, 231416608, 117087700, 373978904, 372755940, 380592102, 211846330, 57320024, 343627165, 265902729, 125346858, 7309052, 126733638, 157011426, 61781260, 36670025, 248332338, 384951307, 14159148, 14511951, 18601182, 14191254, 24291371, 85452649, 82319018, 34006192, 176566301, 39975533, 32660559, 25238117, 4970411, 9695312, 263284370, 374484765, 66857043, 33933259, 28718775, 15809249, 14857290, 42220353, 14836197, 17329538, 344634424, 269713045, 39360648, 19230601, 14580438, 19980499, 186386857, 428333, 36042554, 807095, 12044602, 14293310, 51241574, 1652541, 22940219, 41147159, 108568373, 29479000, 34891363, 9499692, 216299334, 259379883, 69266428, 285332860, 58598187, 84358766, 18228898, 22685200, 43965146, 156132825, 250831586, 2883841, 20609518, 140070953, 19923144, 36117822, 259925559, 155659213, 2097571, 17243213, 822215673812119553, 39837477, 42519612, 34613288, 60865434, 32453930, 91316071, 219404998, 135126837, 229860431, 265429162, 25959730, 52420819, 119771348, 113317910, 135973690, 26589987, 50725573, 19397785, 18220175, 101825544, 20659839, 19154824, 53817066, 78386536, 26565946, 27260086, 26809005, 5402612, 17471979, 759251, 14872237, 813286, 50393960, 742143, 18863815, 2557521, 22910295, 23505298]
"statuses_count": 69
"date_followed": "2020-02-14"
"obtained_tweets": 65