"screen_name": "CabiyaIvan"
"id": 1105257749225660418
"created_at": "2019-03-11 20:02:36"
"lang": "null"
"location": "Santo Domingo, Dominican Rep."
"time_zone": "null"
"url": "null"
"favourites_count": 3355
"followers_count": 10
"followerIDs": [1210389181907603456, 1077601632, 230793588, 149797759, 775814992108978176, 19054245, 712018814972633088, 1090608874414133249, 39302767, 4913943194 ]
"friends_count": 281
"friendIDs": [89760824, 1225258742029148160, 227409764, 355591226, 1214676229816832001, 559229566, 972568544037756929, 1221191481957867521, 1217558172929380352, 1049726446544056320, 1213577900835753984, 1161327176861356034, 1182041806294409221, 15220118, 46435756, 16033530, 584345340, 825153022653128704, 253340075, 924836857988313088, 1194413925569159169, 1265068920, 1209085271842721793, 2916305152, 83535615, 1199294567935303685, 1202987305893539841, 43919376, 786970758614437888, 1072770924305367041, 2381716825, 1282798525, 125801505, 617513400, 1322565949, 1197878469264396289, 370310957, 1102941075075989509, 1185441751370215425, 1171513313408110592, 1105328746737926144, 476193064, 19834403, 170254080, 94129050, 4793106795, 2723713757, 2455740283, 929399289436147713, 851714902498717696, 1005821053401169921, 152781295, 1180871463395454979, 1162406671311888385, 1007987285999128576, 798212750228987905, 1046929590663483392, 1138626066648424448, 20479813, 1175292276769198080, 1150993041513177088, 14335586, 3356531254, 4351743432, 965004924370079744, 1120945443767296000, 3295670177, 3253224984, 1023396592554921984, 59958288, 318993598, 1162495379574857731, 4861360623, 1146762497061376001, 149797759, 117777690, 1006419421244678144, 143104075, 814282091571642368, 1151331156526272512, 849660729242341378, 949040844425891840, 14075928, 1152934812417712128, 65045121, 20395281, 48474932, 903299136413474816, 1408717616, 1082334352711790593, 775814992108978176, 3141672447, 1155281024345096192, 15764644, 435331179, 94366606, 483521999, 15161984, 783792992, 3009320488, 2746644073, 16310951, 1031283976957292547, 955988804116078592, 46310609, 1375572042, 772162638667255808, 2458781599, 1436973182, 962338085467017217, 4913943194, 7816392, 49253479, 809931074113597445, 18648536, 1522464770, 755024353708892160, 1030212554705002496, 3241154353, 704892618333888512, 18430758, 907082526749073408, 1085301763710861314, 200965355, 1077792047086686208, 45717439, 341924311, 21684013, 1116077861880958977, 875247725381644289, 344331268, 18938912, 547860279, 2600571722, 29001010, 903036556688195584, 4492836553, 25557638, 897112521978544129, 864926050035400705, 395477244, 464245847, 25821918, 709179930148343808, 215394809, 976995099170062338, 155814794, 334862183, 813554157097459714, 63302020, 44701155, 377641878, 35485571, 36618079, 81285400, 581317961, 928022995964190720, 2633624624, 41004809, 916163922, 216618670, 956281019618988032, 44748824, 515143410, 37710752, 1227117612, 119166791, 27212934, 817076257770835968, 3830097076, 1052686587253932032, 199407137, 1242762397, 176774540, 1126348623850168320, 22318474, 1120582633, 1082968500249997313, 977298824489140224, 1537159855, 1915033663, 1119998415864324096, 289853473, 316389142, 1102018362941587459, 1092477559999221763, 828633573875994625, 1592002099, 2405966118, 17214479, 1087027686495670272, 1111977121080053760, 1102974090581864448, 1115297680224206867, 15999738, 228456219, 1663172653, 1085558184239157250, 92539480, 117652722, 2977355947, 5880462, 168987151, 16298441, 1114561434086723584, 1099762340, 749720350246699008, 13493302, 905977813534171137, 1363470846, 2843127121, 787506663838277633, 1048303684331945985, 939091, 970207298, 723105529623511040, 3375809956, 572941265, 2800076436, 50084102, 875467097756676096, 1081298037711036417, 182236262, 701725963, 56276182, 2460380950, 1148644417, 93341477, 804617563, 941109866202091521, 9989862, 808524596181921793, 794340244967538689, 61220477, 61592079, 43963249, 73238146, 1603439773, 66609950, 342863309, 29472053, 811377, 3340266785, 18648265, 47799910, 505332002, 627856231, 2292129751, 701455946, 39157744, 21076522, 27938182, 1447245938, 38339409, 2541453392, 150151699, 998979768790827009, 5162861, 4202381433, 4891683136, 306490355, 3366532685, 813567747468750848, 157981564, 725255153821962241, 1659679688, 2774042815, 1695169405, 357606935, 807095, 2467791, 13850422, 2097571, 759251, 742601614968553472, 815993022634754048, 4643246025, 216776631, 29442313, 1079104563280527364, 138203134]
"statuses_count": 113
"date_followed": "2020-02-14"
"obtained_tweets": 112