"screen_name": "Captain_Alice_"
"id": 1228042674437074950
"created_at": "2020-02-13 14:46:21"
"lang": "null"
"location": "Toronto, Ontario"
"time_zone": "null"
"url": "null"
"favourites_count": 124
"followers_count": 2
"followerIDs": [1090632578632241152, 1097531188338552832 ]
"friends_count": 122
"friendIDs": [1140090941195325440, 79438625, 197554405, 15493820, 1123274196098920453, 756584190112591872, 15966995, 19377913, 16295454, 27244848, 17565514, 89760824, 3196494064, 1151883911271763969, 60987792, 149282848, 2887391470, 259602009, 3795486743, 120325121, 725076563302174720, 896126557, 166364712, 3972562461, 253340075, 5988062, 1097531188338552832, 5402612, 19397785, 26053643, 15485441, 15846407, 813286, 428333, 115485051, 46335511, 16303106, 158414847, 180887271, 2452465303, 29754743, 2513973205, 376927648, 36984909, 14892665, 930386257, 44718864, 82120358, 60637549, 75050644, 373683618, 145647271, 212621119, 2467791, 5768872, 74186967, 16228398, 18965790, 36728196, 203132018, 39275966, 30013357, 82447525, 43355844, 22631935, 291332154, 1393812230, 2365063687, 293210232, 1073141409169985537, 73406718, 21212604, 23655688, 21238524, 613556386, 40316065, 19025957, 9300262, 14293310, 1223101, 742143, 13896552, 91193025, 14260960, 18999969, 87818409, 19038934, 24700876, 19000033, 13850422, 16973333, 17659340, 12993222, 8736882, 19636948, 14216661, 12848262, 6433472, 1652541, 807095, 116502194, 203123011, 759251, 2344419362, 1899063048, 2937436849, 104532480, 442026896, 190817371, 44196397, 14713787, 2809959174, 16397147, 16708360, 243679064, 106176977, 118743846, 302071347, 121514648, 16708161, 24000965, 39728435]
"statuses_count": 31
"date_followed": "2020-02-14"
"obtained_tweets": 31