"screen_name": "debbieann2701"
"id": 493453611
"created_at": "2012-02-15 15:28:16"
"lang": "null"
"location": ""
"time_zone": "null"
"url": "null"
"favourites_count": 300
"followers_count": 15
"followerIDs": [2387446975, 78500772, 379437564, 705709371, 969283238, 2729503747, 2575946444, 2566050976, 1122636778362548225, 3193870987, 3219814397, 720982417939386368, 4923795454, 2531759408, 101249385 ]
"friends_count": 93
"friendIDs": [34713362, 89760824, 16295454, 2387446975, 720982417939386368, 2575946444, 2729503747, 969283238, 705709371, 2566050976, 14529929, 357606935, 29442313, 3193870987, 216776631, 25073877, 1223101, 409486555, 15846407, 1339835893, 27314633, 17659340, 13896552, 14705603, 14173315, 39178125, 420763308, 2531759408, 2874411406, 4836947526, 19025957, 19377913, 15649577, 43889656, 2788585158, 4923795454, 14724725, 261994545, 832944391748722688, 65184105, 24425930, 24215427, 209733302, 2215968480, 2237360992, 2417986828, 778258076109529088, 123645063, 720947428426428416, 203123011, 85452649, 24000965, 17684375, 194150526, 25053299, 15492359, 20562637, 19606528, 91478624, 14800270, 15485441, 15994109, 248714917, 34310801, 40918282, 14216661, 74186967, 116502194, 12848262, 20792210, 227837742, 19636948, 6433472, 18965790, 8736882, 5988062, 813286, 3219814397, 3219959758, 428333, 228416330, 2208086687, 2343559562, 759251, 2742568542, 25087685, 2936884635, 101249385, 128267983, 14295156, 38531995, 19397785, 15224867]
"statuses_count": 69
"date_followed": "2020-02-14"
"obtained_tweets": 68