"screen_name": "erahs100"
"id": 725661695520198656
"created_at": "2016-04-28 08:23:25"
"lang": "null"
"location": ""
"time_zone": "null"
"url": "null"
"favourites_count": 16
"followers_count": 1
"followerIDs": [517834946 ]
"friends_count": 275
"friendIDs": [99788417, 16295454, 69196802, 18409861, 16271343, 22562961, 19025957, 500231605, 16270679, 89760824, 91774878, 24201621, 230718494, 336564991, 30976343, 142338997, 953354096752214017, 138115730, 35259973, 306433243, 1113350133805088768, 2382308605, 4847657433, 1003474377722212357, 25365536, 2192655026, 1036403696, 2538011298, 301568235, 2212735524, 454898193, 2626263112, 4243102643, 25029495, 3003229901, 111712557, 106176977, 2315575873, 2338923949, 913203265466257408, 2322580746, 114817935, 1030076250562469889, 843860617895333888, 1284539983, 304115278, 1110571509725257729, 1022545181000773632, 216513475, 1194962714, 902798011, 84097797, 197208081, 22252699, 25740994, 819273992200683520, 22535921, 24754839, 4196983835, 1930799012, 16980340, 3011465491, 3754730532, 4566279854, 845540450, 38056181, 2228878592, 846137120209190912, 415979373, 38095865, 992554666830454784, 857775041743683584, 1019249187786035200, 270674314, 895378507878076416, 453831333, 896470155068309506, 321452575, 91898849, 72297658, 769251079917887489, 21961964, 23480698, 2639628538, 593830020, 187354183, 2196264826, 2167436588, 737141460, 17746966, 1242457452, 707354300, 449782864, 737805899058679808, 314106075, 390765919, 773577336369324032, 50393960, 937154990, 18726727, 22956018, 2699271332, 3172744407, 1016706886794526720, 331358298, 237369721, 87784433, 133894278, 370093868, 84091246, 463933187, 19636948, 606436913, 760501956184080385, 3460469361, 2497135040, 517834946, 22276616, 965676764197523458, 276063061, 77877636, 843883863109746688, 74712538, 21611536, 966907074, 204832963, 713171863489351680, 2508812068, 1024684760503918592, 40918282, 843859833543675904, 255177928, 260186552, 961409220, 2857731232, 24261916, 1471147392, 1564289160, 2228667494, 355581570, 431671222, 730499375840022528, 2893511188, 827180944004091905, 42690248, 523778748, 843860265498263552, 850339384339685376, 2896051620, 843880447272767490, 783824407181594624, 179670866, 14526582, 19206656, 30913137, 45769630, 38807340, 23649829, 1653540006, 1278873972, 1617918140, 2906570805, 82430290, 821699497, 45913677, 267247267, 97040343, 918207158793195521, 21620005, 855474806, 3235342814, 987194570, 34340707, 32530883, 44956058, 35706566, 50227506, 822215679726100480, 837790369404289029, 811099995873026048, 874323059687260162, 253688871, 16341166, 36375825, 16926550, 41353531, 210824456, 48752324, 61228608, 179762980, 767396, 3364336283, 91918932, 132193623, 76980224, 424348640, 1927746272, 750754961474981888, 123273422, 154221292, 2218377602, 59315821, 2786147872, 1356775578, 371962132, 1074787322, 293639471, 284754156, 2288712320, 545404708, 2233321020, 53144417, 2456684617, 36368631, 242339712, 52422878, 38491229, 4657815993, 1016265686, 1339835893, 168264219, 630113, 2374291111, 143058193, 20711586, 20184582, 16313405, 15576565, 25073877, 185732355, 177284604, 46115892, 485293400, 177287178, 393524037, 264472839, 73406718, 2743909678, 12599562, 2518331167, 28095466, 97189578, 106470258, 157152601, 16360663, 2925200237, 4197863061, 2892159742, 9567972, 759251, 336629117, 16648538, 16737961, 191154332, 25533888, 61795238, 2233209373, 154620151, 1114973904, 338075023, 3240304221, 66724335, 342686172, 31204302, 318066568, 428333, 18638090, 19038934, 8736882, 6433472, 14260960, 15485441, 17293388, 32162441, 15846407]
"statuses_count": 13
"date_followed": "2020-02-14"
"obtained_tweets": 13