"screen_name": "mary_alcas"
"id": 714249642972749825
"created_at": "2016-03-27 20:35:59"
"lang": "null"
"location": ""
"time_zone": "null"
"url": "null"
"favourites_count": 9845
"followers_count": 5
"followerIDs": [1097102462324924417, 54497050, 1014297304482791424, 944745778307670016, 706489866507280384 ]
"friends_count": 66
"friendIDs": [89760824, 3197063113, 17461978, 62717681, 73406718, 3671440813, 17919972, 21983381, 256940065, 3013065426, 999673559290015744, 100300056, 79409984, 520043572, 121398054, 298958407, 133450109, 848887514, 40942456, 54902299, 334477309, 349441616, 827056168044425217, 707455013380030464, 487236629, 1892416010, 15443879, 3401159893, 3399350774, 3313874522, 54497050, 3327562608, 3668128756, 4631779572, 1524971593, 79266482, 813664420094046208, 39455426, 25272149, 122609727, 2150112956, 35907199, 3523870992, 72276797, 3301396250, 3281368988, 137654214, 34297511, 145514541, 38908587, 189503518, 268371982, 3466155973, 199274986, 1263292416, 233104818, 17363090, 3308699810, 282082074, 270176702, 79355995, 3282218791, 67309732, 147791622, 98310564, 63701775]
"statuses_count": 6022
"date_followed": "2020-02-14"
"obtained_tweets": 2953