"screen_name": "DenaRhoades"
"id": 2598096762
"created_at": "2014-07-01 10:55:12"
"lang": "en"
"location": ""
"time_zone": "null"
"url": "null"
"favourites_count": 8
"followers_count": 55
"followerIDs": [747501385365618689, 14506320, 999363206098309121, 48230278, 4852455786, 993264229154111488, 873917177157562369, 906939425543921664, 845921922546249728, 3803280142, 22222294, 2327147091, 833226773336780800, 804134197543636992, 467549258, 87570330, 192266256, 87049371, 547738315, 2501923896, 3589868354, 1730551896, 18128532, 564185811, 2587759956, 2824704660, 2151749275, 628824159, 3158922336, 206352741, 2207561796, 3070139238, 1942777518, 3060462686, 2842822506, 1887998228, 2993937704, 31954546, 33794303, 2833087290, 2251092420, 2898931243, 411858512, 2797249565, 22896378, 1615476150, 19688416, 2727300979, 314691023, 370942431, 35220676, 2167548607, 148032640, 24396988, 1708671468 ]
"friends_count": 125
"friendIDs": [1009027970, 22222294, 373449677, 22850940, 512548171, 4745097367, 2781500888, 3226546669, 2327147091, 822865881889812481, 382471812, 151363426, 718611905355493376, 3262473824, 767574442679504896, 15276154, 16452121, 723578884147433472, 20018016, 87049371, 479001720, 3589868354, 2811855997, 4357777346, 4852455786, 2548519746, 1730551896, 1681027274, 2903162029, 2908637628, 2814356593, 1451846300, 2960063954, 2993937704, 3287862720, 2587759956, 61387936, 628824159, 22938914, 2981761727, 3060462686, 1942777518, 3070139238, 2207561796, 3008411400, 30264308, 17093617, 2666601612, 1887998228, 2273318682, 2284000405, 550879393, 16857753, 16045268, 15211944, 166230109, 27864285, 188760481, 15492359, 31954546, 2501923896, 2833087290, 2251092420, 10221312, 346139025, 33794303, 1058529517, 554082261, 53471883, 19739126, 17074714, 26565946, 15428227, 386244525, 34738598, 2167548607, 41474889, 2727300979, 22896378, 69525060, 19736069, 22450947, 2166897308, 135399008, 19414975, 168904735, 370942431, 1615476150, 2726429035, 148032640, 2621298969, 365266858, 2443990645, 1425638000, 2686601324, 313773582, 2355256579, 116857688, 564185811, 15418679, 205071001, 39138376, 44989004, 411858512, 614455708, 2505919940, 273173306, 175921135, 2309065285, 14788264, 1528470516, 30870432, 1074894853, 269363671, 597692019, 267569424, 28194264, 28390598, 51115996, 364717587, 300490280, 19688416, 35220676, 24396988, 1708671468]
"statuses_count": 7
"date_followed": "2018-07-09"
"obtained_tweets": 7