"screen_name": "ceegee67402760"
"id": 1225971982224719872
"created_at": "2020-02-07 21:38:06"
"lang": "null"
"location": ""
"time_zone": "null"
"url": "null"
"favourites_count": 185
"followers_count": 7
"followerIDs": [1084125895403675649, 982748380202909696, 896484703179374592, 1211886371645689856, 1225637027934162944, 1074624805696004096, 624480985 ]
"friends_count": 48
"friendIDs": [89760824, 24998433, 996245368416407553, 633500251, 275280249, 16935292, 16220555, 48817946, 18213483, 16690722, 912988142, 203132018, 232427887, 543799267, 75065396, 1549041758, 14713787, 203123011, 1138913734020255744, 1129703971378143232, 259756333, 494612269, 1122858502874124288, 2280019405, 1070669930679492609, 1006419421244678144, 1019974187975430144, 31303822, 273256194, 624480985, 2696723713, 1005090338, 2155691491, 140252240, 415773647, 492492626, 366225624, 39977710, 25125905, 16621410, 36395646, 1038402630, 1023393086, 1014532460, 1082000847368679424, 3285528240, 467576758, 958196173]
"statuses_count": 457
"date_followed": "2020-02-14"
"obtained_tweets": 457