"screen_name": "FrankRittersha1"
"id": 853467534946742272
"created_at": "2017-04-16 00:38:11"
"lang": "null"
"location": ""
"time_zone": "null"
"url": "null"
"favourites_count": 518
"followers_count": 5
"followerIDs": [189773769, 763829550, 228833415, 449128142, 877522231168991233 ]
"friends_count": 132
"friendIDs": [89760824, 130516054, 193725962, 17073913, 1134325988, 1430378414, 236842567, 805860518074470400, 87299430, 319141541, 2608075261, 821699497, 65289126, 361270172, 750751206427860992, 624056226, 718495181914316801, 393852070, 580097412, 241382835, 47285504, 2715115656, 3063032281, 47786101, 2893511188, 237845487, 304679484, 262041062, 145363546, 15227791, 15443224, 2693837167, 62894963, 301813030, 378047108, 48471268, 1137700339, 495074432, 2796926471, 93465778, 718869104556281856, 438125534, 501073736, 138372303, 265588915, 1042851939619414017, 262817348, 33835533, 2350218440, 449128142, 707354300, 1039945446, 3688012215, 712136178036649984, 135668838, 3559852575, 786578466888187904, 810682562473377792, 130491582, 602317143, 19029137, 18396070, 144003355, 1323187164, 325832193, 561754773, 106609386, 1633344980, 45122598, 78270570, 1614874813, 368220699, 361150095, 19596687, 533085085, 1269425228, 2809959174, 335443543, 381711575, 51233139, 207056115, 493278212, 773069256, 342599843, 1670174994, 330446733, 1283561876, 2359476565, 47985470, 85433682, 100605247, 248714917, 40918282, 424348640, 3248522734, 50004938, 242601417, 360751055, 53834054, 183252751, 159967760, 16295454, 277056881, 262161277, 327553884, 1242457452, 877522231168991233, 182533578, 146164390, 240448624, 916247215, 19377913, 12993222, 47650483, 194439261, 23762005, 60597469, 111422855, 27917781, 18999969, 24623145, 28373457, 48389872, 1197908053, 331003396, 184964515, 17071845, 55594930, 21212604, 26252161, 74463640, 1374932796]
"statuses_count": 340
"date_followed": "2020-02-14"
"obtained_tweets": 340