"screen_name": "jake_sisko"
"id": 1228852658892689408
"created_at": "2020-02-15 20:24:47"
"lang": "null"
"location": ""
"time_zone": "null"
"url": "null"
"favourites_count": 26
"followers_count": 1
"followerIDs": [365506772 ]
"friends_count": 163
"friendIDs": [1478303342, 46107973, 19089339, 286992377, 889040342, 325068048, 282857997, 978807879246536704, 2338618020, 156798166, 626138330, 1016362012614512640, 2311077698, 434271579, 131172264, 174878238, 1306720339, 258978908, 120001148, 367371190, 59811175, 86320422, 20176082, 416025003, 964244906, 67693826, 468834014, 43695177, 865300797130764288, 22711857, 103594620, 18302691, 237738519, 242827267, 21525682, 405706603, 788225600, 180641137, 188007231, 20059181, 21328706, 22190567, 43355844, 273488652, 184444620, 180887271, 37115912, 16220555, 130516054, 89760824, 17389318, 12599562, 16311530, 14181214, 28370071, 74186967, 18654401, 36065127, 17073913, 64434700, 956635140435988481, 247402941, 271445418, 867462325049208833, 19918228, 2478148638, 15346695, 729366190632488961, 344331268, 19636948, 8736882, 116502194, 203123011, 68711727, 35115058, 1731904891, 821699497, 18430758, 14538949, 190817371, 2809959174, 2791988124, 949385210080169986, 215632349, 487857297, 871840368433786880, 256360738, 807073758196494336, 861416960164286466, 29442313, 825823199489318912, 429227921, 2281173619, 398490298, 55272667, 265670359, 965655219504861185, 1415969750, 14855994, 885106951562113024, 177177601, 1541727181, 18192639, 244211904, 777004766777880577, 3064984647, 1161646903, 820705814906339328, 938571992856330241, 28150927, 216776631, 15473574, 1039945446, 1082334352711790593, 87060818, 208361818, 753623149929869312, 27817680, 23473928, 757300766478663680, 973540492490153986, 742453163098296320, 1517329339, 871154994212474881, 2810984968, 815733290955112448, 14957147, 1080584229510172678, 2153429514, 2225668362, 2776408672, 1082730144794587137, 1085266622, 833666870020562944, 28910863, 216065430, 771152516, 832035949, 2413537274, 28941139, 67805368, 1276123381, 930386257, 1187004211, 783792992, 2422634642, 2579463973, 882295588003467264, 59853076, 151721324, 600257798, 16397147, 1141419020, 355591226, 770323159086206976, 25694156, 64024324, 24121620, 1700741989, 31013444, 1079769536730140672, 253340075, 23865382]
"statuses_count": 25
"date_followed": "2020-02-14"
"obtained_tweets": 25