"screen_name": "JMac_NGen"
"id": 18005987
"created_at": "2008-12-09 18:23:22"
"lang": "null"
"location": "London, Ontario"
"time_zone": "null"
"url": "null"
"favourites_count": 2594
"followers_count": 353
"followerIDs": [1128034182016458752, 311794007, 1084994774497558528, 973681153793077249, 17836769, 1125120869234139136, 1024083307422773248, 1025431670277767168, 3604296432, 308244993, 793479301156843520, 257784050, 963761946020347904, 1060566245962067968, 2564516872, 773923975625904128, 784692975083413504, 1094964937309515777, 1059491620419235841, 1197185971860754432, 1103890236658999296, 194821026, 110494613, 1194252104929558529, 38011280, 961663552862998529, 1004570916267835395, 39919950, 1060697636, 130139784, 1144142456310513665, 1079056672130248705, 1161591770301394944, 20309008, 390776515, 615731341, 166018799, 1950473222, 89724483, 933301818, 20645843, 976765958546223104, 1164505155611635712, 561393017, 1063819590130524162, 613734682, 1166000921245048832, 77311692, 2304123457, 1098954716019593216, 391031446, 570261432, 971886708479361024, 2474116022, 2241451213, 3181751101, 4496390241, 746045138531651584, 842457876509667329, 2869880453, 983777633283510272, 24159964, 1043179986268479488, 362236431, 16491888, 1435693218, 1033011811027640322, 2370863695, 3070609456, 796394238447591425, 195751983, 109010995, 430312738, 153037266, 1119460148395823104, 2573708424, 1460111257, 832130096, 110830214, 27767093, 819571243489824769, 3450239837, 1935194054, 700557859650674688, 753585659324035072, 2981431, 951528935426228225, 582081674, 932623743880482816, 788246419, 1067650666477338624, 342861027, 880532149270609920, 1483578271, 3067196101, 83875123, 1044636318905421824, 250305664, 64819384, 154729588, 1019976328160923648, 109720909, 94475118, 89570834, 2559369301, 55643166, 2393692934, 191243272, 880043873447366656, 948648231046696961, 1016392952845885440, 119935760, 111741883, 23016699, 135563317, 481482506, 88764812, 348028362, 755476641049092096, 29310406, 879798303071903744, 3222630215, 1032817384753639424, 1027411666449776641, 288232527, 19732741, 872478663698259968, 1021104648764223495, 1009502067860410368, 61623544, 1007357080670531585, 73597164, 981150826780438530, 85882309, 732778398, 723198084696645632, 282212192, 554560244, 22743546, 363523893, 49314467, 16556796, 69138846, 69606678, 1304669910, 96306270, 5928922, 892749694996279297, 288467148, 2361510798, 730132016788811780, 796394572205039616, 157787375, 456378746, 3046968550, 4487756474, 2162697578, 2967169385, 16381184, 2300760350, 1180274570, 300615275, 73189829, 282109235, 3407401, 2661031489, 3221552263, 238197220, 171110141, 309242225, 144925796, 203543496, 44780864, 3368370478, 245486787, 180819552, 476050022, 19024826, 114833112, 72374012, 824445614230556673, 841437061, 856952755046449152, 325553106, 17993404, 2752170219, 3254643002, 22923784, 254260903, 897960157770067970, 884152905091219456, 16960668, 322870978, 252865379, 822563133822795780, 2584167966, 862111845687058434, 980922584, 866697072, 37031464, 2847817270, 42716909, 492762040, 617783325, 553498223, 3156881419, 839182995319816193, 16415324, 207329263, 1355914766, 37500996, 780797066427588608, 201519497, 891377682, 211020999, 76016535, 251418217, 782246086182264832, 708349109, 935558348, 2789796048, 15190357, 2281190407, 2451122311, 572000183, 14345566, 19913451, 2329281919, 1018962877, 2894181436, 68528717, 4151561836, 1059302892, 42096674, 1972435472, 3973121981, 2850210735, 3836924956, 3469979300, 2499124208, 3312687038, 2911222549, 3024443924, 3034942420, 379008073, 22421795, 585280863, 2911694222, 2892685653, 221456056, 931070748, 2726401968, 2815189062, 113152969, 730040814, 18255185, 74341866, 40537685, 779265612, 404953759, 234414877, 803847, 2292779928, 425498139, 772225555, 209223008, 20601500, 1597874058, 1322950309, 220207252, 1186488667, 18205129, 1132738686, 22950439, 482056320, 261273549, 395537704, 410427997, 550644912, 574520980, 546821569, 167192781, 16747757, 87548695, 219782064, 603839309, 117440033, 552234513, 322616613, 158914001, 28577259, 123326795, 75270675, 417047008, 357816771, 476180650, 735243, 516971755, 247967420, 18004609, 23880267, 424531126, 38190216, 246395986, 204536811, 421159567, 318730262, 400619360, 171938776, 272163991, 248457282, 300392581, 52222832, 32147629, 216645678, 45038583, 244242483, 192989223, 38465211, 278968305, 203115187, 239395631, 47700513, 281426356, 37060003, 32870752, 283035735, 285961650, 61671069, 277012125, 122483372, 41044925, 67516281, 18446175, 113369924, 161423338, 19597508, 257957948, 121483664, 66718091, 43698860, 8274422, 74732486, 140957043, 39105035, 775861, 94125899, 123855061, 250464730, 138759244, 19295603, 17665656, 2222451 ]
"friends_count": 963
"friendIDs": [89760824, 107527111, 854836448997949440, 979827806023618560, 920096512540995584, 240690104, 768249025, 1041440329, 1128034182016458752, 2664177324, 3985877735, 1225426870121967621, 2571877574, 1632884738, 851540696192483329, 1214204862080024582, 1200489244168458241, 33936754, 274743304, 348462666, 873624924711256064, 422724082, 1188783800689418240, 518814263, 1092870525574094849, 2161983944, 245212504, 311794007, 631988630, 405059213, 378174065, 1084994774497558528, 4900837993, 27294043, 973681153793077249, 17836769, 38498866, 86533185, 57852539, 15033673, 2696723713, 312194762, 2256702638, 18060714, 970207298, 2317351705, 316389142, 2835276183, 940055742, 4054663515, 618299309, 3604296432, 1050451447660331015, 1025431670277767168, 2651818550, 4265546836, 4719932832, 91142585, 3329558424, 203132018, 2564516872, 2296375273, 1060566245962067968, 900137504594169856, 3161188267, 2829026055, 912204822, 3140842793, 14713787, 1094964937309515777, 194821026, 1197185971860754432, 452594759, 110494613, 1059491620419235841, 1194252104929558529, 18686907, 290546578, 1093325265164369920, 19400202, 38290648, 74186967, 89570834, 35820849, 362486891, 258913789, 570851027, 16219502, 961663552862998529, 234245306, 555369883, 1484948112, 773923975625904128, 769265025060073476, 1004570916267835395, 2617653918, 4192414240, 1060697636, 418828898, 130139784, 621185967, 417517047, 44504311, 35306615, 23645051, 347254359, 872118797720850433, 195751983, 1149312610870988802, 1080543680266715136, 252865379, 20309008, 390776515, 34965187, 997411276019126277, 1108385876382568450, 932623743880482816, 1276123381, 93858456, 16557472, 2231310842, 1031955333416144902, 278916110, 246971783, 89724483, 2467944685, 166018799, 106130298, 17899109, 409486555, 161801527, 317277278, 353257203, 2317741999, 577412009, 1599155034, 44184445, 855971079772360707, 615731341, 2209184113, 1143379761286139904, 785416200, 1014156841771773953, 862048925376794625, 97040343, 879713840119861249, 11744152, 2899745635, 892389502152581121, 864545609776328705, 2221883407, 858034851689242624, 837790369404289029, 3315179616, 752642655448731648, 1941502080, 2573107453, 1164505155611635712, 29293271, 430912892, 2829401, 89734590, 561393017, 1063819590130524162, 1950473222, 10810102, 26347394, 3816957258, 274720233, 376363122, 1168941142005682176, 613734682, 914588454, 51214010, 27767093, 212836519, 896958447526100993, 761334507387641856, 871471238421643265, 132231788, 191324405, 42665626, 14481300, 2589802562, 21945857, 384869643, 14226278, 1125120869234139136, 77311692, 300410202, 474986411, 191585003, 3300416758, 22658254, 456354916, 33443369, 18673495, 1098954716019593216, 854502954178670592, 3226394854, 2752812749, 26589987, 841039738618466304, 191553031, 23865085, 16106522, 3436966341, 281877818, 570261432, 2387685696, 391031446, 1183041, 912438252812034049, 809223023161024512, 1029385096384507904, 971886708479361024, 1026053171024736258, 893559311355576320, 1133435618984259584, 537507873, 3181751101, 179995708, 226955938, 3070609456, 4496390241, 746045138531651584, 241209647, 842457876509667329, 936241515331977217, 178442729, 24159964, 250560251, 2701073637, 983777633283510272, 73406718, 8904302, 2471416404, 1043179986268479488, 3224799237, 2723951550, 362236431, 254260903, 2300426996, 1435693218, 128686090, 2752170219, 1917443905, 2193661995, 573845836, 131286593, 1007357080670531585, 4151754419, 1732256622, 149249831, 2370863695, 1104051455873429506, 29518466, 813333008, 3122868355, 297102985, 2671556916, 1047529192890531840, 1029378637487722496, 798525236174090240, 796394238447591425, 153838766, 964115184091648000, 257610637, 2147624455, 27934842, 430312738, 768155860380086272, 300260851, 1055527905529233408, 18816996, 154729588, 2577154123, 158466098, 2573708424, 207329263, 3618354350, 932490589, 121549387, 36937632, 33773592, 379854002, 2492851322, 17051205, 20180505, 82447525, 700557859650674688, 3450239837, 2584852524, 115637846, 777902325771988992, 1935194054, 819571243489824769, 16229679, 293551919, 80344952, 330571943, 857679794242191360, 753585659324035072, 16465385, 814593156, 2981431, 17163609, 2543994522, 582081674, 987099053619011584, 14624921, 963761946020347904, 811169443, 42451620, 318821694, 35071201, 2237952289, 430303289, 538628233, 858414625, 3102632287, 396720814, 132983131, 432840614, 788246419, 307453766, 14417243, 808051518242979841, 1044636318905421824, 263885946, 1050111507462123521, 83875123, 29310406, 342861027, 594740762, 880532149270609920, 921062082749005824, 3067196101, 240247063, 843962606, 1069101314, 50393960, 4324926448, 250305664, 1068213782688788487, 860970753092714496, 93714983, 351621695, 85882309, 40281983, 407387443, 4362176120, 76062692, 16381184, 821814254, 601149019, 1460111257, 2966727298, 64819384, 719595966211428353, 20998032, 1063375819, 14115375, 1019976328160923648, 28910863, 159951505, 821699497, 212621119, 704330232224997376, 809841734058393600, 2241451213, 104848075, 37111107, 72374012, 985938313784807425, 991759615766482944, 130229292, 20641134, 154497175, 465070740, 2304123457, 933301818, 46107973, 314053252, 110246961, 728535297819086848, 83876845, 2393692934, 1032817384753639424, 191243272, 133386370, 880043873447366656, 1016392952845885440, 127877956, 1315071697, 436322423, 79188362, 219793443, 3013302856, 29754743, 2463152178, 2819498416, 951528935426228225, 588392113, 1033011811027640322, 974706984007225344, 111741883, 2482932994, 23016699, 135563317, 305362686, 2711671910, 20844698, 1009502067860410368, 986636478116659200, 119935760, 481482506, 1578299604, 3329193055, 88764812, 237799601, 325269604, 2898015592, 73121583, 365581151, 16880077, 241226103, 1027411666449776641, 879798303071903744, 260311680, 897689606895828992, 2999992556, 718175074537177088, 19732741, 19097159, 3119445995, 215513890, 16469345, 48190181, 15515420, 19913451, 996079168189321216, 999823638932189184, 167006399, 2285308332, 770692697984212992, 915029434134130688, 8105842, 889523889432383491, 14552725, 376927648, 3079986094, 495142716, 14688936, 755877821671702528, 793108297402286080, 913491951013564422, 27887136, 1128724064, 67358777, 259288589, 282212192, 42670984, 723198084696645632, 554560244, 1968929071, 22743546, 49314467, 16556796, 712904434217410560, 429080410, 1528526695, 960637746, 1119833946, 824981114834018305, 943179541240877056, 96306270, 33266209, 5928922, 30877562, 892749694996279297, 866426699193491459, 17090667, 288467148, 42716909, 4487756474, 110830214, 3221552263, 2361510798, 2584167966, 285129458, 90005078, 2311645130, 363375942, 1569016645, 282855642, 92656855, 281656447, 222573939, 796394572205039616, 61608622, 157787375, 2474116022, 2162697578, 2847817270, 62127399, 282604222, 1180274570, 782765005775175680, 771438257506779137, 73189829, 3407401, 282109235, 2296469898, 144925796, 114833112, 203543496, 832130096, 859866023071281154, 3368370478, 2365943066, 21221149, 55684274, 126641811, 3836924956, 80422885, 841437061, 20167623, 534563976, 555031989, 856952755046449152, 482150741, 813286, 776778848, 17993404, 1059302892, 2411169822, 164418122, 897960157770067970, 845968426011119616, 872526149968179200, 26307551, 767812739960082437, 22923784, 9207632, 626466995, 802752702, 1636042532, 822563133822795780, 56449211, 425498139, 96174552, 4151561836, 61623544, 2792208577, 827494604144537600, 16134692, 37031464, 322870978, 154679170, 476050022, 2182642586, 980922584, 86384980, 492762040, 89452000, 855097698587996162, 827187717356265473, 3156881419, 179551512, 401852460, 179555829, 776139772150571008, 2799669935, 1450983348, 243135818, 257381227, 824445614230556673, 1551337104, 839182995319816193, 824473943931293697, 825043982006759428, 712666787922493440, 803708460374360064, 88425861, 824028553067032576, 304392714, 15473958, 82120358, 12034642, 36984909, 1395552968, 456327540, 16415324, 891377682, 211020999, 251418217, 35369214, 76016535, 695967791669710848, 1267420255, 2557037323, 801738625, 437349278, 703481138, 106446275, 1623598052, 31414290, 2777018808, 15190357, 255563709, 170774815, 348855905, 17934964, 2281190407, 191661360, 732974617673891840, 724689054332293121, 19789439, 341306991, 421414869, 58791677, 373974495, 572000183, 1229983393, 1099197128, 2850210735, 708349109, 25512074, 150270263, 42457110, 130012789, 2329281919, 109010995, 104532480, 4213138642, 1018962877, 39241551, 121514648, 168644967, 4212999921, 562400622, 153806065, 135553041, 2892685653, 243398352, 2911222549, 5093631, 2815189062, 3024443924, 413802355, 139525231, 2155691491, 234395010, 42096674, 16397147, 14260960, 1972435472, 42927040, 19038934, 3312687038, 351099511, 25952031, 20961822, 83649318, 373683618, 75050644, 379008073, 1536791610, 822215679726100480, 3076423983, 22421795, 931070748, 404953759, 24806187, 2292779928, 96176697, 208714587, 263315730, 47786101, 40537685, 36138667, 779265612, 193725962, 281643873, 1713701274, 1400665267, 321376523, 1024486231, 267283190, 198517279, 209223008, 18393773, 373416209, 524396430, 19289252, 3108351, 16153506, 233328259, 20836922, 420555022, 300615275, 935558348, 265179248, 772225555, 45931610, 17797507, 326195345, 561530677, 431336271, 291332154, 219782064, 409264135, 87548695, 123326795, 28577259, 75270675, 182971565, 76332033, 28139112, 37749982, 803847, 222500145, 395537704, 18205129, 42955907, 248738149, 44374135, 49690374, 85841811, 247967420, 121774197, 16747757, 95492554, 58089311, 417151196, 248457282, 97263034, 300392581, 7882912, 32147629, 329802031, 47700513, 285961650, 61671069, 182548088, 244242483, 106764592, 50436848, 36478822, 148031377, 222622997, 6433472, 20236477, 14078377, 30107068, 210897290, 281426356, 39543402, 263199053, 172380543, 269709884, 116521507, 7057922, 24464490, 276732726, 40016838, 18886073, 20609518, 30855079, 282191195, 20590501, 272017240, 135530175, 20772515, 201849740, 237024052, 37060003, 283035735, 32870752, 1307791, 78319491, 41626387, 71285235, 41479334, 8726592, 30364057, 271031107, 20479813, 256662529, 19611516, 277012125, 24170530, 241045372, 122483372, 41044925, 15489751, 14863904, 269409282, 67310036, 124456080, 89676209, 243089050, 171980116, 16220555, 17289530, 7401202, 113369924, 16917312, 107438572, 27013292, 1652541, 23544596, 15846407, 54730258, 273693770, 234414877, 18652307, 16608381, 127615345, 42732557, 39105035, 144322846, 19597508, 257957948, 14443616, 146332990, 14983059, 83901336, 113661703, 161423338, 175471321, 36375825, 23655688, 192989223, 239395631, 201809699, 203115187, 268416076, 15649577, 38190216, 39513330, 99028224, 121483664, 66496796, 216645678, 235213723, 67516281, 180887271, 34287054, 1435461, 37030356, 735243, 106535821, 19295603, 25319770, 775861, 18255185, 14322288, 79257332, 89205229, 121858280, 57684768, 123855061, 90802552, 109622821, 74732486, 161303516, 19606276, 8274422, 38661095, 46509865, 114488228, 158847013, 164374044, 36416554, 78412689, 142438967, 44710256, 25522940, 140957043, 242317380, 242356384, 46414981, 16931551, 95212360, 69376059, 14075928, 24646153, 15385189, 15093826, 1507651, 45038583, 17076310, 14709355, 23797463, 263209838, 18106628, 14868699, 39419609, 86330674, 621573, 17471979, 8005492, 1046661, 15862891, 15492359, 20038221, 14199378, 18177126, 19722029, 5971382, 21623298, 6532102, 18676177, 71298807, 5775562, 5796352, 43698860, 21651332, 199299110, 15514139, 75680044, 6165442, 7598112, 15519886, 14231458, 11522502, 19299909, 40052032, 16909127, 66718091, 14737175, 5391882, 14345566, 22135023, 22116328, 38515919, 38465211, 14207613, 74784532, 9420322, 136031812, 113707249, 21198287, 14522546, 16303106, 112508240, 117440033, 20778387, 17881732, 59938956, 138759244, 20601500, 113152969, 21359197, 15601054, 11674822, 14269464, 21668101, 18220338, 17665656, 2222451]
"statuses_count": 671
"date_followed": "2020-02-14"
"obtained_tweets": 668