"screen_name": "MathewCromack"
"id": 2378065107
"created_at": "2014-03-02 23:14:42"
"lang": "null"
"location": ""
"time_zone": "null"
"url": "null"
"favourites_count": 2
"followers_count": 7
"followerIDs": [58480450, 227535486, 734182171083083776, 23750576, 301238058, 19725614, 235209948 ]
"friends_count": 66
"friendIDs": [89760824, 23750576, 3282859598, 2913254344, 80132053, 24245922, 20730778, 55121758, 19052433, 19776920, 47618120, 330811582, 52273463, 2424098546, 227535486, 301238058, 58480450, 300877837, 420682850, 634895653, 2424106164, 2321272255, 500433905, 56914992, 39801127, 14847086, 586671909, 424296887, 195509338, 195504210, 41648843, 57097104, 24807616, 200913899, 29547045, 68838777, 48177728, 492399548, 18091904, 274119641, 21323673, 15693493, 15485441, 14824849, 18948541, 238319766, 30364057, 34036028, 26053643, 43003845, 40981798, 23151437, 166739404, 92367751, 89503894, 268439864, 16409683, 813286, 23375688, 17919972, 26565946, 19058681, 15846407, 215684605, 235209948, 19725614]
"statuses_count": 2
"date_followed": "2020-02-14"
"obtained_tweets": 2