"screen_name": "nbrucas"
"id": 33898550
"created_at": "2009-04-21 09:14:51"
"lang": "null"
"location": ""
"time_zone": "null"
"url": "null"
"favourites_count": 386
"followers_count": 14
"followerIDs": [1226960846640709633, 959921027982745600, 1219587433915977728, 773293103985881091, 1212460084745273344, 867827179714785280, 939540729193525248, 2325954115, 36670129, 122328848, 744287239, 859611188, 421498590, 84843422 ]
"friends_count": 72
"friendIDs": [89760824, 1226960846640709633, 773293103985881091, 1219587433915977728, 12848262, 116298895, 1212460084745273344, 1195665902303358976, 1224163544498888704, 1276123381, 1472306124, 87971828, 58544651, 269812167, 113486797, 917100433, 65251293, 15042770, 203059073, 11348282, 301226747, 382177545, 517335990, 23543947, 1965454142, 859611188, 122328848, 143528416, 54904679, 620522704, 114817935, 189253902, 186154646, 238319766, 409486555, 193725962, 347899465, 15224867, 20609518, 19397785, 6427882, 629097517, 500042487, 17881732, 14402059, 19180118, 199110089, 1297751, 53190034, 43993122, 36670129, 8736882, 19636948, 26585095, 813286, 54374273, 744287239, 102448827, 19038934, 195540596, 28204769, 53238154, 237670274, 20015311, 382395081, 19065321, 43383705, 189283341, 464170703, 50374439, 15846407, 84843422]
"statuses_count": 46
"date_followed": "2020-02-14"
"obtained_tweets": 46