"screen_name": "paulinojhgdeth"
"id": 1212911550807203840
"created_at": "2020-01-02 20:41:28"
"lang": "null"
"location": "Lajeado, Brasil"
"time_zone": "null"
"url": "null"
"favourites_count": 0
"followers_count": 4
"followerIDs": [1228106902053249024, 1224086045123317761, 1204082176217759744, 832464222046924800 ]
"friends_count": 304
"friendIDs": [627414386, 241256412, 60640635, 1013634584448196608, 22536055, 740265809151438849, 706925935396831232, 954748869644029952, 124205944, 2981368438, 912756008107331585, 1182368787619897344, 1306599128, 2840596746, 898853588, 15460048, 16465385, 354095556, 47754867, 14577254, 4400597716, 11178902, 123891446, 1001251931812220928, 2427546546, 717994058111655936, 471741741, 19606528, 19397785, 11094232, 18048666, 34197952, 89760824, 14377605, 14559745, 14708747, 115099953, 18036441, 161801527, 15560223, 949934436, 39585367, 16581604, 98047213, 965380067131092992, 14086764, 25531164, 95999422, 21447363, 17919972, 835252426265481216, 601148365, 11695472, 16334137, 14677919, 13201312, 1523823530, 13035252, 4877825038, 539421221, 370970579, 905470700038668288, 204136120, 22037917, 312061934, 2884022608, 374296042, 42593930, 49945886, 114593462, 965741665, 71178851, 1372212427, 34394666, 887880360943525888, 1100461707485421569, 19460018, 25688061, 65473559, 15088915, 20600456, 146367309, 44361990, 3048013329, 392957177, 484194016, 37545509, 1164551702651068416, 53813678, 219112689, 67411820, 45409867, 102826672, 18219976, 127680499, 106462908, 37539058, 44409004, 108829312, 2478682674, 79293791, 1725137533, 155659213, 92083727, 158487331, 20562637, 18938646, 32353291, 1155522630, 41330603, 23756134, 1134059457191776257, 46233559, 1583865109, 850157859065151488, 31135086, 2822051041, 28537299, 37034483, 36042554, 34116377, 18839785, 59773459, 714428928, 701119920, 43910797, 82197696, 196716104, 17752117, 1301463320, 17006157, 818910970567344128, 23975060, 80331801, 54730258, 22001973, 7348612, 3074230573, 17823553, 4560079812, 759001618884939776, 382613598, 2296138146, 87818409, 31513669, 66451963, 2097571, 25390350, 27860681, 102700680, 357606935, 29442313, 216776631, 3459051, 759251, 1006419421244678144, 352053266, 24241923, 91154689, 480782173, 17396964, 16320637, 39000477, 41036546, 349161808, 280273819, 56881942, 38733808, 1016771201287454720, 154962891, 253034260, 54589069, 52722451, 106155538, 56441916, 43942831, 1583124007, 18639091, 125788665, 105887536, 45083460, 937499232, 74740742, 1344359197, 95543829, 55568598, 849218948, 874904357749362690, 896736181198741505, 1722541195, 398002001, 178238112, 64706049, 31040862, 3434162572, 920653481375092736, 14073052, 21323268, 222157159, 34713362, 89153011, 184762182, 278026635, 143533295, 486679999, 26294335, 23618348, 47961740, 1944273398, 131030635, 2574869106, 35538459, 15900909, 113675476, 165983070, 171551496, 27045423, 38185503, 133309460, 43023158, 420348768, 8315402, 145317578, 228120886, 9540412, 15154720, 32529120, 44208467, 818805955609657344, 464128120, 1058197229779980290, 3384904216, 24511456, 3383224697, 44632152, 1279454083, 11251842, 169963553, 91478624, 70809242, 70687614, 366271117, 241654431, 41881267, 67722809, 94476067, 1048788404090142720, 23654729, 129846221, 1551580638, 17871562, 14584765, 73429972, 88915485, 43347078, 57763444, 480537028, 14800270, 2285456281, 44196397, 20032100, 70266297, 1364930179, 18055737, 14260960, 1434251, 5988062, 15808647, 14159148, 807095, 50393960, 19256800, 44627459, 476055857, 179398386, 79184083, 126676337, 2921763658, 77382273, 31504246, 76369002, 31494764, 78774644, 68313718, 61843152, 40095953, 15506669, 25073877, 216777909, 25517917, 3131144855, 809124436880322561, 742143, 2467791, 62341575, 19407053, 62513246, 35260027, 1388402174, 9317502, 14594813, 36411489, 160910872, 128372940]
"statuses_count": 13
"date_followed": "2020-02-14"
"obtained_tweets": 13