"screen_name": "PipeVarelaJ"
"id": 239587833
"created_at": "2011-01-17 18:55:23"
"lang": "null"
"location": "Bogota D.C, Colombia."
"time_zone": "null"
"url": "null"
"favourites_count": 182
"followers_count": 91
"followerIDs": [1208020659831488514, 1151605579703447553, 1228719913474367490, 1175076803070894081, 2253890418, 2218827961, 33414304, 1153075232833511424, 17869997, 1059334816825597952, 78063743, 295826109, 206475409, 552698018, 822264255361720321, 1023714441550938113, 1095028784871272448, 711300757463638017, 807567734745825280, 495437294, 17758398, 16258099, 1034815331083149312, 917934842, 177769413, 994011052005384192, 1570800414, 1015470996, 18767308, 910966480052871168, 915971178484977664, 892507045324304384, 212993758, 863175524184707072, 834217352153665537, 814519232528576512, 3027134693, 418322749, 223615571, 771127344803307520, 490743764, 2526285589, 3412928200, 440521852, 1630665080, 163689153, 528137794, 739505064566521857, 4700626108, 872379523, 707291112990441473, 4872988805, 194615985, 468946925, 198392152, 1170196062, 4013031803, 1376834184, 204283675, 3320438779, 3215805305, 106809151, 615233014, 2478713646, 2166386358, 378340537, 3191023982, 176523962, 3017196845, 1967871535, 366409096, 1645097742, 348347950, 569199617, 857378857, 322799335, 204634856, 910458818, 195914918, 136426609, 2730841977, 2240254144, 1244594610, 978932568, 581819376, 285165703, 348161557, 27269097, 176958395, 239616706, 176958045 ]
"friends_count": 194
"friendIDs": [1151605579703447553, 834100159323766784, 775838528584290304, 899452640773382145, 813397902538211328, 2158420141, 818789563061731328, 706899317982896128, 1038922266, 597188895, 25160333, 833488548535771136, 6446742, 59287889, 130879506, 737448396, 430145070, 284944250, 476571157, 22023103, 109609565, 540129136, 932672630028689408, 133448051, 18176620, 774010443023126533, 329481491, 1103609284481429504, 1013399942, 102965285, 35746812, 21660529, 15997022, 25375962, 73406718, 17288520, 16303450, 36432200, 103948050, 17493398, 20636347, 22556296, 27092557, 21677316, 2841146601, 1415791555, 213474069, 2413176055, 21919642, 89760824, 23011345, 14235279, 139910545, 16960789, 91360498, 38443170, 147695220, 463018676, 59597127, 19273651, 21734951, 16313045, 15612167, 274640845, 54626493, 2285276202, 14573900, 19583545, 105297123, 343627165, 789605024, 22910295, 90836187, 300114634, 740336334, 366592246, 265982289, 213745334, 20348431, 415859364, 140070953, 452155423, 773069256, 138372303, 313245901, 1964571728, 533085085, 558797310, 627673190, 14872237, 219683269, 86356439, 17224076, 17744542, 73412535, 972525522, 27553776, 32423649, 107146095, 922506058865704960, 23040113, 1050785113016061953, 1059334816825597952, 2963716598, 23818581, 822264255361720321, 1095028784871272448, 295826109, 111436754, 18303002, 40491446, 115157905, 2440488523, 110396781, 817498792144551938, 807567734745825280, 552698018, 495437294, 17758398, 24172045, 27941616, 16258099, 15033673, 21623298, 361871810, 15865878, 177769413, 320863257, 14073364, 2909713155, 17602802, 9113942, 13745872, 148491506, 102159200, 6819732, 12655722, 917934842, 132920615, 24742040, 18927441, 111691454, 92993433, 18767308, 1694099142, 1160604282, 260002691, 256317741, 338042840, 254867513, 223615571, 3027134693, 212993758, 863175524184707072, 618521804, 38206947, 2526285589, 66194745, 60678131, 343067448, 225041568, 337833706, 194791436, 78063743, 409601341, 233799274, 134994267, 263468335, 91465719, 270044473, 418322749, 3404645601, 206475409, 528137794, 371572875, 4872988805, 872379523, 3089719722, 72393696, 198392152, 1967871535, 857378857, 322799335, 204634856, 910458818, 9770772, 2730841977, 332538686, 195914918, 581819376, 285165703, 176998901, 176958395, 176958045]
"statuses_count": 513
"date_followed": "2020-02-14"
"obtained_tweets": 513