"screen_name": "RonaldRodriguez"
"id": 19712537
"created_at": "2009-01-29 09:21:17"
"lang": "null"
"location": "Toronto, Ontario"
"time_zone": "null"
"url": "null"
"favourites_count": 124
"followers_count": 310
"followerIDs": [1166902555944914944, 806444492, 316107010, 100124836, 1133947311162363909, 1175049190361239552, 17786352, 2412573739, 1156201691777327104, 70403465, 961614202304593920, 1132559158077734912, 1134277341318963201, 841908758, 30277778, 906180229357600768, 1092961236373905408, 1090777670194028544, 965754452371300353, 2283647881, 14134204, 884670804, 880532149270609920, 2879516394, 1058203549904003073, 2859786382, 545690318, 2230737012, 1140857870, 398189207, 997495024869928960, 4815777689, 546187930, 79411903, 922493352091598849, 467829915, 1908608779, 922412538427457537, 852815910255472640, 369274580, 916317425674616832, 4924921995, 823652304, 705231211, 380318666, 883112045897502725, 155914256, 96310973, 560248133, 15399934, 841503843816898561, 32663121, 115330839, 845435379465506816, 25433588, 785918330175647744, 748814455715147776, 68017272, 3892739488, 835327993807515648, 834048694584483841, 476731128, 808859793825796096, 115145945, 781495920416419840, 793109124447932416, 2778744679, 90977229, 2744838459, 72915980, 799021928795275265, 17451231, 786500987926245376, 781635213550026752, 65514263, 210684204, 402195139, 30302679, 784185576777846784, 4354768882, 781675539606147077, 2830143331, 903814670, 2749507221, 1418339407, 116009647, 3014666115, 50022815, 743536798425579520, 3306790855, 6280722, 480177822, 15314559, 2157658777, 2409204866, 2841228359, 3331309949, 727637077177737217, 1473665724, 2780734305, 1978687296, 722782601992384512, 442357915, 711925838988648449, 467668154, 708358243479904256, 372051473, 712636799332519937, 707745961376944128, 4449599173, 18963870, 1549705375, 459492917, 423537761, 890977952, 289402589, 4114302267, 313656747, 2849918309, 108588696, 4809851353, 4836302393, 4431906434, 366320906, 184824226, 3866628919, 1134230624, 3298611066, 2188500314, 228024552, 254810268, 140630621, 125888572, 2832071580, 3361880831, 251107461, 3119425029, 20448039, 90537632, 605354320, 184985946, 127351833, 395514593, 280304647, 78740052, 37105797, 48773347, 79220446, 3207691295, 1080955206, 48814009, 130956544, 2340535145, 33192401, 1691908549, 816165222, 197996296, 2308657906, 246394974, 3000432583, 3099764930, 3098104873, 335884194, 391526958, 305741303, 2994466373, 944651066, 476755076, 24036124, 2182478354, 569062771, 1172908574, 2211423642, 15268864, 564702160, 2279440596, 2895889190, 1733758182, 407759187, 2762268472, 2871961940, 212390832, 2807854952, 2819894558, 1596488778, 1075386200, 1431707281, 2800381796, 2599995968, 388461236, 29475811, 799217947, 374724670, 488597553, 1692536653, 12006262, 351301852, 183503028, 562264738, 1010466050, 1155848940, 2429480154, 331328299, 38160516, 14663256, 334849970, 23120076, 506932512, 402295384, 99061199, 2304864950, 102091441, 1244263398, 405043996, 214950861, 136629199, 2172399017, 1927664144, 26009199, 16040187, 36910767, 347866242, 44577068, 1713523866, 15806318, 24306537, 1096920882, 19402727, 96707575, 546306525, 1287940818, 1096213603, 25020551, 569853412, 138547914, 174639524, 847686912, 59639971, 608198377, 533307710, 29750108, 19717558, 160907919, 30248758, 43561626, 299734448, 162178979, 19004401, 294220697, 80569582, 266881121, 20774338, 46113478, 194597017, 163552777, 280237854, 331385550, 266644585, 345352494, 140480991, 338040018, 24426693, 115154002, 297763915, 197037457, 177570612, 20745001, 27197438, 283686766, 17046369, 122420539, 231448813, 205288930, 216831890, 148185884, 197629955, 22535921, 67144829, 164370996, 22789064, 14151259, 15325238, 16310100, 112525923, 43124950, 24469441, 82029538, 18455883, 96393430, 24496480, 18033662, 21786070, 31109891, 56795918, 63603813, 58270183, 48095354, 36662993, 51153527, 21814164, 17028897, 17820671, 14204098, 28854097, 14157002, 16583551, 23104486, 14897705, 19071121, 13908522 ]
"friends_count": 329
"friendIDs": [2165746514, 944651066, 6433472, 89760824, 822215679726100480, 25073877, 1276123381, 1175049190361239552, 19636948, 17659340, 12993222, 2584213500, 24585475, 176903188, 1063439284152213506, 1092961236373905408, 906180229357600768, 793109124447932416, 1058203549904003073, 2279440596, 736302536110411777, 14134204, 1073951013521055744, 884670804, 1075386200, 12006262, 1436434500, 905409800535760900, 2749868743, 3153265905, 4387068093, 3146261620, 2778744679, 807833149, 2511358200, 1534257510, 2828066516, 736286545070559232, 696718229687947269, 2340868717, 1288877234, 4011301540, 2963349668, 2746171650, 1361923201, 1549532238, 2979264393, 2423743056, 1473494546, 1965351156, 2188500314, 2283647881, 1183223952, 3018553292, 711998541628096512, 1418339407, 295678628, 714803100855324673, 2879516394, 17766309, 2859786382, 4422575003, 712815672, 2809959174, 1140857870, 2807854952, 903814670, 4883262407, 3391816359, 2230737012, 545690318, 79411903, 845435379465506816, 261005242, 705231211, 299421722, 15399934, 2904430816, 785918330175647744, 68017272, 128203799, 191692374, 72915980, 3181202818, 781635213550026752, 1134230624, 402195139, 65514263, 30302679, 19494203, 3306790855, 6280722, 2157658777, 115145945, 1571529973, 15314559, 30277778, 468862183, 480177822, 617730831, 13706042, 64780202, 16634310, 17104275, 2810627438, 2659575702, 867889597, 567458993, 35906738, 708358243479904256, 707745961376944128, 4449599173, 18963870, 90977229, 459492917, 125329877, 18819519, 40316065, 265505375, 423537761, 223704789, 207815174, 890977952, 289402589, 23383472, 19778187, 2587618207, 2849918309, 58062327, 84429193, 313656747, 20229391, 3991957825, 475961492, 4431906434, 366320906, 16427805, 25575859, 228024552, 3306442826, 2706693200, 2832071580, 14183859, 182139910, 251107461, 90537632, 605354320, 184985946, 127351833, 395514593, 30248758, 1364944032, 418982587, 280304647, 1876748186, 37105797, 79220446, 48773347, 33192401, 130956544, 48814009, 84689694, 20106796, 2308657906, 246394974, 2543806920, 2236268935, 2752798561, 2395479769, 3014666115, 572956795, 1691908549, 241263906, 18911384, 402295384, 19199471, 204946850, 476755076, 2474435522, 2931314826, 2182478354, 73294826, 24036124, 569062771, 22938914, 1853973846, 1172908574, 351301852, 2211423642, 310999597, 564702160, 15268864, 40627862, 420536762, 2895889190, 33207582, 11112092, 175073476, 2819894558, 2762268472, 212390832, 424277262, 16695534, 15851201, 125888572, 254810268, 799217947, 25020551, 488597553, 1692536653, 1010466050, 183503028, 15042770, 159679520, 562264738, 98012335, 1155848940, 2429480154, 1549705375, 131035262, 15743349, 506932512, 1063252986, 161395767, 331328299, 334849970, 14663256, 38160516, 1733758182, 1393409000, 974305278, 24121620, 1927664144, 136629199, 2172399017, 1244263398, 59639971, 24039366, 25433588, 407759187, 130903334, 214950861, 405043996, 1636590253, 50393960, 17503180, 8841372, 24306537, 1528852735, 569853412, 500704345, 23326769, 816165222, 14496768, 24700361, 43561626, 116009647, 299734448, 1581511, 9856272, 80569582, 46113478, 194597017, 217292762, 73764020, 23797564, 177318702, 17093617, 15636139, 177570612, 197037457, 297763915, 20745001, 209484168, 27197438, 17843119, 16040187, 283686766, 75573233, 17043575, 280237854, 63603813, 14803701, 14777649, 42561972, 26982616, 216831890, 36495782, 118964004, 15907720, 30013357, 191256465, 22789064, 120237013, 14151259, 32002507, 119287260, 112525923, 43124950, 21786070, 82970391, 36910767, 39275966, 17028897, 17820671, 26278729, 16411180, 23508014, 14157002, 16939092, 15753236, 18498684, 657863, 14717050, 16789158, 17455910, 14897705, 20859563, 19071121, 21170191, 16495353, 19263712, 15484885, 5879482, 13908522, 4200861, 685513, 767396, 3829151]
"statuses_count": 678
"date_followed": "2020-02-14"
"obtained_tweets": 678