"screen_name": "shabbasus"
"id": 113911745
"created_at": "2010-02-13 07:51:51"
"lang": "null"
"location": "Toronto"
"time_zone": "null"
"url": "null"
"favourites_count": 50258
"followers_count": 65
"followerIDs": [65469001, 1208880480004792320, 1194933626540118016, 815475150665744384, 1177261986696052741, 1173913896937230337, 1146749604383227904, 1154498505949495296, 1146325814503329792, 1147680049962901505, 145972889, 1100612942410719234, 1072589700211359747, 1097155306998689792, 1073982761386549248, 1094526244241195008, 1078606928098484225, 1061854005108895745, 1079343238186700800, 1073057747686580229, 490674695, 4758694829, 788772270235934721, 3076012646, 736618217871966208, 893791857611853824, 3600897437, 3915936793, 1029436492379287553, 4243435043, 1002216465544736776, 892581170294259712, 935142975314841600, 876624293324615683, 1017008805924753409, 989114000385478661, 921728034348167168, 966380750126944258, 1008795478111051776, 1010486015243554816, 996718224938012672, 792066771683536896, 985466026199601152, 836586457234046976, 976297879508848640, 927197872415805441, 974542250498711553, 941139769207279617, 902922130794348547, 919750681321525254, 773850470754488320, 916475736143298560, 145766588, 907452594376859648, 909007266568736769, 876834435819225090, 863309013219278848, 890376283573583872, 867570038387212288, 868952251896700928, 797621757389606912, 793914569295028224, 3734579480, 703544478053732352, 555791715 ]
"friends_count": 524
"friendIDs": [89760824, 1134492257950867456, 1196385351746457600, 1002069608482910208, 883011063297359872, 47813521, 1177520052272168960, 2833803990, 1187694100826546176, 705691207985295360, 907889245, 2239776558, 2835816673, 418581208, 2504983274, 144404257, 413073232, 1078646196200226816, 158275442, 787522031394971648, 942880368, 2752812749, 18839785, 2985881041, 18730534, 818918082995482624, 1685684521, 3100005042, 1263706735, 425534557, 15890510, 1095756239869497344, 2277045048, 1330124042, 286788237, 747088016523558912, 260688830, 68034431, 4628602041, 46376581, 300405606, 3397145679, 765735432592195584, 299061898, 24352186, 111615736, 122995784, 547599276, 800304231995445248, 3171712086, 1607664932, 1320600308, 486847970, 1044497796701835264, 31135086, 4728616039, 1056655752713125888, 2260037635, 23002923, 52551600, 314479335, 615983648, 136932734, 2592094790, 45022448, 714996735, 251168288, 4908404205, 53412380, 14459283, 581391966, 90628174, 980865318859010049, 2892686341, 829412128599584768, 724943608844017664, 721955401449639936, 935769143634251776, 4663241788, 938399650947715072, 271292659, 22247596, 2396677714, 988671212216897537, 1959556592, 625022363, 19554706, 2892551462, 2572290888, 163495689, 723309166782255104, 113945245, 714468691329462272, 177547780, 82826066, 2395668313, 167725919, 624896628, 1883663796, 2589343812, 1349435910, 263864861, 954020372147470336, 145924381, 69229721, 1034496061, 727016738194350080, 633990710, 275754574, 729582793576042496, 50374439, 1674828439, 149198901, 3222824965, 707048490, 3892663033, 529294925, 108660954, 578042676, 764384267870670849, 1715202757, 793637491865563136, 82949914, 53556894, 60489018, 822879158, 797693120381157376, 872383352103370756, 833618012162895873, 700712783147573249, 957945105440169985, 1057503746, 765735845219360768, 575188047, 212162328, 482909242, 814357238454173696, 23827692, 2562869757, 1337785291, 893109783619829761, 917437016, 2489431314, 233070139, 1324982814, 450504440, 168606635, 244619342, 84554399, 267009091, 135839250, 1915371752, 2458207764, 51649635, 42610327, 2706827731, 481156800, 2812845786, 271393276, 1652526218, 1167873806, 986640918, 727059528, 2720868859, 713776672873586689, 820674057641295873, 752978510180970509, 84352985, 4842815741, 1330457336, 155659213, 65636227, 818876014390603776, 918925722655145984, 615002267, 4876186803, 99236493, 118024094, 153264772, 206049405, 3187069212, 842483491908534273, 736170639174684672, 2888824232, 507662284, 242714826, 223080656, 865005462, 1582583419, 114602426, 239411196, 135180139, 135110894, 2375976733, 84542880, 723205729008508929, 903909200987901952, 866981286761689089, 150429478, 2538019646, 543699683, 201693500, 3064011240, 1630057002, 720660429522006016, 2403063588, 113376489, 2949561072, 243332437, 828680616, 614515717, 488677119, 63924218, 137798686, 438694340, 2507863381, 496343379, 500499888, 824893826066034688, 413561086, 1357362625, 1176135546, 2820372427, 98342860, 113286385, 1572563816, 2591196901, 2177139587, 937499232, 823912881355890688, 3304925983, 1588831796, 816545870208385024, 92724677, 92708272, 248883264, 309824558, 1035100758, 807775550483763200, 843870462870507521, 185902260, 456599879, 813286, 2708915372, 3163548300, 849372606, 2526480081, 333800185, 105710210, 113300711, 832673881483644930, 793188569158483972, 176738432, 393266069, 273557471, 358814014, 3982900883, 4155914953, 219617448, 21957826, 20661539, 136663154, 48410093, 74888725, 159782560, 15846407, 518361491, 94628304, 78941611, 389304952, 127172435, 4864289124, 108252113, 57642880, 2418946118, 2365714629, 2878542649, 2292427123, 35471392, 723082700991676416, 145125358, 417561231, 861083240, 149733596, 811505937911517184, 2546223173, 97893963, 344758548, 142722336, 743576030095491072, 800999720, 558076821, 756073372908331008, 101311381, 25073877, 2358945534, 434071161, 702894558737260544, 732859828071071745, 223519177, 1468697832, 745446805, 466882955, 87118217, 462626129, 708444187, 229002402, 350224247, 2385639271, 2914836889, 18681139, 57928790, 132385468, 2432156600, 14260960, 40028319, 213539531, 1208631468, 1449773568, 417632438, 106578824, 54610518, 36158328, 243905905, 472623389, 1913738604, 4348237453, 127059347, 124382464, 559817795, 1133920393, 449838196, 518968939, 763422952125857792, 2714153694, 3293602008, 702153001314562052, 1433730727, 549749560, 275564493, 775887091, 4459089568, 1222616833, 752813855236030464, 50386039, 1222639789, 2527235522, 2214112296, 19895282, 339040963, 4325003481, 1171857924, 289487234, 991190736, 1466217290, 2506876715, 456640876, 533202479, 1175237222, 2597396833, 581123710, 122453931, 714040792369631232, 3413160374, 4285547543, 4607065693, 2784168167, 705060047827705857, 133880286, 2835276183, 104141949, 4908027275, 251033438, 2970024233, 115622213, 2697401094, 3184131144, 438896484, 1591083258, 66718613, 2397785881, 2492682566, 139876086, 2618964234, 878897533, 2471798956, 2997446035, 2814903985, 46970589, 281098567, 2401374210, 210792232, 72310801, 139118162, 2625619334, 126218409, 50393960, 63992320, 2736674101, 249325843, 115621365, 300162606, 3049061052, 64049044, 71495117, 805109695, 252060455, 64336006, 197588356, 303386724, 84625371, 2282022638, 113278275, 75854417, 285475285, 116417668, 103865125, 58761257, 123822668, 110144389, 803527854, 600582447, 130159846, 302136938, 1591593414, 581579728, 2658700857, 1021419306, 21931363, 452830010, 491258363, 69771400, 412681753, 268414482, 144463830, 500125914, 79708561, 94166168, 223569986, 268439864, 17919972, 23375688, 21447363, 57879889, 66334209, 1409885731, 66306024, 439981807, 371709948, 147019183, 2913903619, 128044583, 468229219, 589921934, 303535030, 135421739, 150455590, 19877186, 1417829894, 5665472, 366652585, 519161589, 102382667, 298959564, 54365543, 115290697, 71201743, 2226496302, 2177710981, 453507741, 43370284, 314441881, 2729506932, 2325925886, 1041453240, 115682368, 2305837984, 52818366, 2422753567, 288333760, 831842796, 2290066560, 834911994, 149601667, 101695592, 92726549, 2819558442, 33868638, 439411203, 399433780, 1346498414, 840799356, 602085107, 399971163, 283916211, 2675947616, 189875048, 217497634, 51376979, 41259253, 87174678, 135820654, 1195370804, 1331949980, 102355805, 1086642313, 88856792, 99642673, 35927341, 449204674, 751225243, 31348594, 245857954, 94163409, 156596288, 636064417, 55520719, 230140702, 212757965, 183230911, 141664648, 33801019, 54829997, 127353653]
"statuses_count": 698
"date_followed": "2020-02-14"
"obtained_tweets": 698