"screen_name": "ShaunLelson"
"id": 1154608105570934789
"created_at": "2019-07-26 00:23:18"
"lang": "null"
"location": "Toronto"
"time_zone": "null"
"url": "null"
"favourites_count": 1271
"followers_count": 39
"followerIDs": [2490574814, 1228834498047041537, 3798536123, 1223506332931608576, 1225138783974236166, 1228273192747360256, 1197230598840111105, 193506902, 1262935440, 3054152178, 29239678, 2911398786, 3434912067, 918342049136627712, 3163715373, 1228399346422624257, 1160179946897256448, 1220490735688044544, 1227910632772599808, 1222788515429150721, 228269717, 834140297458167808, 521621017, 1200914067931746306, 564435747, 1228376093016698882, 205440469, 1216819918651449346, 1228325600005361667, 462730753, 1215561870293291009, 355643968, 1228094409419501570, 1039169286042992643, 1523681, 3399434387, 34041546, 1225450988884168708, 2664239108 ]
"friends_count": 568
"friendIDs": [753316175661047812, 3305106400, 22742560, 187602382, 236842567, 1173001486495821825, 938463114684780547, 1029445907761131520, 934566442111942656, 92635991, 161685706, 331003396, 21611239, 594666501, 556151596, 15143478, 65647594, 19515424, 19725644, 44196397, 339994942, 21542677, 19363044, 719850183941558272, 1611098694, 177681327, 198955283, 2460094298, 231577728, 51102967, 39542268, 28099187, 1513248086, 38485467, 240654996, 961686070394896384, 52883238, 837131046, 24224425, 146492003, 369911953, 62894963, 48471268, 194439261, 119106683, 47650483, 54791458, 47985470, 262161277, 1197230598840111105, 1228273192747360256, 1225138783974236166, 1223506332931608576, 2345436867, 2986939401, 253688871, 59143817, 197501338, 153085446, 285198313, 266886699, 833626914, 246356718, 84091246, 17158780, 19462877, 234079522, 48824637, 15145732, 19377913, 64756008, 89760824, 19362341, 62189896, 1070534064501747712, 295202106, 587593372, 303806325, 278326374, 502135911, 19879313, 562381032, 616616825, 15653597, 169324310, 49246054, 1012199702, 3054152178, 108504854, 19568591, 246939630, 2329133205, 1262935440, 1852534999, 1332656455, 24363452, 964595772, 3798536123, 193506902, 584462476, 29239678, 2524510197, 1617687986, 2615391909, 2911398786, 1633344980, 3434912067, 1915033663, 967027984426242053, 24623145, 805860518074470400, 252630434, 637213620, 536520137, 246120229, 2206128460, 2729545422, 266147277, 78195200, 426029075, 28133504, 149163650, 275690160, 364407162, 226295522, 35757320, 297606327, 18210554, 917457446, 181330082, 39271212, 41885153, 257234051, 241264057, 67995848, 19081001, 68412310, 301672010, 92636901, 539004555, 74712538, 27760317, 43969388, 217518231, 21584475, 1012109886, 235236313, 212621119, 16220555, 17389318, 30146821, 947974529594286080, 1026536822, 65261162, 1088338154, 2825113025, 2334782282, 473619428, 442456291, 60694754, 55351351, 38974889, 477359032, 3064642442, 851942857, 66544351, 93091480, 53807788, 140845817, 235764167, 299371206, 37655212, 178492778, 87302683, 18671559, 580097412, 52613032, 19624836, 17073913, 68080316, 79312149, 237597796, 90809127, 23559108, 77383832, 109408123, 19798578, 6446742, 155659213, 369583954, 637262476, 105499378, 270700594, 182662505, 45342709, 242960383, 265104007, 452653869, 336851461, 18131961, 2270593045, 258896042, 105131432, 3163715373, 1160179946897256448, 1227910632772599808, 97690357, 299926319, 18723984, 283783863, 89014429, 19910041, 188983128, 41682166, 366937615, 76856486, 170002596, 834140297458167808, 79332579, 258868912, 68450683, 41761871, 1222566710, 17901282, 116429402, 145346276, 177345928, 179932936, 1222616833, 1222639789, 955829659027099648, 288000034, 111199728, 43298203, 23890115, 140755692, 39547342, 316736091, 188387589, 471394955, 135039839, 70725301, 89556802, 57982473, 56504091, 485481651, 700534740575584258, 41468683, 57371662, 6661522, 30479919, 15687962, 47285504, 433804134, 738080573365702657, 124003770, 752743856941125632, 144003355, 196516385, 331039469, 1852124906, 184910040, 53297035, 75974281, 1198406491, 139823781, 573754038, 964602100704428032, 606264558, 26247736, 438125534, 579006169, 130491582, 1039236870230749185, 502071245, 538549040, 580951660, 275361193, 20117923, 26763420, 4369711156, 889290589, 236956880, 2836755090, 386244525, 1702864658, 19637934, 24852465, 73992972, 36690579, 211918431, 14790966, 68330395, 23089953, 4753784437, 20609518, 1200914067931746306, 15846407, 31239408, 44409004, 14230524, 18519661, 21681591, 564435747, 154101116, 739784130, 45709328, 23497233, 24929621, 48410093, 50374439, 19330043, 1228376093016698882, 6273552, 22461427, 6539592, 130922325, 73406718, 22324642, 238319766, 2188934334, 85459697, 17955081, 165511377, 31676365, 80700514, 14681605, 23680913, 22657153, 14824849, 95955871, 238475531, 21163600, 45316175, 1216819918651449346, 110783489, 24886570, 18863815, 15155074, 19404587, 24243022, 25434201, 23151437, 2893511188, 3165817215, 82447359, 329746058, 19731770, 125481462, 248917209, 28195724, 143084813, 616983934, 17450410, 17872447, 44733150, 57516454, 56518880, 96829836, 145499533, 57690247, 18222378, 18220175, 18208354, 24529777, 32729193, 23494080, 139848744, 71339449, 2965032356, 18494593, 156411211, 27673684, 24278900, 25027806, 18228898, 338084918, 268439864, 28706024, 26565946, 21879024, 18396070, 325832193, 17970094, 17953972, 114776155, 19494203, 28422142, 32313570, 9463752, 38611183, 28061932, 39706174, 15108422, 17453527, 800970079, 25723502, 42977712, 21125133, 21586418, 14829533, 18216080, 22517388, 30849103, 18548221, 53933574, 26535267, 15030766, 1409798257, 462730753, 379408088, 159225370, 335141638, 1228226015094169600, 21718006, 523632806, 51233139, 165391600, 16942956, 1001286684, 64324543, 30352096, 449588356, 2150327072, 862510568917413888, 66703696, 789944286427156480, 2362662648, 26930477, 30095789, 111968804, 29663668, 39204454, 16157577, 52496551, 355708717, 112915037, 23089228, 7517222, 1195370804, 19397785, 60421402, 701081673681637376, 110590422, 172887151, 624517612, 139162440, 19058681, 133093395, 1325898806, 14942612, 14942701, 14942684, 14949475, 1039169286042992643, 268414482, 45266183, 166747718, 23083404, 169686021, 27195114, 20322929, 79293791, 14260960, 23544596, 21447363, 158414847, 113758100, 26642006, 30364057, 15485441, 44527648, 141664648, 16303106, 813286, 3399434387, 2728295777, 18247976, 250831586, 305694283, 472872558, 55594930, 120412341, 360751055, 19992041, 1339835893, 34507480, 27711685, 442237496, 26939677, 14504859, 1523681, 485182129, 89554306, 419800285, 57768738, 102832079, 73218364, 58601997, 755953153, 32625314, 23504870, 34041546, 17680518, 1536791610, 409486555, 87299430, 803694179079458816, 58832190, 29820155, 109451593, 404910613, 1185814190772183040, 277056881, 707354300, 53834054, 389757150, 35472060, 15290180, 27260086, 255388236, 21436960, 11348282, 34743251, 138203134, 1961322822, 54730258, 216776631, 1059853826553978882, 16935292, 357606935, 17919972, 38536306, 29226377, 304679484, 15227791, 12044602, 106575148, 328246894, 118426780, 2233154425, 778834401387917312, 900443263043239937, 156132825, 3004231, 19671129, 48169084, 22940219, 2285662423, 17728424, 27679489, 16848539, 526316060, 39345493, 10810102, 191491115, 1378163893, 602317143, 18948541, 52551600, 1702654597, 16400388, 2664239108, 931468093, 115485051, 35184346, 14867598, 68577152]
"statuses_count": 606
"date_followed": "2020-02-14"
"obtained_tweets": 606