"screen_name": "AJseangoy"
"id": 472198471
"created_at": "2012-01-23 13:09:52"
"lang": "null"
"location": "Toronto, Ontario"
"time_zone": "null"
"url": "null"
"favourites_count": 3
"followers_count": 46
"followerIDs": [1176473923610759170, 812006616707072000, 1067305426319011840, 967983187090722817, 55829560, 290051981, 1001145541, 1062489998, 726465275848216576, 709374106169376768, 4746662202, 4697601692, 4496760198, 3625383792, 3001832172, 2992120111, 124050621, 3374721298, 3186899678, 300209310, 421182133, 2540083213, 2603190348, 264838020, 2361166328, 2352790632, 2344566217, 351439259, 1580183022, 1369117129, 25045133, 1321967438, 808743426, 368875133, 118734460, 370568364, 356946425, 619036964, 609925268, 315796356, 153026618, 209947963, 10251412, 479408658, 460095901, 130409435 ]
"friends_count": 222
"friendIDs": [16295454, 89760824, 1170888913, 19377913, 40918282, 2742369600, 802064401, 2883990642, 1978910299, 110079891, 3306730099, 63701775, 281295324, 1102923530, 264897818, 351439259, 2603190348, 136945539, 977569808, 227837742, 25045133, 1321967438, 1369117129, 1263292416, 32751684, 58774909, 77917611, 258281363, 212261976, 123225387, 204658734, 179041098, 54236340, 55807518, 156567632, 70689475, 78644553, 57725930, 118734460, 370568364, 318571154, 180505807, 74594552, 36783881, 356946425, 41101847, 330767109, 189503518, 199274986, 202890266, 609925268, 619036964, 67964038, 54650955, 384898625, 164166699, 125291363, 43847271, 28944557, 38364757, 259998018, 257002542, 35492347, 140360822, 159525547, 77608133, 62456129, 15947471, 95388864, 66067891, 54785566, 77964454, 38122006, 55731241, 261629676, 38451750, 58755786, 427274337, 261003720, 479408658, 10251412, 153026618, 517588362, 308404511, 239718848, 322707114, 5943942, 519363512, 145514541, 385287645, 456697074, 425057243, 39455426, 62446391, 55829560, 258260988, 240611246, 32721501, 35376762, 73372997, 47599454, 41355103, 346264011, 356516531, 460095901, 33846485, 428258461, 122278704, 50548818, 281468209, 79778410, 30636387, 118629205, 38623068, 35443380, 61465045, 39453212, 219674636, 26565946, 73992972, 19018401, 22940219, 74580436, 20322929, 18228898, 23006794, 17696167, 184910040, 100220864, 119509520, 3004231, 19330043, 79293791, 18863815, 6273552, 27260086, 24966423, 35787166, 21447363, 116362700, 268414482, 39325978, 16409683, 373471064, 169686021, 23375688, 20659839, 35094637, 17919972, 31927467, 24741517, 413487212, 266991549, 822215673812119553, 30313925, 813286, 24752484, 14159148, 34713362, 28785486, 1367531, 759251, 428333, 807095, 4970411, 14293310, 15224867, 14075928, 5402612, 15163466, 15693493, 19554706, 2883841, 25365536, 24929621, 24019308, 50374439, 15846407, 19397785, 80700514, 16190898, 53153263, 26053643, 43192807, 50393960, 15492359, 20536157, 14885549, 11518842, 783214, 348671748, 6017542, 14803701, 18220175, 21078655, 20346956, 49573859, 742143, 140264077, 61359177, 148354126, 248585481, 84109416, 20972121, 265145197, 441356460, 155544257, 77888423, 315796356, 368875133, 17855246, 23563916, 44335525, 335136882, 106710681, 209947963, 130409435, 304789772, 181860482, 226045840, 304210269, 83484485]
"statuses_count": 345
"date_followed": "2020-02-15"
"obtained_tweets": 343