"screen_name": "Basil_Fusion"
"id": 2816618452
"created_at": "2014-10-08 15:41:43"
"lang": "null"
"location": ""
"time_zone": "null"
"url": "null"
"favourites_count": 1406
"followers_count": 60
"followerIDs": [1198683256834678784, 316261092, 1205487043549257728, 1158308165135544320, 1123222017312993280, 2361968479, 798287975419363328, 870405201919754240, 927799883125350400, 2523216183, 856625663968763904, 2508111144, 298850867, 3363959693, 784150468339511297, 853980108339650561, 787485755098619904, 701432978296147968, 788383884186484736, 787572006233309184, 741639990690516993, 388589693, 592060093, 437967533, 2786818056, 716781374976499712, 362282443, 919117034, 431371560, 3913146734, 630452720, 2675460528, 2352822926, 3907009992, 3243210191, 2473028017, 3397281604, 3311000133, 3234507253, 2398367489, 3126496767, 3128418711, 2901715558, 2924739326, 2924736355, 2890120457, 2807421558, 2680274185, 2873179521, 2883060493, 16034244, 23610049, 2314742659, 2830390119, 2817299434, 2763466922, 2816495530, 2796094049, 2736426827, 332986433 ]
"friends_count": 606
"friendIDs": [2809959174, 89760824, 494027712, 3395255158, 1141417774201184257, 444024772, 1116392095726673920, 842452904, 63168756, 282309256, 335417960, 26838919, 410334710, 18206318, 44699893, 593773694, 759251, 807095, 100300056, 5988062, 382177545, 1123222017312993280, 27310933, 2581097731, 315288041, 240824628, 130553833, 821814254, 65936596, 3420117072, 3378824075, 57709461, 929728375987503105, 359053462, 3253022719, 706503120, 704856207698231298, 17997647, 417181734, 780629856497217536, 778687957435764738, 77354708, 2361968479, 389911703, 779501709131264000, 15519886, 2180301955, 76102930, 165819788, 2890742901, 1347713256, 26310799, 2965439001, 2602184267, 140548113, 2988262695, 182192543, 166478326, 765871267, 309741089, 154221292, 41468683, 1523681, 16351521, 1223101, 19377913, 7280572, 16044997, 43895728, 21424669, 73922084, 91478624, 11104682, 19407053, 14946967, 29498970, 37972440, 701432978296147968, 933737516, 20624709, 216430965, 627673190, 107146095, 254136706, 37033522, 26810568, 827296225955180544, 15358364, 40964764, 889074349, 3229347688, 2817724502, 40245052, 24909179, 42759163, 15775181, 261927470, 34068984, 1269299989, 17809593, 1222748550, 85215038, 19782758, 588540974, 495445147, 194385032, 19136295, 407938921, 126142622, 53120768, 546825102, 147776954, 2824690016, 982747388, 775243454477537280, 4865442614, 254218142, 193749426, 2379366141, 23508439, 123417995, 19362299, 19426551, 2557521, 890891, 16606280, 2695011, 36724576, 2326966093, 121291606, 2232721860, 5402612, 502127791, 74373408, 1762629482, 2608120710, 380749300, 216387646, 729360662, 384932951, 701064373, 2742369600, 1166098663, 23060739, 543794957, 62930111, 809475432, 268270621, 51008528, 22011681, 93608485, 887175036, 75040009, 57016932, 4092812235, 3177511249, 7401202, 74186967, 24000965, 14260960, 169164525, 368740373, 466766039, 1390655120, 24201621, 3846419537, 2987448628, 3420562659, 2319261674, 18679574, 15994109, 796895468, 452951816, 1017094542, 259243317, 535976025, 936304345, 24700876, 371190031, 248714917, 2893650790, 809082749604818944, 798542057161846784, 57387160, 40918282, 147973743, 3317284514, 216589761, 58474593, 134517120, 192160758, 4780651477, 3187390013, 1452520626, 2983117895, 25351094, 25404917, 198975780, 2225734952, 126692913, 180312054, 3345937325, 444913649, 2306006378, 463234822, 2180088332, 155949831, 744741864721420288, 1648629770, 918498698, 38954599, 177655905, 21909092, 765327156, 25562235, 2508111144, 28910390, 556226808, 374199410, 16420740, 2394249332, 142805688, 55248386, 38807340, 6975832, 2383013143, 281295324, 348058317, 3379253837, 24189291, 1341258673, 2398367489, 17659340, 106176977, 17684375, 92598387, 454340464, 16295454, 116502194, 18691870, 21654736, 18553965, 17679977, 3300594994, 56449446, 19038934, 537186173, 108393207, 816653, 16334724, 1878084872, 12993222, 95438524, 2196922086, 259403751, 16452299, 23255992, 18080969, 20214495, 36843988, 15492359, 1344951, 275686563, 2890961, 14372486, 15560223, 23964755, 533150042, 151081208, 14953060, 29946494, 2433590426, 143860974, 249649072, 762522504, 803091096, 235836838, 1671161437, 25536234, 334265411, 1511870983, 627695524, 1027372476, 838211598, 2616400196, 1158366769, 28204769, 3234507253, 3389929257, 3397281604, 84476155, 3349971201, 3002299905, 116485600, 1703636814, 18371803, 19077044, 19263978, 26270913, 15097566, 360213414, 22030851, 14763734, 132389474, 58561993, 68567635, 212350063, 547768145, 10668202, 16515099, 34356968, 592703121, 7565302, 20477619, 33622706, 17049258, 19711734, 289998339, 18965790, 22065861, 248900032, 43355844, 20976355, 63485337, 21238524, 26045394, 90964854, 793038200, 27553363, 431947388, 36787809, 237631420, 180670967, 282348945, 45974526, 68539526, 203123011, 13896552, 14216661, 30261067, 19000033, 54159288, 31524543, 41456363, 12848262, 8732992, 526951671, 15661911, 36984408, 17064514, 105297123, 20870216, 759823321, 718167032, 266135518, 132955370, 2515059460, 55749605, 231335961, 43658360, 2901715558, 133069590, 2227318080, 130939593, 62203990, 28066436, 239672340, 29873662, 489066301, 126124275, 59023203, 1691478445, 1159633375, 415051792, 222725454, 19317342, 140290005, 55095701, 28195996, 7144422, 17307429, 403614288, 15201574, 465720874, 25719962, 371921181, 28228172, 1952674158, 537004797, 153918448, 189735576, 22175551, 17351972, 25629334, 217160945, 33995409, 26257166, 20416406, 42562446, 150846769, 24925573, 35982046, 20434358, 61312712, 20348431, 183398746, 15383636, 300114634, 415859364, 50811932, 5885732, 11026952, 20177956, 162869667, 179149890, 17980124, 283090686, 171165627, 25319414, 22178780, 53643297, 317370751, 34430522, 74518740, 53853197, 16812787, 16125042, 2807421558, 1284374414, 23610049, 313490867, 53144417, 29504268, 29498652, 50418846, 182914092, 19559116, 1928230957, 100649666, 348056057, 141021153, 147558951, 2533494596, 571206183, 225125248, 23134133, 111519701, 360196369, 89028456, 34442404, 17193794, 46457141, 25425464, 20019548, 1390269973, 10503302, 23127272, 207773069, 92597440, 43090767, 26180582, 24967749, 34955221, 70337519, 14861876, 17007560, 14762127, 47465882, 82739746, 21347710, 21470979, 14584200, 435546990, 121226571, 591646425, 61559439, 86395621, 56505125, 15670515, 32468665, 38679388, 2459371, 26599573, 74286565, 414334713, 19936982, 16736535, 17221819, 20793816, 18633696, 8708012, 6070762, 15066271, 133409097, 794683735, 382267114, 39357604, 208214219, 24741685, 10228272, 18742444, 115038550, 40713842, 16034244, 23135183, 536049393, 61933836, 309366491, 21158690, 214997269, 24166202, 294198566, 17461978, 42384760, 35936474, 15880163, 15531582, 1059194370, 23083404, 22258315, 19413393, 164081884, 18776017, 19923144, 20273398, 2803191, 2776862168, 312937997, 7157132, 121258930, 15222083, 244441120, 321459483, 612782611, 384388981, 238431491, 563890459, 378186136, 27855118, 593755029, 14922225, 15234657, 24742040, 10671602, 29758446, 36803580, 260306257, 1545994664, 349714440, 102323621, 323319539, 27650674, 948444535, 67012210, 390391048, 2648831918, 22930902, 6433472, 14705603, 142462038, 64565898, 214174332, 46423291, 829308409, 318762626, 161418822, 290097288, 155620461, 18927441, 535644073, 2465195058, 813757458, 983440688, 461414641, 204089551, 132240374, 25375962, 16998672, 86356439, 2533074021, 2694307662, 16143507, 14126996, 15256225, 93714983, 19636948, 2572259679, 27947088, 35084169, 15159691, 102120497, 17455910, 21660529, 55594930, 14474570, 35798784, 4532891, 27195114, 73412535, 2680274185, 2307625290, 18638090, 73406718, 8736882, 50004938, 235213723]
"statuses_count": 35
"date_followed": "2020-02-15"
"obtained_tweets": 35