"screen_name": "Blackmynigs"
"id": 1199789142
"created_at": "2013-02-20 01:52:44"
"lang": "null"
"location": "VanCity "
"time_zone": "null"
"url": "null"
"favourites_count": 3
"followers_count": 137
"followerIDs": [1717123122, 1040805031593693184, 992477325496287232, 2349574291, 2391715944, 967583884366905344, 3486123134, 1000410378562613251, 60163606, 954100039504277505, 891081369572519936, 864174195210682374, 106646672, 862630916891521024, 3156700835, 866781299389997057, 872614211129626624, 2713787828, 3342907895, 866681020589977601, 2788658816, 2947360600, 1253871002, 170900539, 833122304951463936, 1690259526, 849039318999900160, 3055089382, 837383092998451201, 846945869291294720, 779764212033654784, 2845591392, 801475537449484288, 751342947749208064, 37571704, 3008375593, 742093593582526464, 405334242, 260569669, 80708058, 3022496654, 80194530, 2663353069, 2492393371, 91049780, 367433875, 37388169, 33455067, 2308586754, 537844507, 315052092, 2154896548, 243565068, 1522509823, 339491015, 1903168759, 259068702, 604732861, 212138115, 1257970802, 281126652, 423613681, 1253765329, 58259926, 418956317, 1201469580, 1416192852, 525760439, 215426266, 102282557, 279225109, 551108840, 1225763557, 40831008, 256395783, 613969975, 1325200394, 462592560, 144120039, 166400993, 327558800, 52186229, 55362290, 124780229, 388048466, 268576927, 604333787, 1258113614, 69079112, 26449371, 542007935, 428803528, 1043870048, 62244919, 408659522, 259624466, 234669569, 445013369, 933980029, 827740926, 444294047, 528137781, 807832261, 498564088, 591933329, 589071417, 478915717, 32205163, 848800286, 872563297, 246971114, 289212122, 346630601, 385998603, 805895312, 555849879, 59725762, 63901524, 448535134, 25750846, 524211320, 124346005, 30510088, 24191370, 28816388, 338686015, 474270202, 49493550, 503371034, 30319958, 393238121, 29927113, 407336032, 44085583, 462617445, 637352368, 189789770 ]
"friends_count": 621
"friendIDs": [20059181, 89760824, 571921833, 403732972, 568524212, 19273442, 39303772, 322826289, 551260417, 726548088970579968, 1040805031593693184, 3274447656, 278758337, 4598698992, 42572911, 102172489, 48137317, 107146095, 40848283, 17744542, 191165672, 92337777, 72362869, 23898639, 35757323, 721341752, 119106683, 8771022, 50741466, 126084292, 26130520, 14616346, 992477325496287232, 106428372, 2410037563, 175198393, 114507384, 238763290, 51742969, 223694200, 1567053480, 362683916, 837547573, 291505121, 1346180581, 601321160, 2565399896, 26127640, 19028953, 79293791, 2919229662, 74658627, 1520744558, 2675359291, 190813296, 62207702, 110827653, 193429359, 19737638, 1242457452, 2542607496, 1014214619303276544, 301076357, 634435029, 305713102, 1408208958, 781671993653469185, 21698940, 53103297, 1977157224, 226814149, 45913677, 27919009, 236699098, 533683644, 53352660, 739830176, 23811048, 16786210, 475298982, 75964329, 55749605, 2773792676, 114056613, 1000410378562613251, 3486123134, 32729193, 94822474, 267870175, 171682730, 64090343, 349157263, 202657840, 788823212335345665, 342292583, 549587666, 158017098, 265588915, 702693704, 891081369572519936, 954100039504277505, 60163606, 111422855, 187653679, 115979798, 872374136, 739784130, 416814339, 2962411893, 296427730, 270044966, 62894963, 2911024287, 41468683, 106605334, 21662960, 1476567109, 883046623345029121, 53280002, 53296515, 293347282, 3328450763, 256269510, 2294733114, 21332348, 19377913, 149986523, 24181941, 378344618, 372034152, 348939569, 493278212, 20966269, 1836381127, 17936793, 3054338836, 864174195210682374, 3156700835, 862630916891521024, 106646672, 3083552254, 52603646, 327171013, 25740994, 205771054, 87080278, 120898723, 162113619, 749645772, 48203492, 19409270, 53643297, 2376444547, 872614211129626624, 866781299389997057, 53475513, 730619617903681541, 43020577, 599512903, 76060760, 16295454, 164764840, 367438262, 356978669, 1421713674, 3342907895, 2713787828, 322267052, 866681020589977601, 369114152, 2788658816, 755915685901901824, 2947360600, 1253871002, 109383957, 741512905863008257, 1690259526, 833122304951463936, 170900539, 780876107285405697, 231329778, 18734310, 68468995, 78925749, 30812118, 849039318999900160, 25478936, 189801036, 47290876, 353029369, 92860137, 21474421, 2402895617, 837383092998451201, 90570778, 196906892, 2557521, 21660529, 50004938, 54791458, 25375962, 824152940474667008, 1126004070, 1134325988, 55594930, 1430378414, 3324525160, 3055089382, 799845403814412289, 846945869291294720, 779764212033654784, 27785451, 67995848, 72339761, 173659159, 464441662, 558425508, 911413945, 497384141, 569486500, 326617900, 744524952490082304, 43952710, 41376476, 463187248, 23731163, 55323056, 18584848, 17093604, 2515217304, 24967668, 714681510, 225087338, 157140968, 592451282, 2845591392, 778166664001183744, 633499893, 1537205425, 343544745, 1609158126, 2798288472, 472166806, 114568025, 128988464, 172422937, 1379548189, 801475537449484288, 622232300, 1576128133, 17949450, 551549305, 26114402, 380730306, 814227482, 751342947749208064, 262161277, 34507480, 743155992997691392, 19041357, 23109173, 2345666635, 275050636, 177648924, 360751055, 37571704, 243058577, 136107849, 3004231, 15915084, 308048803, 742080928789364736, 3008375593, 742093593582526464, 211678550, 717143029, 23255082, 247957190, 170513866, 97351221, 167781199, 405334242, 89858807, 239455845, 21806473, 21831682, 16910406, 15930906, 222436278, 61047667, 44527648, 141664648, 2236633914, 16234029, 260569669, 216998174, 36873716, 4319826674, 21701028, 21797119, 125777025, 63407022, 239172377, 72215951, 35291462, 20851642, 39349439, 19426551, 128023009, 45709328, 185487499, 64560257, 1681462776, 288619475, 35067111, 462320811, 2540953742, 3022496654, 24852465, 49841921, 80194530, 2663353069, 2492393371, 91049780, 2379958657, 231209225, 18545862, 37388169, 33455067, 116362700, 30309979, 16560657, 2308586754, 289678092, 763615502, 537844507, 1931885767, 352571978, 20540277, 1522509823, 95003277, 36700176, 209708391, 30782495, 58259926, 1253765329, 1064616206, 2154896548, 79997653, 317370751, 35982046, 104235481, 54951973, 98775939, 17980124, 50811932, 331813832, 20177956, 179149890, 338084918, 145499533, 25100180, 17696167, 19272244, 25932445, 28891464, 24278900, 19575977, 257699456, 349719397, 117778179, 17692330, 16827333, 268414482, 38127255, 28331519, 65992743, 46564873, 27260086, 64571585, 18760392, 26516984, 1063663872, 1903168759, 175634228, 153694176, 259068702, 27335801, 207923746, 212138115, 149726145, 175704692, 23375688, 20127717, 54449377, 190799836, 20886086, 1257970802, 1246626444, 281126652, 423613681, 469661574, 28499598, 418956317, 135019364, 1201469580, 1416192852, 215426266, 306772055, 102282557, 540999101, 44961868, 24215627, 962208114, 434523801, 381705488, 12484272, 604732861, 357009178, 551108840, 848800286, 92470193, 1225763557, 40831008, 1325200394, 613969975, 72711577, 46929380, 23880577, 93455665, 301906570, 142836170, 144120039, 150846769, 166400993, 55362290, 124780229, 16461545, 388048466, 24472704, 38070642, 268576927, 19524742, 1258113614, 406590381, 26449371, 428803528, 1043870048, 542007935, 89992468, 826503493, 523659417, 25901318, 395588738, 408659522, 259624466, 69079112, 445013369, 329216127, 167585725, 234669569, 224545141, 25629334, 933980029, 37615211, 62244919, 32815755, 246971114, 372635005, 444294047, 38382367, 234987744, 827740926, 44829406, 255924308, 21547502, 807832261, 182972210, 390134822, 317580171, 65805861, 17929027, 30413353, 498564088, 591933329, 857640288, 589071417, 872563297, 902054150, 20416406, 143950101, 254145210, 494481398, 102266138, 33995409, 214795424, 48371599, 19923144, 1024927051, 478915717, 196053986, 243565068, 261943445, 289212122, 339491015, 462592560, 434565400, 346630601, 159013747, 20567939, 555849879, 822704310, 98034957, 1196405262, 63901524, 80094297, 1064042478, 25750846, 315052092, 260408364, 59725762, 75890429, 75160962, 52186229, 141129463, 369941987, 56640534, 80708058, 383649447, 386316739, 159169141, 473565791, 190435553, 525987097, 528137781, 33157766, 256395783, 593474971, 525760439, 446607606, 382411809, 448535134, 32205163, 604333787, 367433875, 727433701, 385998603, 414652631, 221230774, 805895312, 72228182, 22124360, 524211320, 124346005, 29927113, 25902972, 30319958, 503371034, 49493550, 846776143, 474270202, 284120229, 30510088, 338686015, 28816388, 20322929, 24275419, 23561980, 28035260, 18327944, 813286, 199077985, 229390349, 462617445, 637352368, 42562446, 23151437, 138600717, 18653699, 29307032, 34430522, 17461978, 42384760, 19571299, 16190898, 17910893, 174533632, 498961017, 84353161, 407336032, 42519612, 132389474, 16125042, 16812787, 53853197, 1059194370, 19486963, 49469447, 1150540814, 82251815, 44085583, 186927498, 327558800, 321793240, 189789770, 272191183, 393238121, 411781892, 284901802, 24191370, 124703242, 15256225, 213400811, 18194219, 23883319, 73406718, 259379883, 19397785, 35936474, 27195114, 23083404]
"statuses_count": 51
"date_followed": "2020-02-15"
"obtained_tweets": 50