"screen_name": "bloomberg_trump"
"id": 1228710288070979594
"created_at": "2020-02-15 10:59:18"
"lang": "null"
"location": ""
"time_zone": "null"
"url": "https://t.co/w1mVSMSLbK"
"favourites_count": 0
"followers_count": 1
"followerIDs": [1228684589251670016 ]
"friends_count": 127
"friendIDs": [394416044, 1725985022, 874740064600952832, 56104093, 16797043, 34936539, 148873621, 837333533085560832, 34113439, 229535936, 829709881041117185, 395425451, 313743136, 214842351, 791323908066648064, 2307092016, 903279844292775936, 908546248231182336, 19397785, 236526490, 839559502118719490, 3239192692, 4559851513, 189868631, 791367368178069507, 811229675758505984, 246939630, 1976143068, 1626202080, 325574352, 925437728895811584, 866759346537017345, 11094232, 3232850910, 304909941, 140252240, 260795359, 237770636, 109350515, 18048666, 26097227, 905822407654604800, 407063841, 43473163, 188752382, 18023887, 730531785046560768, 121872852, 34404843, 273957467, 889458549159538689, 3114721961, 1373219636, 1073906936, 169243635, 710865956, 465366213, 5120691, 1534322197, 17899109, 2229803126, 19418459, 25098482, 42183750, 157981564, 119049214, 3196634042, 3657147557, 426643223, 5743162, 151595062, 925799979226095616, 2859525629, 1900338114, 34197952, 2932180180, 913415007651627008, 742809822, 1025297207883255814, 134826398, 23541684, 1035237007780458496, 893466663991074816, 89760824, 2701924710, 42389136, 18793385, 1101270213641801728, 311221836, 121494429, 18904582, 1713118033, 1158440275641085952, 1193981789787824129, 19842742, 244123121, 959886853519347712, 34626839, 2293821884, 61822673, 482708367, 14377605, 245571881, 29363230, 138203134, 72198806, 939091, 17494010, 30354991, 357606935, 970207298, 29442313, 216776631, 1339835893, 16581604, 22703645, 38495835, 818876014390603776, 52544275, 818927131883356161, 50769180, 813286, 39349894, 41634520, 39344374, 822215679726100480, 25073877]
"statuses_count": 21
"date_followed": "2020-02-15"
"obtained_tweets": 21