"screen_name": "CanVadelay"
"id": 1162374210330812418
"created_at": "2019-08-16 10:43:32"
"lang": "null"
"location": ""
"time_zone": "null"
"url": "null"
"favourites_count": 874
"followers_count": 2
"followerIDs": [2757348895, 1109593590005723138 ]
"friends_count": 99
"friendIDs": [16187240, 1158258411248635904, 16291990, 347992576, 428333, 14216661, 89760824, 15012486, 116502194, 14705603, 17659340, 19636948, 16581604, 813286, 1339835893, 755113, 820705814906339328, 2836421, 357606935, 1152968884208590848, 825569108649340928, 164165558, 30235089, 1003724318621069314, 126622082, 40340894, 14504859, 975502394699145216, 22956018, 866741827, 4551798614, 455710437, 28624695, 485182129, 1090517661593698304, 339435210, 322379585, 20452161, 64434700, 1162787750149591042, 255340030, 373683618, 19038934, 222987791, 80096621, 75050644, 36372343, 12992772, 2809494591, 1332262610, 542905148, 74083456, 1079703761294184449, 1056617625978048512, 51241574, 991665840075476992, 889584872339247104, 412861569, 2467791, 1223101, 60987792, 94021685, 2782429566, 2439198739, 3145959239, 2433526788, 725076563302174720, 26356989, 3236365296, 212486373, 3160252490, 6131952, 1023722780968280069, 958725546724282368, 237845487, 29442313, 435331179, 216776631, 783792992, 138203134, 275189388, 12993222, 427505253, 166364712, 1653075950, 37000209, 271445418, 2674981758, 4828068038, 283308405, 12848262, 186154646, 203123011, 8736882, 41468683, 17881732, 14260960, 6433472, 32162441]
"statuses_count": 190
"date_followed": "2020-02-15"
"obtained_tweets": 190