"screen_name": "cor6oy"
"id": 1222941448200388609
"created_at": "2020-01-30 12:57:09"
"lang": "null"
"location": ""
"time_zone": "null"
"url": "null"
"favourites_count": 135
"followers_count": 3
"followerIDs": [1228069372993953921, 604261155, 129835871 ]
"friends_count": 151
"friendIDs": [213170240, 1189306546867593218, 89760824, 68858205, 37597963, 191915993, 15485441, 20479813, 115485051, 19697415, 912988142, 1172345859905871872, 494592983, 278636534, 554476689, 872860720345391105, 973928283808055298, 70896608, 335540047, 1006419421244678144, 19617745, 369911953, 2333632562, 170201849, 2257242888, 382880375, 54791458, 23101207, 443017165, 955185752131878912, 265588915, 990317363915579392, 780853241810522112, 992797806342561792, 2233154425, 1043595374307495936, 253633925, 1143203152612798464, 2228878592, 20177956, 23083404, 15224867, 16303106, 46335511, 162458679, 22872199, 1377603667, 293050523, 2815320066, 42976596, 62560497, 70544000, 83649318, 205821999, 34276060, 3145930709, 26548315, 846801440706351104, 198526075, 271896961, 380078480, 25125905, 301474540, 69343363, 2483890351, 138203134, 2504595173, 970207298, 29442313, 581925495, 2273308314, 796426033620717568, 884534467, 2900955869, 597453571, 12848262, 849675613778710532, 6433472, 15033673, 488674900, 240302600, 25978392, 52428432, 224699195, 85841811, 398161730, 35944242, 182012972, 257583135, 1450223587, 85854641, 342292583, 255388236, 27133902, 76131466, 23818581, 260300700, 418791705, 2754536704, 20015311, 47786101, 316756361, 238319766, 443215941, 52551600, 138600717, 2809959174, 22849568, 40550119, 81692875, 36395646, 39977710, 75050644, 17073913, 334802268, 215632349, 1006470073, 2196365437, 705653860178595840, 26823392, 24979293, 111399703, 157134692, 33820269, 46257156, 18208354, 369583954, 45055696, 928320564598489088, 54617733, 3608588836, 27195114, 20567939, 31239408, 409486555, 813286, 15846407, 257593864, 19678937, 312194762, 21623298, 16220555, 253340075, 14260960, 1630896181, 415773647, 19667986, 1306720339, 252119128, 262161277, 707354300]
"statuses_count": 114
"date_followed": "2020-02-15"
"obtained_tweets": 114