"screen_name": "D92548173"
"id": 1228858460738965505
"created_at": "2020-02-15 20:48:02"
"lang": "null"
"location": "Toronto, Ontario"
"time_zone": "null"
"url": "null"
"favourites_count": 9
"followers_count": 0
"followerIDs": ["friends_count": 54
"friendIDs": [356494377, 895814938995957760, 19051187, 1087149461288161281, 21314153, 29146615, 3486843912, 33798654, 116858823, 160278135, 80373404, 66496796, 102448827, 18638090, 16362532, 500231605, 19377913, 19025957, 18633998, 89760824, 86320422, 235764167, 416025003, 1013808600, 247412217, 20452161, 2170861867, 900814032055173122, 197927845, 117483867, 578317351, 424635997, 1014176354584154112, 941445247237623809, 938591535603617792, 823969931465138176, 406714183, 2982977893, 888070532012269569, 208341131, 13896552, 24000965, 17684375, 116502194, 19636948, 14705603, 203123011, 19038934, 6433472, 8736882, 12848262, 19000033, 17659340, 12993222]
"statuses_count": 5
"date_followed": "2020-02-15"
"obtained_tweets": 5