"screen_name": "DhaqaaloHolding"
"id": 2440947919
"created_at": "2014-04-12 23:15:27"
"lang": "null"
"location": "Somalia"
"time_zone": "null"
"url": "https://t.co/2bMV2vifoH"
"favourites_count": 520
"followers_count": 133
"followerIDs": [968705202902663169, 2837441518, 1056863208898740224, 1168092941677715456, 1044296476518744065, 1176225956878569472, 4376, 1070027517510213633, 1079607393208676353, 722699113, 1209737502300524544, 1536135624, 1216762384565571584, 1188492727094300672, 1218187512327352320, 760752019, 1222197301814464523, 1084805828501270528, 951336429925339136, 891436790992822272, 17037097, 1213327414551400448, 1216500999088676872, 1184702233767792640, 491172325, 2259575562, 1102853628598108161, 1204677321875214336, 49081015, 755743859544616960, 987176636943548417, 972964484, 1082848432660889605, 1210404309189505024, 1185132368581025795, 2875212376, 1212057611966660608, 1208247066662756352, 1211933158435803136, 1202529786557607936, 870934625790459904, 3240045072, 978128735718162432, 23073840, 4539582640, 3219643556, 873099116, 1173601006212567040, 1334761417, 911861889726066688, 834749889292730368, 1184901056192503809, 1174360369009238016, 981776603456909314, 3338785263, 1001056733878542336, 960012239741837313, 919187428803571713, 1168212177565753344, 24425574, 36204319, 865395081733259265, 1102470689511129088, 1172591640835448837, 987642840351166464, 1687638678, 1137425699541794817, 4830008265, 831870540608569344, 1205892727843545089, 1105039462268989440, 115486031, 1204426345918414848, 1151429690, 58786793, 1184792051960946690, 934686739121221632, 1155919366313172992, 3388576263, 1133415705997651968, 2714908300, 1956355500, 862158108, 1071493887737389057, 1175761755127111680, 2565403896, 930556594559094785, 843023796483375104, 1081273914561646592, 1150454671343050754, 1032008757889433600, 1200521207428329472, 123401453, 722204392422830080, 1038430169264996354, 822283572060897281, 3331876570, 263670210, 1196018735456370689, 1167428387910144001, 215735029, 995274152318664704, 2731139426, 1851309666, 75908272, 22445912, 279156280, 816273673162289152, 142961489, 4197904720, 1108448558, 2985645243, 453561897, 1311358987, 581889051, 2829098655, 2253136088, 2493311502, 75995918, 1724833291, 2456193444, 2469514296, 123475868, 732578834, 22411342, 1004137669, 315769427, 326292368, 430669138, 346687261, 2432493684, 252827847, 2364963448 ]
"friends_count": 1113
"friendIDs": [1561903676, 421553388, 761903438162698240, 51002851, 498868135, 979486575812849666, 2851017077, 969935105115525120, 962650471453380608, 958439071239606272, 899032354152493058, 1085783326860984321, 993811902898851840, 978890399258415105, 983709561927462912, 985497775541538817, 933014098488512513, 216048823, 63452660, 1006460059973496832, 912565978508283905, 2497826733, 96230133, 263696703, 1494754297, 1924254288, 2830299628, 472720090, 1018042738720337920, 562312245, 968705202902663169, 1929596791, 2837441518, 1056863208898740224, 6433472, 101311381, 1102853628598108161, 1065455010937372673, 18638090, 2259575562, 89760824, 1204677321875214336, 247653244, 755743859544616960, 1955996684, 980503599162757120, 132385468, 119509520, 1017276856003854336, 1168092941677715456, 1044296476518744065, 304946149, 193881035, 3297369186, 1123444132066861059, 1116969321408933888, 2915812283, 3715255275, 337974441, 701283481, 249143993, 4817822494, 1228022454280507397, 1127693874850353152, 1176225956878569472, 1122553836110065665, 746309045942890497, 1103640254718885888, 729170239, 1536135624, 1011960443949240320, 1901008141, 1226982320089042944, 1079607393208676353, 791743207969218560, 694877971996352512, 1225487873048223744, 1135452185477701633, 2336894929, 2644720712, 1060253819068649478, 874278655, 1476682502, 4782211493, 2941825732, 807963371664310272, 3063431039, 2824586043, 1224630242494631936, 981073622054965249, 1214621485912002561, 1224067643432415233, 966068884863414274, 2206319641, 567429646, 1142709496042668032, 1446908478, 1091385704, 1136244040347934720, 490461913, 3208314838, 849636378640093185, 1084220913946710018, 717981286204309505, 1218187512327352320, 410315589, 402825621, 3495399254, 1221116594304225282, 740253697737908225, 507488254, 1144908358505439232, 923234864249430020, 2499313595, 709643818811957248, 1206103104413937664, 2871271682, 951336429925339136, 2354247100, 4722932571, 1255559750, 1002046687714725889, 3227205121, 348620338, 1195470906723897346, 1163115274805153792, 1006817674599510017, 4157898743, 1354307419, 1265068920, 1001875465, 1687638678, 1008998949691232256, 932903207755501568, 15449305, 3351870178, 866494090942312452, 799725923037757440, 3304865002, 24028879, 605289830, 735184519263883264, 1245069918, 250436974, 110451885, 851423995253719041, 708665205102940160, 856787705740632064, 4258291115, 20763821, 18186487, 59777132, 1053986646, 345954680, 25557388, 123528331, 35696091, 108836623, 210561720, 720338654267252736, 728817434107457536, 4144933119, 4151627723, 896460125191503874, 960866556908589056, 965581975124955136, 1034729458782150656, 1031449499389100032, 4900719473, 758344069290594304, 847398996049932288, 857114423789580293, 1082848432660889605, 1212098963827875840, 403374470, 2498358468, 2875212376, 1209358024944607232, 104556307, 1209423017333460992, 761167561115443200, 1209517609407963141, 1133296132203982848, 972158227189256192, 1209489883624026113, 1209726468147822592, 1209795662880985090, 1209828800521015297, 1209866861174837248, 382751055, 1210031130864496640, 891369630295576580, 1202529786557607936, 1210175025761914880, 1210220917667848192, 1210273893564534785, 1210509114171908096, 1210661605093953536, 71174254, 1010595079231344642, 1000429562507988992, 937039597758025731, 1210989951837335553, 1211046978999554049, 1210297934748803072, 2874749332, 1051569428540870657, 1185132368581025795, 156626536, 275662713, 295052009, 731190664529121280, 1211241394318147585, 3366793473, 1211318569021005829, 247918425, 763050184406343680, 1211592060597202945, 1210105339011641344, 706495820, 491172325, 807598848503857152, 830817216849395712, 3240045072, 125829143, 903572068150648832, 1029245137, 2824846735, 352162451, 846697066478874624, 1089275985814528000, 502331890, 2316006296, 2911054995, 3228606027, 191321252, 978795594599862274, 721050200207450112, 3618980237, 1199605465526784000, 1211736868561145856, 67357419, 4030528613, 1200469662083035138, 1211781542218846208, 1211008005686226944, 1211944119511076864, 1241345749, 1410196628, 2672328845, 792719077, 4829634503, 1212057611966660608, 1211933158435803136, 1210404309189505024, 541793526, 869604308, 499977571, 1562668446, 2465502443, 302382300, 251236368, 1167446416387661825, 2504748918, 1164221417988218881, 841316666113851392, 996009390116306944, 2765600219, 983883783622475776, 45521539, 873835943135989760, 1067505592086994947, 746712797996711936, 1163163842404376576, 1116386002334027776, 755361808660230144, 963339505, 2624185499, 825254581726748672, 3221400383, 834873420580065281, 1484371938, 240598292, 2364963448, 252827847, 2432493684, 346687261, 430669138, 326292368, 315769427, 22411342, 732578834, 123475868, 2469514296, 2456193444, 75995918, 2493311502, 2253136088, 581889051, 2985645243, 1108448558, 4197904720, 1851309666, 2731139426, 995274152318664704, 1167428387910144001, 1196018735456370689, 1200521207428329472, 1155919366313172992, 934686739121221632, 1105039462268989440, 1205892727843545089, 831870540608569344, 865395081733259265, 919187428803571713, 3338785263, 911861889726066688, 1181471487783514114, 873099116, 3219643556, 23073840, 730495944, 58786793, 145935897, 4295110577, 263847110, 4539582640, 3808000581, 981252471262674944, 832799638600048643, 354281439, 1184901056192503809, 230722007, 1611055303, 1071772799465938947, 945230766929215488, 2197415875, 886996107481546753, 635327925, 884385991565463553, 825826647119118339, 765705331, 904092538465914880, 235531948, 989882687623258112, 2820212369, 841642148458053632, 2803581138, 933979829153816576, 950992815873515520, 1015906005950062592, 1070555294713999360, 1144949301702823936, 1081880180589772801, 1193035279, 1115973256475885568, 1015930076368703488, 1207158329195319296, 47579819, 2578090972, 2410498705, 941446704762671104, 1038970910441656320, 1003361672185171968, 1174360369009238016, 1136981280090988546, 3239996387, 35813085, 711841473570983936, 2993646704, 839880267036704770, 2881320981, 3513094222, 714203652798308352, 973576228224593920, 785774330265219072, 1121848215354134528, 938335299641462784, 1121876304893231104, 487918498, 96224067, 1195725391635386374, 715876693, 940804974979833856, 960012239741837313, 1150540771306725376, 1170763654956032000, 1022056380235018240, 963940735937474560, 989693831972032513, 315071089, 4374451480, 1189051015972249600, 1121786865542025216, 824505514830757888, 234407928, 1168212177565753344, 226348151, 1150667796, 1030052780139012096, 1867482505, 1039661842082275331, 24425574, 2752286414, 2829147681, 715956550, 1180164586785427457, 1158337697477472256, 1173601006212567040, 108437200, 56880093, 36204319, 604436400, 3026492272, 1143181446674337797, 800482964932993025, 3221029451, 1069153662960832512, 980099381457313792, 1073646118200856576, 484988578, 1206831245138841601, 851343914653163520, 1206686757716156417, 3056621079, 421373496, 858231041215131648, 1102470689511129088, 1042007985176956929, 1181266313437691904, 151865837, 86253858, 846264758, 1116770690739449856, 1136384967343333376, 1137425699541794817, 740957657146744832, 1148197320468639745, 4830008265, 381652427, 822767987425820672, 841307236185997312, 115486031, 103813023, 117812501, 411654849, 1356193105, 1204426345918414848, 926664492381097984, 1167626591637295104, 1918562294, 91230665, 1025741722284949504, 1031064545966653440, 1001056733878542336, 1151429690, 1184792051960946690, 2260110557, 254562294, 608206067, 3327203289, 1038450828795944960, 1133439611269787649, 420751019, 987642840351166464, 830745937333125120, 957627556492140545, 860096024899190785, 1118300768161763328, 1204849914855002113, 1027389122833469442, 1024944410, 1000522419742879744, 440209027, 1157802016854294528, 817712851695575040, 1187495974916251649, 440576653, 3388576263, 1093832169766690816, 458234232, 234551562, 1076790162733047808, 457750995, 1133415705997651968, 1046083147602055170, 254174364, 725321539, 1147877482403680256, 748013795574956032, 983242709510033408, 1115279805845577729, 712830452956925952, 1141404035527925767, 1020417270441537541, 815064407181053952, 57954414, 149098623, 876393943935713285, 1026878028587122688, 2595198181, 1974674474, 248962611, 767625505327767552, 2576440904, 766186455899185152, 854540997572923392, 4300288769, 882336530, 1113701607399743488, 194036144, 854817744188985345, 2714908300, 1956355500, 1078422119812354051, 61026922, 1103661532951560195, 900106402781384704, 756599918882590723, 773205479405346817, 1180079225874915328, 1184836314925031424, 1188723365374320641, 1197039651015593986, 1175761755127111680, 2371988773, 2459715342, 1672823953, 179010219, 195717009, 394031689, 402806789, 1665083444, 383281916, 1432503024, 2565403896, 4448845414, 4912637507, 738702488770125824, 875907297687609345, 892277829576126465, 298137738, 838142234826575877, 894826898349576197, 2727861424, 1100354622, 200783631, 821278308, 3385965317, 4490005457, 783210392378085376, 2378261076, 4755047825, 374657448, 3382540456, 1465724448, 3980584294, 867293910334361600, 787002874630856704, 929786957290500098, 2838306352, 1586053747, 2371618338, 1158822504389107714, 978909638312841216, 2177222911, 605846173, 1143110701059379200, 2829728858, 439033661, 1177897063394226177, 839861348779634688, 832943862033350656, 1072166605, 1020293315793686529, 1157643180155777027, 597553753, 843023796483375104, 345399899, 3041697933, 86104502, 997353096371232768, 2526129270, 1081273914561646592, 1081868208078872576, 600781198, 1150454671343050754, 1048552108465803265, 1032008757889433600, 868469925941301249, 4045537936, 742018048278794240, 834749889292730368, 1030004841442160640, 739284577198440448, 1180187293, 1262467484, 48015157, 1224492829, 2913439008, 1050795184148099072, 41335658, 108315250, 22039274, 266403075, 422638155, 245121783, 497053440, 841532408012902400, 2432317963, 745672117656649729, 743146710550126592, 814442112729153537, 967826996309970944, 500977136, 849915285482213376, 2564176453, 966005244, 4412447355, 52159107, 1046846960433545217, 1027491384708792321, 972974392492875776, 2440320181, 866285808931700736, 1111289756707680256, 1014358346835615745, 1024611558750609408, 1045334174289334272, 935717369678368768, 873281368314261509, 973353793567055872, 1071493887737389057, 840362335730581504, 820794212035620864, 956478446003195904, 1113485656649400320, 1099652364733161477, 981113345364430849, 757679167374782464, 971375694616973312, 899641370033434627, 854414119574708224, 962435039534268416, 219977632, 986348528887877632, 2512218183, 722610398554415104, 16180915, 1125841087, 3374006044, 123401453, 755095258682327040, 3246738151, 2846737953, 1957163474, 1274420528, 3108579184, 1897897652, 30343344, 849578135989489664, 1196435288874196992, 808026150140186624, 785607025086439424, 629635646, 710425811925471232, 101262799, 1023533568222482433, 251239715, 361804200, 473488753, 1174796173422579717, 716793699, 3126244486, 1274458921, 1188699498396160000, 3244230872, 3289974026, 764627372855300096, 142045890, 2987645457, 903680150, 454121984, 848825267229519872, 3433158934, 854320405468852225, 1117366678021705729, 1038430169264996354, 732093533922983936, 822283572060897281, 1047740055673081857, 529138767, 1131519084917661696, 938337130635460609, 86681247, 1116732542449803266, 869504413, 843594711906553857, 122315314, 1334761417, 839910113007792128, 4507836255, 992894084, 849464259029454848, 876128701150183424, 870306226374103050, 981776603456909314, 930765886469877766, 4908969921, 887693339973308421, 780298406845616128, 1449069661, 861559302426853381, 1054435052615012354, 938090871916023808, 979945309370572800, 862938660223758338, 1052301797862363141, 870706176861888512, 4550893703, 930556594559094785, 2506908275, 801926184447647744, 151467226, 908322696328605697, 742269896487251968, 912969265061474304, 1089406151647727616, 79286408, 93115683, 97219875, 49981193, 4565567835, 1168292839, 2872308731, 49737033, 925990748620771328, 2684581916, 719725855, 22001093, 3069857283, 169374618, 1111711558210674689, 2989169968, 603861426, 71784887, 722204392422830080, 564786581, 582033039, 1219618261, 1072847633524449280, 4159387953, 745089066, 1009848217, 749994222594433024, 2899874985, 709430590672543744, 3486500415, 3649759876, 359460148, 1097761838681518080, 33636586, 3176672436, 950313240, 706916596762202114, 869664096471220224, 813147903439028224, 1048637836935778305, 258761250, 3331876570, 2812591800, 927211399, 434998263, 56101363, 122986246, 397154388, 578687327, 373872524, 1475008064, 3307876396, 330251126, 2846965761, 751449384387313664, 37215968, 901927301335715840, 993172527957585922, 65707471, 1029961337496064000, 2375167334, 793759950724030464, 885944537302040577, 1039425340509245441, 3233811474, 441271908, 882179162655440896, 1079791753, 3148624552, 6608082, 847555893348532224, 966733241498599424, 1172591640835448837, 989022410912432128, 3024584231, 433583491, 1026360385337733121, 1065874902446731265, 1164556097409232896, 1018489511226068992, 1186461981861175302, 905704241221730304, 738834573065375744, 866759765736738816, 835133287362252800, 1042094203692560390, 952147692104318976, 85614130, 1026760728924119040, 1330424857, 1151914342461444098, 990481052060868608, 1171694685980676096, 1171172183969816577, 1038329666921218049, 263670210, 862158108, 117795822, 3132666273, 867635095905153024, 1242335204, 984393125857824770, 2167580387, 3246099789, 412978054, 855331492687355906, 1173482435633451008, 2925683967, 949223450, 1438080139, 2158162015, 1098600365266735106, 971033102, 70301713, 3289922531, 829182964756054018, 716946791745368064, 3243721451, 750962198, 827163441597075456, 790937686701903872, 824196676038619136, 1062753384158150656, 37268397, 4192937908, 1171480261487296513, 715216696370458629, 3037651228, 170570410, 3030182705, 745895546590748672, 224646999, 2977492384, 37721761, 714452788642709504, 2654579305, 433861040, 20003409, 62933037, 812627249446780928, 158533234, 92272771, 1165949142, 1144935463, 201487534, 243796033, 709615078186815488, 74768403, 343773480, 2771239073, 163409644, 255556839, 4709230577, 1082409940030013442, 1134121350216527873, 154803896, 479452990, 960706196, 144264424, 19320426, 889040342, 441120663, 427594787, 2911847085, 2584062780, 47872711, 2560545691, 790583835696197633, 3387718660, 337873901, 935969937969074176, 215735029, 1252987862, 1059015168263417858, 2469025157, 839894769304231936, 1003487051034124288, 4657184594, 712127205313089536, 920680812626042880, 3756468077, 795770862075052032, 741152373880573952, 704105244180004864, 2175372396, 4198020545, 358659192, 943656016780066816, 925163437507751936, 914708696428683264, 2600519178, 883923658389020672, 949803412987826176, 1271650490, 898698022154104832, 4171611275, 954122360990220288, 877492401446768640, 47507674, 860561262215925763, 274015068, 803858837094731776, 879527029879734272, 4841230025, 4257640516, 205888124, 848120913295953921, 2839823075, 937673847632826370, 708069828888629248, 2348186900, 752067544714969088, 1160906545, 1762198212, 832832958, 217422767, 206737770, 424896701, 1612675436, 149441674, 1008316790, 75908272, 343755443, 135169455, 148938464, 356089298, 164993625, 1577162124, 39871442, 2700483775, 14351928, 2528032632, 309398761, 2414521490, 279156280, 38241790, 14421054, 161728346, 137517631, 137506318, 17653762, 81144394, 130202874, 17465742, 55818147, 83287577, 16817514, 30041131, 18051167, 70976092, 17825771, 7894022, 14931624, 17525214, 14752841, 14955268, 15962856, 16516655, 43171388, 55133764, 17870798, 17472434, 18077815, 19491948, 14607509, 22456205, 135243857, 15656710, 17890482, 49236221, 14038642, 16797810, 14685488, 16486462, 22445912, 19498642, 495643, 121222342, 17456436, 36413035, 36394357, 14639667, 288483029, 26074694, 287049865, 44932521, 64331621, 806983702429343744, 816273673162289152, 820822691846430720, 822426130619764742, 5664562, 1378053337, 966398426, 1311358987, 243179650, 153813437, 755409372, 1116447528, 2235712831, 172079621, 1344209094, 25098482, 2149644410, 27860681, 16301873, 310612087, 1724833291, 636170265, 38200662, 1108049348, 1093539876, 428637191, 513583038, 266335698, 18828442, 143911812, 16896485, 23745634, 210897934, 17090606, 19226651, 223427725, 161616306, 223216850, 77895850, 58407576, 185219558, 18203224, 145262007, 543328565, 315002750, 482230916, 100708381, 420236339, 1296791569, 910672590, 96735431, 822938108, 69309600, 197347638, 570911217, 349102107, 1220358878, 170000053, 757403952, 251950456, 282573675, 1595550740, 1228095127, 769557097, 70913249, 611794802, 34063386, 16247045, 198057926, 453561897, 211518234, 11852772, 92346621, 1194068455, 140077656, 433430567, 1857453619, 874929812, 1034132162, 499231076, 388152072, 99220822, 1004137669, 2380132933, 953848772, 389533716, 1688234448, 434003598, 23811362, 281696823, 97666491, 289392144, 224845973, 1600819592, 544152702, 144386924, 863002063, 613449923]
"statuses_count": 827
"date_followed": "2020-02-15"
"obtained_tweets": 820