"screen_name": "EricTikkala"
"id": 2473469107
"created_at": "2014-05-02 00:47:08"
"lang": "null"
"location": ""
"time_zone": "null"
"url": "null"
"favourites_count": 76
"followers_count": 1
"followerIDs": [16034244 ]
"friends_count": 75
"friendIDs": [16125042, 36724576, 22178780, 371539066, 308973177, 19377913, 89760824, 24423418, 28066436, 4753784437, 14873900, 14604658, 73406718, 16403943, 123417995, 55307193, 16672159, 32135704, 18479513, 742143, 51241574, 20416406, 217160945, 74518740, 39419180, 40927173, 163559269, 182422417, 246120229, 322233489, 20793276, 342165503, 18194219, 25140900, 19426551, 200169776, 18915240, 16302242, 72878707, 37774152, 284089166, 248900032, 17461978, 16812787, 17980124, 51263592, 170424259, 50811932, 35936474, 198975780, 1059194370, 11026952, 2557521, 23083404, 19923144, 41468683, 119106683, 242313837, 48471268, 370404328, 29799267, 29818068, 194439261, 86002394, 234889416, 22060836, 530801404, 191623939, 170193696, 70442891, 17093604, 62894963, 47650483, 31511502, 50004938]
"statuses_count": 11
"date_followed": "2020-02-15"
"obtained_tweets": 11