"screen_name": "GirlsTakeFlight"
"id": 953094652181336065
"created_at": "2018-01-15 21:40:47"
"lang": "null"
"location": ""
"time_zone": "null"
"url": "https://t.co/rl2RepgbpX"
"favourites_count": 168
"followers_count": 73
"followerIDs": [2562505410, 56440562, 360757968, 468650193, 1226649007776100353, 212243414, 101383869, 858438735905656832, 625814229, 1071124345, 21674492, 1145463290790703104, 218882529, 28417101, 4860208953, 270397278, 70483275, 955110852, 1948337756, 849087701307592705, 1117217046591418370, 1080247654951669761, 836233004565540864, 1035285610808991745, 1723793444, 27425914, 21301606, 265405610, 180097923, 175483758, 3186773998, 2161437860, 370297673, 594009581, 2695190315, 1033882234296717312, 1019960544298594304, 1002079596815245312, 991383071810314242, 868147702600617984, 373711541, 277710882, 183729269, 4183365700, 554025296, 2221883407, 1480295108, 987791511986192384, 1361702550, 700858322115809280, 42424575, 32871593, 735439969, 963014997977784321, 825035419381272576, 984054305044025344, 966771296720826370, 981264452162113536, 4331637675, 475278265, 1387217174, 86202369, 960554096565637121, 905945011354832897, 926526844274274304, 738368955744653316, 733921754, 39996887, 704477358284210176, 254190638, 864940344508657664, 317982695, 389612799 ]
"friends_count": 103
"friendIDs": [381696609, 22445157, 73381724, 1335567553, 877975256690020352, 4604287586, 288860414, 1002288440, 89760824, 442026896, 1927798826, 25565646, 93714983, 2295418833, 1732266764, 2562505410, 1173132296, 56440562, 1059925619692077056, 837790369404289029, 858034851689242624, 156285533, 48062810, 19636948, 859057777561522177, 1058456486408523777, 468650193, 360757968, 21301606, 1080247654951669761, 836233004565540864, 1723793444, 30673113, 2322615642, 1451773004, 3048144571, 186154646, 366715602, 165819788, 970830866455908352, 821045162, 966771296720826370, 108730964, 908715830, 168700592, 254190638, 86202369, 257047228, 18148907, 22927890, 28851283, 95112314, 149132713, 22101819, 190211668, 166157207, 31502497, 14427317, 4050335303, 2330457139, 54904679, 15519886, 32475736, 124190867, 844228792038166536, 36460091, 809274708348829696, 389612799, 84321709, 2205505178, 2640948601, 110737789, 583783148, 373711541, 798836526, 2303931710, 40119906, 225568264, 38565954, 106940230, 770443280139948032, 324740924, 57703239, 2161437860, 713557975101743104, 316544748, 2828800422, 475278265, 2221883407, 96006812, 312152016, 102865507, 767103859671994368, 704477358284210176, 228833605, 317982695, 460209788, 2685345679, 312836608, 39996887, 4777638677, 261985889, 175486496]
"statuses_count": 68
"date_followed": "2020-02-15"
"obtained_tweets": 68