"screen_name": "Jewelz48960908"
"id": 1111709726524534785
"created_at": "2019-03-29 15:20:28"
"lang": "null"
"location": ""
"time_zone": "null"
"url": "null"
"favourites_count": 1
"followers_count": 11
"followerIDs": [76789968, 1165583268747591680, 1224345084671512577, 1189884549611839488, 988584528221384704, 1167402423377387521, 988149364081266688, 1195858605314060288, 1196752253471858688, 1537436726, 1189355162269372416 ]
"friends_count": 71
"friendIDs": [21721245, 831552689016360964, 1525241658, 761896584644816896, 982715721108029441, 1187065461646618624, 1226652401240662016, 1161682827710214144, 1212459059175051264, 1218827705103286272, 1107360045451395074, 910262393351163905, 1145768224170172416, 879335563492569090, 1957862330, 1224345084671512577, 1191010912959897601, 2675299254, 1227157840839622660, 1227667715642576896, 157667805, 1167402423377387521, 3902821814, 988149364081266688, 1126579117879590915, 1195858605314060288, 1184772778639155201, 866470237, 1196633299277565952, 1045409332161130496, 1189355162269372416, 4708527954, 430393776, 1196752253471858688, 1211736676982083586, 3765449295, 1537436726, 164060700, 2704423530, 1645583900, 76789968, 807415256, 883909136286707712, 2339169747, 17659340, 953111992952393728, 89760824, 3356227563, 1181704547095470082, 2219940362, 1189884549611839488, 22930902, 1114560942338203648, 1063092073535021057, 892439121381269507, 813286, 3342651099, 1151096340438552576, 1099513631383998466, 861244947462320129, 556737226, 988584528221384704, 1193988114408202240, 1190396565753610245, 936032622475726848, 1165583268747591680, 1142648890581233664, 923955506019958784, 1140463256022265856, 886297340621070336, 1162448469434540032]
"statuses_count": 8
"date_followed": "2020-02-15"
"obtained_tweets": 8