"screen_name": "Kathleen0820"
"id": 741058514169253888
"created_at": "2016-06-09 20:04:52"
"lang": "null"
"location": ""
"time_zone": "null"
"url": "null"
"favourites_count": 10
"followers_count": 14
"followerIDs": [1155261861308379137, 1174873219968458753, 2209229040, 1083755985209098240, 883150715144876033, 881961958773227520, 1084645311153348608, 143623193, 3935639675, 777875020584484864, 516069599, 2624806022, 739128035727773696, 740724518520512513 ]
"friends_count": 197
"friendIDs": [38491229, 2459609448, 500231605, 20322929, 255388236, 19923144, 1058168739689041921, 39728435, 89760824, 981224507384844288, 846923375209594880, 985916593065476096, 3448610971, 47786101, 393852070, 1151771586, 3148504413, 290201000, 2715115656, 1011315590, 3327720838, 406377294, 2447890292, 309947933, 739784130, 3782606837, 908576682855981057, 3243561805, 754860209877688320, 756271337585319936, 1134861897667416065, 241241309, 756623089098784768, 735947659438100481, 47285504, 43384404, 100220864, 196795202, 84279963, 16295454, 1416622795, 371069402, 2786266138, 3242495944, 2924435983, 22153171, 1117661392549613569, 4035503243, 3320478908, 887025922959921152, 2489219041, 14942701, 1084924983166595072, 18129073, 938234699033513986, 23347863, 930474396703174656, 989528725128667136, 333550831, 887010284166144001, 761513278879232000, 85603854, 31239408, 28706024, 176566242, 19377913, 19025957, 19636948, 2893511188, 241382835, 3063032281, 1059523540834271241, 214965789, 14230524, 23375688, 73992972, 883150715144876033, 1084645311153348608, 50004938, 881961958773227520, 501073736, 21781349, 23762005, 55594930, 25462558, 105715305, 15687962, 750751206427860992, 14922225, 25520252, 928006370267467778, 155694205, 2742369600, 233550501, 76066376, 143623193, 257699348, 944936876, 318660523, 96173484, 95420796, 190862609, 2180700398, 26642006, 712351223018422272, 718116063485960192, 3863606953, 275215221, 777875020584484864, 1924364738, 2818322000, 4899022031, 17169239, 133860889, 3278809183, 1209342523, 23807048, 1209309782, 50037051, 492399548, 109646364, 27997473, 46233559, 119199038, 21417710, 274119641, 234443392, 130991061, 34507480, 16409683, 268414482, 26565946, 27260086, 604659670, 2149544612, 168756220, 50466186, 2309171426, 725675895965552640, 109303622, 104288093, 23111271, 71578452, 56783491, 379408088, 2612831387, 101879887, 34192959, 3138252223, 757520136, 68838777, 92422285, 1111320422, 472432213, 189211055, 250831586, 24113137, 1330673022, 25028207, 265554862, 58748818, 59199168, 1163395530, 264498030, 45609049, 58233603, 366322025, 262454289, 199999865, 56773228, 229033316, 29330577, 24668720, 198830228, 612662672, 166739404, 43829038, 199804147, 58834557, 18470958, 73443014, 383044849, 338596872, 39133880, 142078320, 33597201, 21219827, 29756339, 740724518520512513, 4532891, 107436986, 386244525, 18863815, 17919972, 79293791, 21447363, 14500608]
"statuses_count": 9
"date_followed": "2020-02-15"
"obtained_tweets": 9