"screen_name": "KKnowoneyouknow"
"id": 753399963128766464
"created_at": "2016-07-13 21:25:23"
"lang": "null"
"location": "Ontario, Canada"
"time_zone": "null"
"url": "null"
"favourites_count": 0
"followers_count": 17
"followerIDs": [797937323707076608, 1485348978, 987947460, 2975434728, 1229036744240254976, 62617728, 1092363466206138368, 2270525000, 89343637, 1008103433822351360, 2915954031, 558644534, 451681683, 253853222, 7344272, 108703415, 37713606 ]
"friends_count": 316
"friendIDs": [212621119, 242827267, 89900807, 2566535282, 15669672, 2475818118, 78613657, 32002507, 292615553, 63210367, 28381177, 26036200, 3898598357, 83748727, 707231479047315456, 217749896, 17061263, 833666870020562944, 23529233, 95092020, 2381246233, 774174489458331649, 902200087, 2809959174, 787739564723015681, 869264329148948483, 51214010, 40316065, 115749048, 204646101, 842844134314397696, 529477577, 73299652, 203132018, 1039945446, 2904195838, 3664109892, 116579971, 18576537, 2383720692, 253147396, 18316830, 3067425464, 4878450587, 825823199489318912, 908780175005011974, 270517917, 2698848186, 817859804312064001, 2835451658, 753974664041533440, 216299334, 4924810223, 713023110, 403827967, 1548449911, 883467071727616000, 19489239, 1242791082, 485182129, 961505856, 3051399156, 141084952, 435704007, 930386257, 1176337336906461185, 337484648, 19743540, 22434517, 796526098179878914, 1181273788836507649, 884455440293269505, 292929271, 18585712, 400518302, 933516915326283781, 1276123381, 75050644, 256360738, 833988769, 56905881, 4430660543, 16580153, 3246325157, 16187240, 876860531998642176, 800539651287060480, 2969926672, 22009023, 140252240, 28941139, 89760824, 300313868, 2339238427, 2523599618, 3290260638, 4236806414, 4258680387, 12848262, 15012486, 16708161, 24700876, 148869627, 302071347, 597674628, 41634520, 235122381, 365549928, 428333, 38100599, 14216661, 6433472, 14678279, 14538949, 16434993, 17980523, 25073877, 30800681, 31946780, 75556439, 255340030, 196168350, 358545917, 1271102306, 16106522, 18080108, 720083863830069249, 18089606, 1392956425, 2422634642, 91882544, 296553576, 16116073, 4717892303, 137073586, 184216437, 1337647838, 931286316, 1449320024, 16295454, 190817371, 203123011, 457984599, 35039490, 19985444, 1534226707, 28910863, 105284185, 149913262, 168470806, 750714618696179712, 171606833, 55687338, 325703197, 592730371, 2791988124, 4785764884, 725688814069518336, 2559287616, 1072009236, 287843201, 19355955, 958415120, 813801457950609408, 705824874854424576, 253853222, 2899378577, 18710344, 1013107787402969088, 959899962476675072, 965028316460797953, 1105925390, 735848330798858241, 73988914, 62617728, 797937323707076608, 1092363466206138368, 1151461636647084033, 34375961, 719365655066095616, 38050480, 1219512006576705536, 959921027982745600, 1008103433822351360, 89343637, 613802332, 841079073774354432, 794548575673978880, 827547903619190784, 2245925911, 2926136996, 2915954031, 38422859, 771957247, 225072304, 3906907874, 1004694289, 11348282, 23865085, 19000033, 14705603, 17659340, 8736882, 12993222, 917100433, 3104488967, 69233373, 4240441, 94021685, 385656189, 287260619, 2270525000, 987947460, 273947615, 439170402, 4739141603, 1140721808, 1398495877, 18788798, 2975434728, 757300766478663680, 753720285413646336, 2909859783, 313038011, 164070785, 127941629, 18643437, 78523300, 16589206, 1038481676, 2525149488, 3131144855, 534386988, 280777807, 73406718, 7401202, 2459609448, 2308506457, 39728435, 280996393, 221052697, 163562125, 225142698, 41468683, 3309965448, 32064319, 1543786818, 94136626, 14260960, 108703415, 20248618, 857001662, 714942386552504320, 19636948, 28133800, 50004938, 2186623778, 245403223, 3033431981, 24872394, 2695441559, 429032976, 16708360, 20878297, 114821027, 451681683, 79745758, 153836337, 448888067, 10629182, 37713606, 322791093, 344754757, 47394773, 1288806313, 21525682, 76919759, 169195346, 189252710, 85433682, 1396174561, 1556631295, 2483011556, 3311680266, 541072069, 1670477708, 268896326, 1446599744, 20462780, 1340270018, 328810158, 261880369, 893479800, 16220555, 492399089, 55594930, 25081739, 65915419, 2417426077, 14084621, 482587793, 106176977, 93308392, 2980269681, 184964515, 32928591, 413802355, 3018960919, 2460091700, 558644534, 3111670868, 21699101, 573709351, 205988930, 2558898963, 7344272]
"statuses_count": 40
"date_followed": "2020-02-15"
"obtained_tweets": 38