"screen_name": "maopuca"
"id": 2574830094
"created_at": "2014-06-18 09:23:15"
"lang": "null"
"location": "?? Toronto"
"time_zone": "null"
"url": "null"
"favourites_count": 216
"followers_count": 8
"followerIDs": [1076244239514828802, 3096627296, 812755570880966656, 708523874225291264, 4236524773, 3058118508, 3225647304, 3053719274 ]
"friends_count": 52
"friendIDs": [8736882, 89760824, 50811932, 15994109, 708523874225291264, 1103090617440178176, 35936474, 12993222, 13896552, 14705603, 35982046, 30714430, 38251247, 635570729, 2227318080, 266024452, 43388408, 24311374, 88860110, 19337563, 27053127, 130833991, 43384404, 165819788, 183610859, 20455865, 330590874, 2584213500, 3225971468, 339241519, 1546561830, 28066436, 18371803, 25319414, 12848262, 3033353043, 2751115087, 2414521490, 1367531, 25073877, 19377913, 73406718, 22042407, 9930742, 14260960, 192001408, 3053719274, 128267983, 19636948, 35259973, 1364436108, 397498141]
"statuses_count": 2
"date_followed": "2020-02-15"
"obtained_tweets": 2