"screen_name": "MattiaMisasi"
"id": 3012312503
"created_at": "2015-02-02 09:45:40"
"lang": "null"
"location": ""
"time_zone": "null"
"url": "null"
"favourites_count": 147
"followers_count": 10
"followerIDs": [537674961, 2649424861, 2471583710, 704258132, 3258081510, 3307139500, 2964523927, 1264969620, 517119661, 2661452100 ]
"friends_count": 44
"friendIDs": [89760824, 19377913, 19025957, 2587481977, 500711588, 2471583710, 3258081510, 3320180754, 1162007828, 2924861994, 704258132, 854684887, 270026715, 517119661, 23591362, 72582613, 23796987, 57097104, 27042513, 15846407, 124335068, 2964523927, 85371279, 133093395, 1161493932, 133880286, 6427882, 500704345, 284593729, 22797240, 22930902, 21319695, 147966474, 17469142, 2661452100, 114818144, 102448827, 17659340, 20601500, 19636948, 14500608, 53184267, 18638090, 132240374]
"statuses_count": 54
"date_followed": "2020-02-15"
"obtained_tweets": 54