"screen_name": "Nathan630pm"
"id": 1849893295
"created_at": "2013-09-09 20:29:29"
"lang": "null"
"location": "probably at mcdonalds"
"time_zone": "null"
"url": "https://t.co/fNNZZsdaCF"
"favourites_count": 4109
"followers_count": 151
"followerIDs": [998943444478451712, 2334346969, 2795828967, 1211665087070494720, 766803906147954689, 1083451818498088960, 1181278952578527233, 792707399505309696, 1153275390858846211, 1077564611430277121, 11849042, 1155189584097005568, 4796024807, 2765957042, 831995604872077312, 1120792146691403783, 1136707360490164224, 1136490526126067713, 975363456919482368, 1121456216314499072, 358958878, 984501764471902208, 2930251849, 323072234, 893147576677130240, 346923754, 971600211750481920, 930253263076839424, 845759285451743233, 896289311431307265, 308806046, 398949104, 3226814595, 882145655849746432, 2978269897, 2298301431, 3003541631, 3557443337, 829745652393508864, 3335560259, 517184160, 458835616, 840370816688758785, 832338478356639744, 829117924946370561, 16584467, 784092302629343232, 2979208036, 2957600817, 33973074, 801297212990963712, 1561210646, 797870494661877760, 3623022314, 784122330100269057, 19827156, 715137299659538432, 3059442117, 4071618195, 1466452332, 773573928497340416, 727793028081983488, 269130743, 635495354, 760234014217113601, 758169498214096897, 733616097711300608, 746302346439831552, 1849812854, 3245326906, 739809708027052032, 395046737, 24215794, 726577074589319168, 726599620088991745, 3384512056, 4487367792, 728540118005354497, 735428904115142656, 735213371386146818, 4516411288, 725416606491414530, 715973132675223553, 4826988874, 712154233995272193, 710399325868691456, 4030355300, 4691471827, 710559491935219713, 416462105, 707358650008993792, 706564387738243072, 700888215427874816, 2570033754, 4779957373, 2189340019, 4896196474, 3744658395, 3020885658, 2875868383, 4354289355, 3164845088, 4236432209, 2821599027, 3311919018, 3060730456, 3347712693, 1319187254, 2960940640, 3310756642, 3033709793, 2536311406, 2996634271, 3360836705, 3305032270, 3029391707, 3208961967, 2986345919, 2459109241, 2984967613, 600019235, 3145303267, 3150307718, 336717395, 3121921369, 3019080823, 69039291, 3029365378, 31442511, 2917537611, 1011996391, 2972661862, 2830795468, 2944067375, 2950675744, 2937216395, 976453188, 1170249810, 2391649380, 2848788352, 1075470626, 2582696522, 2268016809, 1164276606, 2410930662, 2355507678, 2324690158, 2358658528, 250883592, 2324629890, 2210864984, 1419695342 ]
"friends_count": 286
"friendIDs": [89760824, 500231605, 526682349, 18910324, 340409657, 3346633984, 757945820415160320, 40961141, 1115709090607419392, 18218334, 275730435, 937756451380088838, 2795828967, 91593332, 1121107155476799489, 1211665087070494720, 1146718721093693441, 48600145, 612473, 5402612, 742143, 27457788, 2908596773, 2150327072, 1116315871637590018, 15846407, 2542207602, 1125734886126510080, 17844280, 1505545046, 18318100, 1083451818498088960, 792707399505309696, 224824666, 1077564611430277121, 37854373, 30973, 54554490, 59899837, 4796024807, 2765957042, 831995604872077312, 203892954, 370310957, 718938043579637760, 1720701343, 23339128, 14362613, 1120792146691403783, 1136707360490164224, 962120071547035648, 799295337873580032, 1136490526126067713, 2455740283, 358958878, 1122337042195554304, 1121456216314499072, 2980230189, 938813729315131397, 542139063, 2930251849, 930886157763784704, 3244164197, 1474922396, 568669059, 1317056618, 990333860385701888, 1459630634, 1071022481341845504, 2830342923, 248530765, 2808285912, 18588279, 1037741516893167616, 394279809, 1028428177117523970, 154221292, 222834395, 1375783214, 457652659, 2866107802, 44196397, 450131592, 2559136209, 85433682, 3065618342, 22797240, 618262059, 17386885, 21111883, 2828695768, 890815835761016832, 850494302643822592, 182742435, 16362532, 902274570945691648, 466876723, 57841792, 163562125, 9778262, 2410360623, 2725709842, 631303299, 52168389, 893147576677130240, 872683897, 930253263076839424, 724434543126667265, 769628633732374529, 14949454, 24966595, 142538365, 337466359, 44053019, 220804054, 34843478, 237637607, 282637991, 60713086, 916303210377302017, 179551512, 860882813494669312, 806619118539444224, 35084169, 52553796, 3192390156, 398949104, 137443190, 2788032374, 310388940, 37997556, 33831359, 1632772304, 208602522, 250414171, 17441447, 34303468, 165725207, 844215073103142914, 830481435341516800, 830490580836835333, 889367154, 720384668801961984, 3435999357, 830519988767309824, 14234323, 865033457461755904, 550722044, 1636590253, 1877433450, 2298301431, 3003541631, 3063687160, 3557443337, 829745652393508864, 43885373, 110365072, 237483903, 3335560259, 46438367, 517184160, 813286, 793447766533877761, 213296015, 4266168051, 458835616, 843925779012567040, 190347592, 2561704644, 620193119, 620201089, 15418056, 465816563, 829117924946370561, 16584467, 731201862809100288, 163420206, 2455586250, 801921296909160448, 59553554, 1536791610, 822215679726100480, 784092302629343232, 97189578, 69039291, 413487212, 2462907158, 33973074, 164457546, 752805973346099200, 14713787, 1347713256, 19827156, 725885600453279744, 205330788, 3274380884, 4071618195, 384455456, 1963162812, 17034634, 25166832, 4444936638, 740240040819752960, 4901964874, 2848313554, 2976878057, 3057280828, 981158526, 2425606548, 1342964516, 794425147, 2741348517, 768871187531169792, 19315174, 2241619002, 3918103753, 14877205, 8708072, 2482499272, 1849812854, 24742040, 17899109, 53238154, 14511573, 2459609448, 1041346340, 183610859, 612750924, 101908434, 1488303835, 264868217, 3053274123, 22209176, 707358650008993792, 702748676360306688, 1058741216, 700888215427874816, 2570033754, 519685965, 137365854, 783214, 297174372, 605805760, 612076511, 75691804, 16409781, 34623670, 148877103, 71026122, 1413595693, 2741835538, 551214450, 3059442117, 269130743, 5733082, 14260960, 4080653174, 111679943, 121818950, 1857819000, 19559116, 83691020, 2903837358, 33518217, 50393960, 15670515, 74286565, 3029391707, 2986345919, 219876803, 3161089733, 400952440, 379525185, 2459109241, 1011996391, 609391732, 64565898, 282348945, 1452480684, 119804396, 619462402, 267150679, 2429784877, 1101925656, 1419695342, 17881732]
"statuses_count": 8054
"date_followed": "2020-02-15"
"obtained_tweets": 3191