"screen_name": "paulap13"
"id": 29856061
"created_at": "2009-04-08 19:36:51"
"lang": "null"
"location": "Milton, Ontario"
"time_zone": "null"
"url": "null"
"favourites_count": 1207
"followers_count": 32
"followerIDs": [1217337692201025538, 1192135996692926465, 1052810362913845250, 1151655017847414784, 1199595310592344065, 1192330906721079296, 1188827844811644928, 1861837651, 30044322, 1162168843164377089, 27402230, 2798805497, 74629872, 901948493354414080, 79258935, 3179809762, 2791293196, 1650933151, 392499113, 90494856, 341203673, 815867688, 255026359, 825281594, 31470359, 452584739, 7130402, 35560255, 132148381, 23591362, 5022101, 4551881 ]
"friends_count": 328
"friendIDs": [89760824, 19600444, 1202985570, 24483516, 2610470250, 18027568, 158553505, 373553582, 30888244, 262843637, 92294003, 130668812, 16697350, 143552619, 71359840, 290081566, 40965341, 44642115, 532345947, 273597656, 54559669, 92364185, 87222643, 15247902, 256090039, 44700469, 249203600, 123054888, 124522109, 28595747, 15613133, 3165886640, 19933480, 4227012394, 42366225, 1861837651, 130522705, 180418331, 46186400, 15225275, 704881118000971777, 348474838, 90686539, 76770126, 28611240, 41707730, 39364684, 38027063, 1202187201230131200, 1199595310592344065, 104886426, 64574086, 60152652, 369238299, 2436210614, 18236230, 330562657, 213426198, 203975219, 47338701, 130602347, 33618667, 25029495, 100300056, 83691020, 1040284092, 612900265, 114213282, 312253619, 722210815110041600, 3018672811, 20012204, 50374439, 23603092, 23591362, 30044322, 17451213, 2893511188, 5402612, 183697115, 26314109, 185902139, 26852024, 26820715, 145499533, 250831586, 491635873, 582519519, 2584213500, 80480330, 28066436, 73406718, 2455740283, 18228898, 342327238, 2562289441, 505920570, 824107409723588608, 879867656215695360, 11348282, 13298072, 18200793, 701725963, 1308211178, 34743251, 18220767, 18912121, 26035198, 25140894, 19294897, 22652957, 901948493354414080, 268414482, 157140968, 236699098, 32959253, 379408088, 34507480, 23690344, 27402230, 2458256605, 28245852, 16622151, 3030598472, 44196397, 1631449976, 844917026841939969, 47956038, 21212823, 4815960675, 200163448, 3260518932, 79258935, 3602905349, 26871290, 1345702333, 16573941, 910708442, 40989198, 197208081, 185732355, 733377566, 505198681, 14260960, 3320745074, 1454763781, 2182373746, 726183844018290688, 106176977, 17919972, 238558079, 16295454, 133880286, 18667907, 16206688, 32004130, 22676390, 284602545, 43283406, 351259443, 26861998, 18125335, 177249094, 21258337, 13896552, 116502194, 19000033, 19038934, 18965790, 194150526, 203123011, 103564739, 240423370, 117525243, 1275369588, 813286, 47786101, 373446533, 44958460, 4720231935, 186565593, 41468683, 36179517, 382177545, 56879769, 381688396, 588336287, 186154646, 65184105, 42415033, 28204769, 201530494, 1198545350, 82658728, 1020710581, 17881732, 243679064, 542120362, 340514550, 299694428, 29496177, 296499834, 322684878, 61591318, 1665057361, 270465404, 392499113, 32002507, 2791293196, 30013357, 26020465, 17684375, 14474570, 132240374, 18638090, 28706024, 6433472, 164687686, 14500608, 2155649270, 20246228, 74594552, 1676078360, 36600922, 6427882, 107512859, 245992215, 28208983, 32621370, 44953111, 294149214, 72644483, 50600062, 90098789, 144924285, 72694909, 19257807, 16215933, 66740988, 135609976, 20167139, 347930138, 224332496, 27260086, 14920785, 268439864, 139930250, 58528137, 293812832, 216444984, 25092574, 19777398, 19397785, 15485441, 55594930, 29730065, 17086831, 20456251, 13251272, 17350250, 35259973, 219766491, 15224867, 91390383, 80096621, 332638587, 19636948, 14230524, 23002923, 85603854, 423085616, 106837463, 100220864, 143664456, 6249572, 25399731, 14724725, 184910040, 31239408, 26565946, 1245158946, 30973, 815867688, 90494856, 341203673, 1650933151, 255026359, 36728196, 94565007, 143528416, 74629872, 372291193, 31869934, 397498141, 84396121, 198947705, 12848262, 72582613, 39275966, 276987783, 825281594, 23796987, 44067941, 452584739, 26922937, 21447363, 115465588, 18767123, 189248614, 31470359, 7130402, 61518814, 124497831, 41138333, 132148381, 147966474, 28029178, 35560255, 14065306, 24467440, 22797240, 21319695, 22930902, 15846407, 25589776, 5022101, 4551881, 20]
"statuses_count": 227
"date_followed": "2020-02-15"
"obtained_tweets": 227