"screen_name": "prateeth"
"id": 148828615
"created_at": "2010-05-27 14:17:45"
"lang": "null"
"location": "Hyderabad"
"time_zone": "null"
"url": "null"
"favourites_count": 9
"followers_count": 108
"followerIDs": [934243570151772161, 1191536720912748546, 782972767520034817, 1164731347367288832, 715236833764847616, 893700189352902657, 1463228622, 1011572210270593029, 1014452313363136513, 1453187263, 1011209001571311616, 279658645, 883021027, 2457448410, 594349270, 944941601268252672, 733427865375506432, 4880150044, 908746578764095488, 2886530861, 141841689, 209770586, 391950144, 446128334, 3694437505, 3607320732, 3601649952, 72321375, 3387135333, 2171523200, 3039267152, 269691921, 116228658, 115462879, 122886716, 2889482082, 2383390507, 812404272, 2204613402, 313328375, 16620841, 27262835, 2705106254, 113432036, 20751724, 92072794, 88402976, 98292431, 408275118, 1925542177, 2232952525, 1444758079, 461868448, 97628182, 2375453498, 146296142, 110135129, 103764729, 91776034, 120431734, 2193759156, 1592670102, 2183708006, 2182253460, 94273156, 136302972, 247383110, 133241659, 250049728, 1437511484, 53649024, 589933058, 104509584, 132097692, 1147150142, 141598940, 951362490, 126727341, 465533175, 568205262, 151483943, 122841981, 69548397, 167841858, 447213424, 416287846, 136898701, 400218154, 66354036, 350703322, 328268798, 329493138, 306729724, 305618202, 258809306, 236962929, 102368321, 142209070, 216290042, 139132878, 216118655, 96726415, 71192833, 172992575, 49967387, 162020425, 141690767, 137953717 ]
"friends_count": 33
"friendIDs": [12848262, 16295454, 19377913, 14260960, 14452313, 1339835893, 25365536, 89760824, 21889069, 21447363, 268414482, 1523681, 14230524, 34743251, 463933187, 34507480, 44196397, 1006419421244678144, 25073877, 79293791, 16785424, 16755855, 22088714, 22522178, 133880286, 813286, 50393960, 297169759, 1318731, 205840906, 46090899, 16589206, 128155589]
"statuses_count": 31
"date_followed": "2020-02-15"
"obtained_tweets": 31