"screen_name": "rabbithole1971"
"id": 1687223792
"created_at": "2013-08-20 22:28:14"
"lang": "null"
"location": "Ontario, Canada"
"time_zone": "null"
"url": "null"
"favourites_count": 139
"followers_count": 13
"followerIDs": [2210154661, 2879581207, 489879335, 610317688, 2440395938, 2444231043, 424977480, 1353096554, 1583197964, 2263923260, 2195114070, 1891923968, 599141760 ]
"friends_count": 266
"friendIDs": [2822367517, 2319418237, 324969400, 89760824, 1223101, 816768369563025408, 319259180, 951408200330313728, 380749300, 19636948, 500231605, 19025957, 1203112518, 2577833185, 846375823535816706, 47211842, 469183254, 535936667, 902863240710914048, 270176702, 98406582, 737637652044730369, 458080999, 556775831, 98310564, 162728717, 2272839091, 37163625, 37861516, 1703499732, 393619520, 295334551, 1544333406, 335691457, 2504044622, 978300661, 134164413, 2951598618, 2546880318, 1251417968, 1665731966, 1520006918, 880322196, 1323105439, 116723059, 593307886, 2914777297, 143014330, 87102355, 2900426395, 2786051449, 213009133, 2606387538, 2541999782, 2922486103, 96013710, 1474654602, 127245578, 771103752, 1705185750, 925389540, 1207300676, 3012600247, 316296994, 78492982, 264461202, 972026640, 635811234, 812375461, 1412571560, 460870478, 368886389, 501583715, 834988327, 387545976, 2835826206, 1587560558, 2188069519, 33473521, 1446460165, 1932703561, 1101061453, 106915372, 1887662756, 65569109, 36395526, 487736815, 1858497169, 286742737, 44785594, 476199422, 53366215, 347899465, 81001513, 2270554627, 21684040, 215784828, 489879335, 980699918, 1519073424, 2282144322, 382628420, 38213887, 20516938, 14332297, 259221840, 43388155, 1400837108, 174056354, 7914552, 2148540054, 610317688, 309553018, 55118669, 32688098, 1470666247, 424977480, 2440395938, 30387090, 1456137048, 525987401, 345872045, 1453421425, 400841443, 34252332, 27618907, 58152290, 60583926, 49586167, 2264584590, 452678207, 1353096554, 396086694, 4202781, 22256645, 39484252, 500704345, 621692885, 139341249, 555112197, 229660972, 15448383, 633782216, 438031432, 1583197964, 32189534, 195764368, 50393960, 1401009632, 749952350, 1328951918, 62786191, 271145197, 131508692, 14123558, 254810414, 1599171037, 871963218, 207426991, 739809871, 2177430743, 2229220104, 25954814, 1168677492, 206052014, 74409069, 107313326, 249450052, 514980564, 73805077, 556374711, 279788564, 65694131, 865298551, 493670688, 1481893200, 1322319715, 299275393, 213883469, 330826792, 43042353, 296623811, 525060895, 2177614039, 559183946, 470658735, 34664371, 1346121679, 498716478, 320099525, 37599351, 37019708, 623456010, 1021074122, 391875222, 178891717, 212508688, 236033901, 224129555, 20609518, 428333, 227837742, 354823590, 1901426832, 177181397, 433171480, 802064401, 92174767, 204151028, 602319944, 64019328, 2425231, 17471979, 65525881, 40297195, 972651, 100220864, 32751684, 911142252, 629097517, 495605961, 215704794, 599141760, 15872418, 323044628, 186712788, 38623068, 742143, 345811633, 77888423, 352145373, 54149214, 31685653, 759251, 15846407, 15224867, 109213578, 258092886, 313138051, 39453212, 42613274, 22096068, 122278704, 69209858, 156918895, 135745412, 20503999, 89721978, 171574926, 117795235, 170965705, 118935599, 14511951, 202890266, 118552439, 62724059, 14808309, 95023423, 23850428, 44728980, 33590001, 198061480, 180505807, 23563916, 813286, 326359913]
"statuses_count": 110
"date_followed": "2020-02-15"
"obtained_tweets": 83