"screen_name": "RolphRoadSchool"
"id": 1344431940
"created_at": "2013-04-11 09:56:09"
"lang": "null"
"location": "Toronto, Ontario"
"time_zone": "null"
"url": "https://t.co/K7z9itwRwg"
"favourites_count": 244
"followers_count": 299
"followerIDs": [2757549064, 20159418, 1187240521078583297, 554834281, 1347097333, 363833412, 2171391643, 1206400555003895808, 1206220760278355974, 1197215176984080384, 2490200226, 2239178852, 1031637926, 960615862246940672, 52460791, 978796226425520129, 1201331893695918081, 237390150, 909328796, 1199356060152168448, 1581930128, 1199145738544074752, 1083921716735344640, 4240170072, 3362957975, 258847898, 26352070, 1198814774991228928, 213554199, 1198732228672598018, 3045782925, 728612381190926336, 2506231497, 104933429, 399645642, 818962839486496769, 2788136186, 1043652998180655104, 46814889, 1196607230151462912, 933003011273748480, 333511158, 1196575408252243968, 2899782498, 2900537058, 773327537581789184, 967113554443763713, 471736712, 1026238441032376320, 110159532, 4018466236, 17274410, 3852883335, 4238989339, 3115319637, 2182513788, 16152713, 1145435124386934785, 2177034781, 3598976908, 905230638642601984, 51138386, 1317531198, 606470104, 271101242, 28606045, 31744478, 2742112856, 14119589, 1133082772338352129, 135691230, 1003665281477009409, 938148252, 34356509, 234671605, 1116398068524392448, 1101978031583887360, 2437335858, 3060416812, 1084140370433318912, 952984988667949056, 19945152, 1095024774718251008, 1450143968, 86545312, 1032004131035262976, 939157683499884546, 738748218322878465, 1151771586, 75365312, 914629189545816064, 1594084776, 15444168, 3588241521, 768805913641693185, 969288854, 905563273071915008, 2271926490, 1045327754219200512, 1044216004417638401, 1115938392, 1015780570247389184, 3233808344, 828219073, 2856199742, 1037447181869834240, 1035335037955129345, 794294293, 733287097176559617, 3306554008, 1034858131879161856, 707592026112585728, 1666629073, 257668899, 426167507, 843477019316932608, 713151738048548865, 286451619, 1014337099435147264, 1486436755, 537816468, 876657992, 899813409025380352, 394664519, 1006595556427218944, 2839483676, 352105948, 472505680, 299395704, 763839179616813056, 1176370262, 903015867499380736, 937641961, 2271948088, 978322807590400000, 975880653194457089, 4826090141, 889514676190461952, 1166659560, 962395924730277889, 18721535, 2161426578, 905261334329249792, 92082616, 803560676, 107131501, 177562861, 1347668588, 464266174, 783381203319681024, 1931811601, 2912836139, 750112831320752128, 1954471034, 859190193781448704, 706302871600439297, 846899245525360642, 971436050785513472, 65061044, 834935986719174656, 790707844215484417, 2781876532, 905432011065700353, 950489607854067713, 3572283919, 723986210662813696, 964262654431977473, 64519008, 2757854599, 145682793, 54256519, 2573459215, 956294450468171776, 63656446, 171757916, 727329288681349120, 41643161, 758733180266356739, 815553901101535232, 3059493244, 390970724, 36972542, 941843386276839424, 730758658666205184, 327008952, 1096121479, 612869086, 746887414904463360, 272631349, 97824362, 789220224507797504, 133780648, 908308784908574720, 881298325751959552, 36074849, 2775785260, 923987332512075776, 276809953, 207343275, 883348584191729664, 2751115087, 974204528, 2379206959, 112462157, 905626078777155585, 22814437, 781135114902405120, 4637841923, 1205703487, 1382849581, 790635743890792449, 2768606245, 2859786382, 1578839288, 918612325908865024, 4613054194, 73439599, 190492242, 199113190, 565002415, 2557981296, 250658652, 917464870899109888, 916372156715499520, 3676115841, 3142390954, 25079125, 915752402434822144, 2899027979, 4795081882, 19120468, 910937244852264960, 869385185606983682, 3041128024, 3044334235, 4181257348, 2990437283, 1092706092, 822320860686000128, 199005266, 778255259022090241, 776628739480354816, 3221784328, 1149958220, 836137242, 750322213786624000, 2379835340, 323203542, 62173, 4351691362, 54273948, 96255968, 2518331167, 720950039946883072, 314658083, 713539892899254272, 1067115752, 272602037, 4856449635, 22158416, 1236065496, 4516206675, 39401251, 325585102, 1562077039, 2804752760, 3314467160, 23968763, 2305702200, 2234079159, 2811746394, 2426499584, 1378106688, 2217015360, 2407630434, 3057216221, 2935477983, 43384404, 29897109, 278636826, 836406666, 70272073, 2743593349, 50501959, 46023933, 523474649, 894430291, 839896470, 133041221, 125225561, 2322644965, 2267863183, 1553027683, 489487628, 295960730, 1400099305, 115395773, 138163445, 342937430 ]
"friends_count": 250
"friendIDs": [89760824, 3381119920, 763839179616813056, 1666629073, 2188941145, 2239178852, 1206400555003895808, 258813164, 3045782925, 4858734861, 69331791, 929804912673939457, 901145972792864768, 352105948, 832621381707640834, 471736712, 548720687, 1042821954821087232, 1673896927, 953035878020059137, 967113554443763713, 1069329484615163905, 952984988667949056, 14452313, 1057021567996174337, 713151738048548865, 2365644901, 96172463, 2869572141, 975880653194457089, 3310329676, 4826090141, 3148504413, 889514676190461952, 2490200226, 748549117312393216, 2994488182, 3280002445, 3592897887, 4870765790, 859190193781448704, 626003745, 1166659560, 26584441, 19377913, 1067115752, 111713801, 65061044, 834935986719174656, 20016977, 3140945258, 3985877735, 54256519, 335544604, 2664081928, 4204170017, 781662096077516800, 733287097176559617, 2779044302, 2865740062, 1360466593, 1519446224, 95912764, 248912423, 116318538, 72461898, 197436946, 600145906, 1137427268, 2155184502, 2674014023, 2916778233, 815553901101535232, 2478661141, 718511989790806016, 768805913641693185, 2151157297, 799675385684389888, 798932362327420929, 846731704454860800, 2331137292, 723215080309956608, 750112831320752128, 3059493244, 701936515409190912, 2981820221, 555991426, 3236476103, 932364738, 2845270387, 1131523885, 2757854599, 390970724, 327008952, 50194150, 234808371, 64709163, 1222379304, 577129846, 1301056074, 276809953, 272631349, 2177034781, 938148252, 97824362, 755294197, 65941428, 133780648, 2775785260, 2993556106, 320902039, 55362999, 36074849, 2429105438, 71551356, 130218281, 974204528, 3033353043, 2751115087, 1151771586, 1465509726, 1562077039, 101836306, 2246079230, 883348584191729664, 924714216686223361, 2379206959, 112462157, 4706851295, 47846652, 4637841923, 24794198, 881248902334296064, 772893192077373444, 1205703487, 1576281007, 3214556908, 2375782788, 2800908683, 789220224507797504, 783381203319681024, 725031194677657600, 706828980859629569, 4516974135, 725347612954603520, 730758658666205184, 4238989339, 143460858, 770612895235215360, 143926515, 4237620073, 2511252308, 3130773177, 746887414904463360, 4237549753, 2363164046, 572178108, 777143264, 2872236690, 2768606245, 3060416812, 2181374803, 2891444116, 1723716162, 2789497066, 2792014330, 145695102, 44421323, 2859786382, 15288089, 3108441984, 4750524562, 2615511422, 3057083073, 2804600148, 3033005410, 3037324345, 3070851227, 3119271155, 2787193322, 2689191211, 73439599, 20272536, 190492242, 3031154452, 2871816956, 35038564, 2801621720, 917464870899109888, 719169043672997891, 1199207334, 2337312494, 3000556582, 3001458801, 2884220681, 2891314546, 3142390954, 3676115841, 2778711739, 2994590771, 370681986, 125225561, 839896470, 29897109, 3057216221, 1236065496, 4516206675, 54273948, 323203542, 2379835340, 750322213786624000, 2432118319, 778255259022090241, 4181257348, 937641961, 3044334235, 3041128024, 869385185606983682, 889127052, 2808004242, 968230759, 790635743890792449, 1921397509, 924302766, 61784060, 15844405, 80068001, 2796667359, 2308804381, 707592026112585728, 46023933, 523474649, 325585102, 2518331167, 199005266, 2990437283, 50501959, 2717918174, 4795081882, 290201000, 179555829, 43384404, 115395773, 416062168, 1400099305, 295960730, 138163445, 342937430, 1335066120, 38064864]
"statuses_count": 592
"date_followed": "2020-02-15"
"obtained_tweets": 589