"screen_name": "sophisticachen"
"id": 872107736238088192
"created_at": "2017-06-06 11:07:42"
"lang": "null"
"location": ""
"time_zone": "null"
"url": "null"
"favourites_count": 10
"followers_count": 9
"followerIDs": [48593277, 75183303, 1101616953293242368, 931664409415393280, 971798980152758272, 242919554, 23771696, 243812550, 865574051951001600 ]
"friends_count": 80
"friendIDs": [89760824, 26637348, 226222147, 19397785, 29546945, 75183303, 4877126789, 912778280176111616, 1052555423163781120, 1050047273105874944, 2699621772, 1226329195, 25961298, 15492359, 1364930179, 50393960, 771152516, 803694179079458816, 21059255, 939091, 820705814906339328, 970207298, 19568591, 815733290955112448, 25073877, 813286, 1339835893, 783792992, 216776631, 435331179, 971798980152758272, 243812550, 1101616953293242368, 48593277, 15764644, 872508102, 1214924663312277509, 30354991, 357606935, 29442313, 138203134, 1289134356, 2758345674, 3059708026, 14500190, 242919554, 3196641445, 27922157, 267171658, 23771696, 511178999, 865574051951001600, 17338082, 28897926, 43042353, 25160944, 119509520, 16303106, 15485441, 8161232, 100220864, 115485051, 860237030, 23544596, 28406270, 487736815, 15846407, 18208354, 19877186, 96683173, 44196397, 1636590253, 81783051, 1915534530, 19248106, 914061, 17057271, 15057943, 161801527, 35094637]
"statuses_count": 4
"date_followed": "2020-02-15"
"obtained_tweets": 4