"screen_name": "Stephanieannica"
"id": 1084261504180936704
"created_at": "2019-01-12 20:31:02"
"lang": "null"
"location": ""
"time_zone": "null"
"url": "null"
"favourites_count": 6858
"followers_count": 72
"followerIDs": [261751772, 229665860, 1144638561414733824, 959921027982745600, 42016373, 1106386773435920384, 22576957, 1224675901184598017, 1084516749893083136, 1535528317, 4886571157, 1217169203607699456, 865940308571242496, 22422840, 1208403090522570752, 1195120893850202118, 1182975526358671360, 1143519446, 1041283778197434373, 1130728149833199616, 97597139, 878139303611826176, 1583865109, 2774966905, 1004688914, 2237016531, 826865181032476673, 1131317018374938624, 1458707509, 21110057, 91072705, 21712671, 341190477, 48074704, 55060090, 2471219396, 109967135, 2991321009, 920499679359406080, 755946560794558464, 1010918727301324801, 19570960, 2222011825, 2887391470, 81305054, 849463518361473024, 67433637, 902004696826601473, 863849443178795008, 785209740, 845392971381927936, 1129408913730936844, 2193135944, 175138950, 958018352856862720, 705428955264712705, 1898705755, 821668175494451203, 2363126492, 1099915988831752192, 1633058688, 1108463451842572288, 825776310790266883, 3427550249, 30650830, 2347908512, 1016489014432616456, 44278221, 245248046, 1028708178597425152, 1073383297366065152, 33537967 ]
"friends_count": 635
"friendIDs": [16295454, 16044997, 89760824, 8736882, 19377913, 19636948, 6433472, 19038934, 203123011, 116502194, 13896552, 257115140, 819613519205302272, 3310061541, 16808453, 1106386773435920384, 42016373, 1000897147766759424, 1090106883145428993, 22576957, 48459553, 28628850, 56561449, 273542042, 78523300, 25073877, 94784682, 1219411935164354561, 874904274, 1081022379910881280, 1535528317, 2453330839, 2410068528, 264501955, 1055492907979829248, 1217169203607699456, 865940308571242496, 16989178, 22422840, 2473199394, 1177745484938711040, 229665860, 25365536, 620571475, 729676086632656900, 1196653215657279488, 390607891, 803461037517213696, 1668216228, 913203265466257408, 551839048, 117777690, 1276123381, 712815672, 372372537, 48269483, 586291040, 28606977, 41160276, 5509762, 4307460612, 757700357770403840, 146322653, 1182975526358671360, 33750798, 832978972602429440, 3308606296, 774228263644332032, 18750690, 1127261726544736261, 954123510393311232, 1059871261092929537, 1143519446, 878659790922055680, 376927648, 75050644, 60637549, 180887271, 912988142, 78998799, 201066140, 1134284532990062592, 2835451658, 1041283778197434373, 1176382899106516992, 1130728149833199616, 2331033182, 97597139, 878139303611826176, 549304456, 1038282397111013376, 949510565185155072, 15844405, 20452161, 712784228493037568, 2774966905, 17060573, 475369105, 2292804986, 1147261854894481409, 4927593075, 1156656907601530880, 26410139, 171102859, 1014949476971286530, 25235151, 2237016531, 1004688914, 174593833, 826865181032476673, 2659183050, 48074103, 309187913, 38495835, 17091571, 1583865109, 836408868355846145, 40296465, 44215023, 755835576, 236259558, 235622373, 270205564, 798338462927691776, 408902268, 1059196518421446657, 91072705, 59157393, 76506530, 28096105, 4886571157, 429227921, 751991406877483009, 2863996955, 7855062, 150281740, 816833925456789505, 940291965307977733, 48074704, 21712671, 113199229, 811239440916054016, 1080898026418384897, 717867063486775297, 988686726792015872, 60506242, 156333623, 160244947, 723140310554038272, 55060090, 14807920, 18948541, 198229241, 109967135, 506429053, 74508260, 50374439, 146290693, 31013444, 15996661, 821095334956961797, 2783231383, 577432615, 22929686, 807975026, 16356359, 390377012, 2314815715, 25261154, 1010918727301324801, 1382542153, 531627880, 27013347, 218298715, 23281108, 29275869, 17642747, 55326534, 35498012, 841334560994525186, 316389142, 409486555, 1143659386147090434, 47438401, 468340682, 122130797, 267938462, 2212830114, 22187085, 150135224, 15740776, 849463518361473024, 834205583637147652, 15097615, 865178073603465216, 1131317018374938624, 160189599, 487412249, 255773815, 801311472, 219429281, 80480330, 18382184, 230787751, 16103326, 19268706, 52596376, 442824717, 388589891, 14135426, 28162211, 1090715513586679813, 716432228, 784890784273215488, 14251225, 920499679359406080, 755946560794558464, 21765161, 31037199, 106161378, 10116502, 14542977, 701081673681637376, 793398581814329348, 36042554, 1536791610, 1003107003693137921, 825043982006759428, 825153022653128704, 164226176, 964244906, 976602707833352198, 357606935, 61263431, 757303975, 36746972, 325871376, 325867787, 325867599, 742051266, 340230457, 358506847, 321108172, 272158504, 357839393, 2347908512, 863849443178795008, 845392971381927936, 797080559839309824, 268468736, 248495200, 15954997, 38936142, 31611298, 250188760, 1080941062028447744, 97106823, 25289529, 163296200, 80944550, 2573480784, 2966770391, 250908761, 1591400760, 389792979, 19119809, 30312912, 291774022, 47216804, 1106771843929788419, 33276161, 265951697, 2326350311, 3073190867, 139556111, 31921593, 24918812, 228747444, 97082147, 150793102, 1374876098, 96242123, 1017119179449643008, 724421678701391872, 1081209533253537792, 1898705755, 3438084023, 81186186, 15464697, 806862084277407744, 53503202, 820705814906339328, 300953692, 1102601817173700610, 28395645, 1034665733005959168, 821668175494451203, 1067541214671577093, 567508925, 467726691, 36745613, 18533219, 3788651292, 132496568, 1123979230008754177, 814179031956488192, 25728193, 369613362, 316756361, 950558867099824128, 327862439, 2363126492, 1079769536730140672, 2421067430, 1651522832, 352548417, 47475039, 306040454, 27493883, 34698369, 221792092, 1707321486, 94013297, 372536101, 23954775, 108977933, 13067732, 796811192924770305, 315135991, 1343394810, 982468364, 48100887, 799717156589965312, 377039040, 992888212820459520, 1100836959394574336, 1096520320364756993, 121513460, 848148994102611969, 20094409, 785209740, 225096177, 39155029, 1004746405649494016, 39000115, 3223426134, 1633058688, 1108463451842572288, 825776310790266883, 429409306, 3093887291, 298115569, 36711022, 637338906, 148529707, 60919240, 17579312, 73754019, 162563093, 879147821915615233, 1377972024, 18020081, 55117855, 780206406024691712, 58858847, 127320433, 126735220, 198390940, 69492122, 54488444, 185409011, 24779354, 260822065, 1278729330, 14412533, 20742461, 45671898, 570211858, 41620995, 46335511, 512700138, 869049313, 18583722, 139823781, 36169080, 1034414693836890113, 101816065, 203060129, 701725963, 1081222837459996672, 130557513, 16311530, 1082334352711790593, 413274241, 108797271, 567440698, 44224400, 25913173, 110840720, 65773523, 244243477, 884772163097579520, 793863662226333696, 16803519, 19394188, 3772180214, 942878337806032901, 1016489014432616456, 80702644, 816298918468259841, 771152516, 7768402, 1410590874, 20508720, 19309926, 30364057, 773852922, 67805368, 233842454, 29450962, 724266556268666882, 24752038, 52551600, 31949107, 200514238, 101431573, 29216764, 242883110, 949934436, 93270398, 269940592, 46296304, 1884046142, 1905230346, 229270964, 965015705123930114, 1017637447, 246939630, 16305370, 158414847, 887418059501305858, 1965420800, 710179663281319938, 260759782, 859819810946899968, 11347122, 834081571493785600, 195409453, 63262233, 798372097085108228, 816792347803533316, 537702411, 17609668, 37515801, 56790952, 20753507, 71381313, 368196789, 14511951, 454071012, 15976705, 969688546373193729, 109025212, 26642006, 38782020, 1075517806551154689, 68194357, 798973032362606600, 40302336, 435331179, 467823431, 783792992, 815733290955112448, 806906355214852096, 23593446, 346031685, 239949176, 65541270, 24745957, 80612021, 162069635, 886357871373438977, 71063316, 1080584229510172678, 969697685904199680, 246357149, 31122582, 133028836, 787373558, 36686040, 942156122, 721127537674489856, 24913074, 21522338, 18464266, 17074440, 20608910, 93069110, 117848878, 30043495, 43910797, 72198806, 970207298, 15808765, 68141579, 65497475, 14844867, 525083028, 254254909, 32186233, 427926615, 408151651, 97061453, 38251645, 35552231, 476256944, 278124059, 29201047, 304932002, 216065430, 755113, 45055696, 180107694, 586136477, 6017542, 15012486, 14293310, 9300262, 1917731, 38354090, 813286, 803694179079458816, 755057897583804416, 246103, 28422142, 926620369, 18227519, 27491578, 1025333759573471233, 910492003359760384, 2334193741, 3333055535, 2800581040, 164679813, 907759856429527040, 26548315, 17494010, 2461810448, 15446551, 8162322, 1073383297366065152, 602317143, 25203361, 738080573365702657, 322603418, 69480815, 108617810, 49204865, 5402612, 1652541, 965266179836252161, 1915033663, 967027984426242053, 19910041, 15129348, 14230524, 19397785, 139847909, 35115058, 21258337, 284602545, 32004130, 23176276, 226320142, 14185317, 860555190, 1055907624, 286476728, 1080516116395499522, 1080695666760929280, 2857479956, 1566746503, 21059255, 29501253, 822215679726100480, 935148134505828353, 1035238562042716160, 2791988124, 68711727, 821699497, 28370071, 188007231, 16397147, 15346695, 190817371, 58791677, 256360738, 4207961, 16051471, 15224867, 22799750, 17073913, 193725962, 17659340, 824985367237500929, 471677441, 12848262, 242836537, 14335880, 14260960, 925803263529750528, 15764644, 7334402, 33537967, 19568591, 16129920, 14529929, 22771961, 342863309, 29442313, 1339835893, 216776631, 138203134, 52136185, 20975060, 196168350, 251918778, 92186819, 807095, 759251, 428333, 2836421, 247334603, 15324851, 30354991]
"statuses_count": 3490
"date_followed": "2020-02-15"
"obtained_tweets": 3207