"screen_name": "yguler32"
"id": 1445336030
"created_at": "2013-05-20 23:02:39"
"lang": "null"
"location": "Toronto, Ontario"
"time_zone": "null"
"url": "null"
"favourites_count": 180
"followers_count": 44
"followerIDs": [1222702177510207488, 2440243838, 1201954478225793024, 1220533410692726784, 2994645306, 2508111144, 807661392, 817363299633426432, 1857055567, 817824608778940416, 753989370751946752, 1283959194, 754955565328195584, 816727887298646017, 2757239589, 1044679748, 788129019589980161, 811068603114127360, 3025098760, 813873275281559553, 326079824, 235082758, 813087196496412674, 2822482223, 2884485729, 775402710917144576, 784489587041271808, 790567015782252544, 712724166412251136, 728910693982965760, 756810773905768449, 316382371, 516590942, 733414905500536832, 739478044373602305, 3236849387, 718121150392483841, 1166350687, 714158133732573187, 712704168629243904, 4156732349, 4455512713, 3438530069, 1460023076 ]
"friends_count": 102
"friendIDs": [807095, 217708411, 759251, 11348282, 4249826728, 44196397, 132330417, 19377913, 17679977, 89760824, 275899766, 43304946, 74397391, 18424289, 15438913, 1367531, 762903092983541761, 3188232981, 18809354, 216776631, 52660746, 46678624, 783792992, 817999236822396928, 2704577472, 2373735295, 181233011, 15346695, 870243056259411970, 117777690, 1652541, 1223101, 14705603, 12848262, 22930902, 753557510133583872, 121514648, 1579886551, 19000033, 382662522, 2335560870, 272613386, 1886044418, 46387392, 6433472, 2299980960, 19636948, 3973709555, 2751971025, 839507574, 1220533410692726784, 50345319, 20321085, 153966123, 487579020, 239310855, 145941531, 2787453897, 1190067319, 778121168, 72931184, 17536486, 631213621, 2967462670, 2347049341, 31145897, 250418819, 4455512713, 198502879, 61608622, 2508111144, 1516800876, 205280479, 153806065, 2152953810, 87416722, 2459609448, 110396781, 428333, 7587032, 4229749288, 1628824092, 4970411, 742143, 1630896181, 1614278605, 14260960, 16295454, 16397147, 43384404, 16341166, 16926550, 46444445, 36375825, 210824456, 259861738, 39728435, 120840897, 219248343, 2480951, 33838201, 382267114]
"statuses_count": 1068
"date_followed": "2020-02-15"
"obtained_tweets": 993