"screen_name": "AdelTotti12"
"id": 1141214003374579714
"created_at": "2019-06-19 01:19:55"
"lang": "null"
"location": ""
"time_zone": "null"
"url": "null"
"favourites_count": 0
"followers_count": 4
"followerIDs": [1143855586133626881, 492353298, 1040292765714796544, 1613294899 ]
"friends_count": 132
"friendIDs": [2284224883, 319907182, 496933362, 85603854, 262299947, 345811633, 139878186, 44409004, 127715350, 10228272, 783214, 238612197, 386642140, 70425256, 372444350, 1074424184766377984, 2396677714, 2940105757, 441520959, 419107960, 803666765247090688, 865866547583123456, 896223961771626496, 896368502877155331, 809919522, 863031713244610569, 1672639933, 1021577163110326272, 427381270, 170853619, 1099771698998640640, 884700417459924992, 2833172514, 1069168180264873985, 475342712, 4794496593, 1115874631, 821799554458746882, 750656566806843392, 746370243380060160, 751403415108984832, 301073969, 2230398090, 734392430649311233, 873755605, 936252076845301760, 3363150929, 3059482413, 1702933004, 1050458073557557256, 923666992497872897, 918520050839105536, 1052293854265860101, 1008662042893484032, 2972514615, 4127301833, 1076987817258041344, 753005440821260289, 908034619626409985, 1077082903463501824, 903249252612280326, 1036478909716549632, 3108455407, 1030078217808498688, 774570254957764608, 822836543765282818, 1061242055647809536, 1088088633649836033, 1114373952758079488, 1025151996406517761, 1124074657383161858, 1129850327631630337, 1089926781182844931, 1085825091622060032, 911284080016314376, 313353051, 791155281401184256, 771587232708767744, 1083004847924875264, 1083391379408150528, 950295034712219648, 1010963822851608579, 3439798875, 859507050744885249, 1008784218875465729, 778021622116646912, 1008287114595848192, 760875452961529857, 977358038343602177, 1111206875176071173, 1130617734352527360, 1109173895632957441, 601234726, 1067889396282769408, 592282269, 941670935924441088, 170620083, 49616273, 789277009520173061, 949922371787468800, 1086973130, 87775422, 902839045356744704, 813496386, 577951688, 492353298, 1010962500110749696, 1469476848, 1510949424, 1613294899, 761577177729077252, 1136965025690730498, 1113408112042684416, 1040292765714796544, 2360347188, 1675890098, 1090307399804743686, 487118986, 1127664511987666946, 1436315035, 303862998, 1119970566251929601, 841211876776259585, 2955250914, 1087364684339167233, 3041588899, 730821388764905472, 497128052, 1139872467827265536, 1575800623, 2462371895, 3296597088]
"statuses_count": 2
"date_followed": "2019-06-26"
"obtained_tweets": 2