"screen_name": "BernalYuanlin"
"id": 1144439372541915136
"created_at": "2019-06-27 22:56:23"
"lang": "null"
"location": ""
"time_zone": "null"
"url": "null"
"favourites_count": 11
"followers_count": 1
"followerIDs": [1122994073282011137 ]
"friends_count": 308
"friendIDs": [1009803957072551936, 3158325782, 44409004, 240097917, 627673190, 1852644804, 50648847, 14872237, 40355149, 31359886, 15846407, 25365536, 100220864, 32959253, 23617610, 157140968, 236699098, 23613479, 35031708, 2893511188, 329746058, 27042513, 47786101, 2715115656, 3063032281, 1611635503, 233183631, 976546668987518976, 3245522617, 4262674581, 720399029167755264, 1009825747668733953, 1023685283253051394, 876732223856062464, 3258076705, 173721593, 3478669934, 21441186, 2878526207, 735855774, 171682730, 321970500, 166739404, 403246803, 405728790, 23976386, 171682388, 64090343, 127910704, 128023009, 104288093, 24285686, 104249727, 73443014, 50037051, 251231168, 1439753732, 95482484, 1058847528, 92367751, 45266183, 205915163, 255388236, 27195114, 116362700, 20322929, 3004231, 414225920, 932696926323134464, 923213885011890176, 1275364436, 781988934, 860616643, 3308368219, 36746176, 17936793, 155705264, 134234000, 17019152, 180164295, 243033747, 2973130869, 145693341, 3000202807, 3217087281, 779728363, 3438609239, 1240126646, 277270806, 364805693, 550281859, 176627249, 354433460, 2805895871, 1569992184, 154320592, 91957553, 283439170, 116986604, 1692407648, 2828728948, 95697665, 1062399188, 961489240289722368, 785213083350433793, 1055488422377414656, 3062541397, 15485441, 212746249, 154101116, 27131277, 18625669, 20565284, 36008570, 28706024, 23690344, 268439864, 31927467, 46452468, 40255499, 119776110, 231577324, 142826891, 1536077150, 200268415, 189283341, 288302723, 310066839, 1297913125, 93240796, 461521888, 494266498, 305275926, 287858728, 35179560, 121341102, 129400817, 4725731139, 4558301695, 320488554, 3368663775, 3461858116, 157940838, 3398216909, 3191117990, 4440347241, 823222481393696768, 1653436652, 953107600278736896, 1252701985, 102329766, 22215139, 1959776952, 29125761, 50145722, 37457377, 23019705, 702852973664272384, 91408245, 4918738512, 266336410, 277767458, 709540733456224257, 307426028, 779100876, 2418100549, 9695312, 28201743, 77504008, 53338746, 268414482, 413487212, 492399548, 439125710, 26565946, 176566242, 2835655946, 822215679726100480, 25073877, 813286, 10228272, 783214, 17230018, 880142286176231425, 1728956976, 403255314, 73992972, 20431187, 27725199, 24852465, 88442109, 16409683, 618336955, 403245020, 196795202, 209994211, 264107729, 28076276, 181561712, 158314798, 105119490, 84279963, 380399508, 1170206431, 755204146999939072, 708280328717275136, 209003577, 764584123541446656, 259435698, 2263121580, 872374136, 27776098, 45709328, 79293791, 21447363, 14230524, 27260086, 23375688, 363972381, 175038531, 240880525, 291395849, 47199383, 40527958, 112057739, 133160550, 102188987, 110086132, 128688147, 352878621, 734862029073178624, 1589064452, 786657534996340736, 280086341, 255609802, 212105265, 98282465, 83605100, 334092999, 160370783, 126986273, 1531531394, 139128851, 1506138918, 57625303, 255711030, 174912177, 553186970, 320461687, 86470793, 3025987108, 121471258, 113156557, 286473548, 828286080, 67985464, 2645927463, 265714930, 276675653, 589319578, 589320254, 112244575, 2840470668, 736043042642235392, 304735102, 584548704, 900982942830403584, 959689726583193600, 56110169, 83750783, 739784130, 1007298607, 3250323787, 37276658, 398306220, 24702915, 34507480, 78335735, 43152482, 96634419, 245556939, 1086340632, 120835612, 393852070, 4196983835, 36483808, 134899017, 78324623, 318319280, 82119937, 1935742783, 289077372, 153433497, 223272482, 1339835893, 1117786405, 17919972, 997968015936360448, 209915861, 181300983, 56783491, 580097412, 253755500, 165476646, 170939253, 19248106, 44670915, 379408088, 425871040]
"statuses_count": 2
"date_followed": "2019-06-26"
"obtained_tweets": 2