"screen_name": "danielitomadrid"
"id": 760549956113477632
"created_at": "2016-08-02 14:56:54"
"lang": "null"
"location": ""
"time_zone": "null"
"url": "null"
"favourites_count": 2333
"followers_count": 386
"followerIDs": [1132711383789969409, 38508972, 132355550, 1129823999956013056, 1099634903271043072, 1052189988249468928, 2216141708, 1014971816207667202, 2784512208, 3689457194, 1928577846, 733958557410988032, 1311169310, 3321356795, 1004098594704461824, 976195687300902912, 900510568464961536, 1447095782, 2400304909, 953812867656093697, 3011351260, 160507609, 3228416916, 2849164109, 269825152, 786276143087259648, 743494338089390080, 83549808, 79007102, 764058246709555200, 846901568540557312, 23502867, 64623747, 991584915597774848, 764211995524628481, 902972486618374144, 944351226073944064, 203215691, 973376062288748544, 58475218, 980580905730363393, 989793747662725120, 127642170, 1471712724, 989645653, 727212519153098752, 322859052, 112902817, 26809694, 2694414438, 2632942210, 77120149, 910879701002006528, 839148681991438337, 789851059418116098, 981598644389466113, 30927315, 856053836229881857, 848574427562483712, 822316043842424832, 2857019910, 855228377531170816, 794580043049537537, 784089391669080064, 759047279789629440, 830545466211303424, 783092794457858049, 2889934871, 39209072, 763880245397221377, 927687062530162693, 969460582574370816, 3505446735, 2485056112, 1028973716, 837872478898765824, 4755661278, 4491188952, 965037376669126661, 2513638286, 191340956, 830223293143736320, 954815528354308096, 783760736593915905, 783872377813815296, 3308869656, 2365087241, 156533305, 955858066448281600, 951084439957852161, 877276797720817665, 45892680, 806563750295773185, 958670393807646720, 4730208737, 864963725052301312, 3013539687, 111471400, 864967251560157185, 2182175393, 879806012215107584, 2473988271, 519567551, 784856598808301569, 433189206, 949670575265468417, 948205316709040129, 922665946505973760, 2614381885, 892880210747682816, 2187791374, 770836951821721602, 288373226, 389902710, 3062831837, 36182828, 154685424, 1103339654, 1650626515, 917453916727599105, 906178380000878592, 806703038878674945, 926215518541025280, 382660279, 856685185861128192, 922589278076628993, 1553534245, 3026214330, 744897006901018626, 446634342, 914534080477323264, 915302420741279745, 913448818095648769, 298468188, 777315662557569024, 909450869091049472, 908269759011094528, 906945987574423553, 2660123857, 864420955036147712, 108214242, 2801481248, 902966656347115520, 219861312, 29801641, 867128449676324864, 3026211408, 844857211549470720, 766657837502038016, 3291833196, 896215739773984768, 3901214122, 799365230488911872, 2848281569, 897163479785897984, 2350201187, 708546307061755904, 875649791467835392, 895094996692611076, 1223407446, 893068338859048960, 185102668, 3022850524, 891123256379486208, 334853722, 1340797717, 181484176, 140981691, 892096581490659330, 715257794, 891497592001048576, 2312898716, 2515764557, 1166839057, 374481642, 782006453913710592, 122446686, 24589733, 849094949287100416, 4157193688, 875156864673226756, 810549974299713538, 871894369514790912, 869611891596955648, 320004818, 849610326949670913, 868517673575100417, 868129349861601280, 867184726272028672, 822254536332955648, 983843850, 225602801, 864960994828840961, 409520493, 862810353109020672, 862528249913593856, 168277191, 860305284962684929, 219496090, 859789354180456448, 853740416377737217, 854759088093224960, 854324371032219649, 4023375394, 461499083, 64780407, 56749149, 852151681324371968, 1365526106, 848696139926917121, 2592030565, 104826317, 188835505, 546987953, 3446825788, 2845101915, 3373264414, 129917097, 3091078295, 597247124, 282699108, 1514485477, 835143410424107008, 840315900574212098, 702680256596070400, 833461888746979328, 3307527537, 838538094123040769, 838405329549426690, 3318231827, 831933527298031616, 836069091504959493, 2722293690, 1096739768, 715198998684913665, 2224234066, 830416692962590722, 98195166, 856250929, 3024147063, 2500146907, 801477081867677696, 267772963, 825853078784073728, 353803081, 4143723429, 1653418506, 119476861, 823590671160410112, 824297124644921344, 887231094, 821766952855150593, 223524196, 2409348716, 75417925, 2775122912, 822136241785278466, 2760605549, 314624567, 950674171, 2282187901, 2216533981, 3128080097, 819524524282707970, 818301691745468417, 745264705212604417, 3679117396, 234829206, 2999895930, 359356185, 811363291155013632, 25735356, 185677306, 2540771132, 178894712, 808727137960296449, 122481454, 808693545976655872, 1456256396, 256189962, 807748039070941187, 807313698930982912, 806507484189982720, 74587764, 2649376070, 780856441217306624, 253328076, 804797111078424577, 389715213, 165475541, 84969728, 4074069803, 308122570, 395858532, 331005086, 254297121, 4070489481, 3774046227, 98939026, 769653985087225856, 94478901, 1186127262, 796404990873137152, 2874417401, 1218793382, 217009450, 793630281827700737, 919650775, 808781552, 792768713090932736, 792595227131412481, 77128054, 2291325234, 291370134, 4099759305, 482343492, 106117466, 789607790385827840, 3515399775, 786423260787318785, 911785620, 783424791332216832, 316501097, 2852507290, 2981407738, 767109679, 1395929342, 167060319, 74082173, 30539530, 2276860962, 604892918, 3413453986, 770606525576536064, 770702758957686786, 45499590, 2800389711, 823065882, 56464451, 430824555, 187880567, 37059509, 2187619669, 749139546, 36905624, 37755597, 214240164, 1667630827, 2479547914, 3974522285, 23788826, 116441201, 99285377, 2865997738, 1671890868, 93364412, 750599502797606913, 73283887, 632870812, 3320555534, 104449734, 196286238, 753856126651887616, 4825836695, 613608366, 2613764611, 3182357888, 474432262, 880828747, 230474650, 1650497456, 482210233, 306155100, 760593496952672256, 3634978035, 21054698, 746756648446754816, 191637655, 3244983483, 3131516590, 1076111766, 138284317, 308638657, 305043734, 1921730791, 180908416 ]
"friends_count": 1660
"friendIDs": [44409004, 26234343, 19432118, 19273481, 36495774, 2412153631, 932904601, 57016932, 6446742, 110784706, 182193532, 103436965, 2363677027, 10921932, 171226279, 732334154914889728, 88440136, 103074420, 1620648822, 901422974636523520, 345151876, 1240360242, 954372494848413698, 1085306291696881666, 77267308, 74923118, 297457279, 130796075, 134917034, 229233459, 414730932, 963172140177600513, 1041620364994985989, 14816450, 835953749428482049, 1099634903271043072, 731046031333466112, 213783842, 69648046, 322126448, 513548935, 1031454306661281792, 1005858320345903104, 971035099499294722, 262230432, 407952890, 90155699, 994741592, 505763330, 487468351, 235910394, 148720585, 585171783, 331130667, 2876565706, 22399021, 31310790, 2717886660, 134733894, 27801361, 121650893, 830703132, 475231292, 2317769323, 176249280, 222277764, 120426428, 334317382, 56126642, 618406175, 50883209, 432507102, 157140968, 386420143, 68367000, 108568373, 1019231869467070464, 263230602, 44879515, 168744688, 4757588961, 1553534245, 864967251560157185, 289344367, 43877129, 523347254, 2375275285, 380960011, 849631710274871296, 16575488, 303088699, 2228709626, 858832552055975938, 861241392487698432, 2806398621, 392744384, 868998880939192321, 22650211, 84424885, 983843850, 236681872, 21447363, 14511951, 91478624, 178383380, 26828977, 26257166, 93382046, 158717422, 937782543637762048, 157055308, 19977449, 701745133704843265, 301426313, 2337130332, 158702607, 97008507, 95214487, 102789583, 2280378812, 443804285, 426488154, 524855882, 259948061, 2174833406, 29236490, 977301962, 78411917, 398282459, 12378512, 63296944, 15687962, 29484644, 15220473, 43192807, 36947388, 878597367678808064, 173571913, 862453509807116288, 152054964, 965941149352562688, 444838837, 423384542, 740464158219632640, 219861312, 941234566282514432, 3091078295, 344634424, 932429090, 2216141708, 2292188561, 140070953, 2411008925, 317478426, 919749796553924608, 15566901, 1870175006, 47864356, 885461727894265856, 2784512208, 2725588871, 890891, 67418441, 21582721, 19348412, 26360531, 706955431877472257, 878520851875991552, 865416968265793536, 711404670, 709943162740068352, 16777654, 14226495, 12101862, 36279507, 253247695, 3363839712, 27764937, 32485827, 3178399793, 884263588126351360, 460740794, 815189755197587456, 636722237, 3216315939, 367830647, 1606279242, 392780646, 69538323, 469546070, 236562823, 182566977, 2840242553, 547900844, 254274083, 756425514, 627673190, 905933227185004544, 23990068, 50135369, 14132853, 38734554, 17957392, 158397501, 174377718, 138471877, 1399071, 15066760, 53372965, 16807921, 36114716, 147590684, 21209392, 36065771, 16031536, 19110632, 14363353, 1774391, 9676212, 10933662, 21887420, 173992307, 36184220, 1344357872, 78626782, 95356099, 25583593, 45951858, 94672675, 2798188974, 1134938796, 151138975, 296419670, 3061659818, 29828364, 3246331993, 3355792755, 2883841, 17906428, 14946736, 62643312, 297169759, 193818082, 460116210, 4179826343, 107146095, 26774973, 14117843, 88198771, 178786536, 176651149, 1246546177, 1109450557, 352726441, 21358079, 770238422, 348085501, 742646042, 255323802, 771913682, 2856030914, 3667118715, 619784234, 281476114, 34856293, 193302751, 195802836, 18782675, 1315021046, 41147159, 560361922, 151090430, 923387717391716352, 847005573950443520, 4703450412, 56835480, 1409864641, 182501483, 3657406636, 304732163, 1597296289, 449125553, 83425661, 24531730, 772601706, 388752884, 76041806, 186718723, 2222976084, 537951506, 834758175899385857, 906676314, 2390373722, 125302045, 182558872, 44886859, 14825399, 28535982, 24016767, 23011989, 2365595911, 25093616, 274040176, 155949831, 24047612, 153474021, 1156866230, 72568426, 348379865, 85772748, 78021221, 18647765, 44084633, 239095089, 41206681, 42595219, 67683993, 2667296600, 2750786565, 754847893165453312, 733958557410988032, 4861027074, 417088158, 920746854777851905, 1356726277, 1170100724, 2999634705, 54911186, 52544275, 2966035966, 878260995248074753, 937665824248152064, 926895844263170048, 936661885340004353, 939897159348117505, 175541135, 43566131, 89549315, 953522023, 42213904, 516464106, 156635674, 799671094999269376, 976974466407378946, 274147291, 820347563761090562, 1311169310, 436892318, 353786894, 92617808, 565519750, 2329070186, 616170214, 614385907, 628214845, 1649418114, 227294593, 1110076621, 840454208, 807240351945781248, 732871539515895808, 984048042566475776, 967682320902782976, 127627385, 50778607, 1249558332, 44376410, 26060606, 28314202, 143570195, 176823503, 87899852, 21178623, 29542229, 54663425, 29449434, 19080178, 14325264, 16211434, 48812582, 174496334, 119593082, 28665877, 175483420, 3321356795, 130605598, 994990723488473088, 121169579, 2930741591, 860196786727735297, 717733312236818433, 2592634077, 34949757, 304596944, 219683269, 223730815, 130166709, 17207243, 36144455, 191129552, 388926026, 20086450, 38439578, 17045115, 6329632, 80210608, 1004098594704461824, 900510568464961536, 1447095782, 1447008889, 2400304909, 261933923, 224383625, 58582341, 21093744, 46288013, 38627111, 35696405, 215058662, 356648239, 47063121, 15942436, 14380183, 23649501, 4784090467, 24211848, 702680256596070400, 902304521136865280, 225602801, 321429936, 23762768, 136429260, 114685387, 1141329229, 225845423, 24204821, 28914333, 19941968, 33793603, 15569235, 26259480, 71085546, 22482597, 33217483, 21253742, 18947379, 1507402418, 838605132354965505, 123355219, 72877043, 40263343, 33090731, 311045860, 72334573, 481046886, 56484472, 28449123, 117937765, 16331010, 179414795, 424927329, 200055472, 296078866, 1396801836, 2245639517, 976195687300902912, 18817042, 210856182, 16788438, 47442162, 17365848, 19993233, 17219108, 24442005, 2695021193, 87284779, 337836372, 25087685, 267397190, 221502712, 135776105, 23826039, 2355118891, 290810229, 180250256, 192598651, 946913790, 238005424, 23593909, 549693872, 284281579, 31610112, 256131756, 12044602, 35133156, 26838919, 544086604, 872162744178536449, 24929621, 23613479, 236699098, 2809906864, 1014971816207667202, 297536312, 1467296604, 368276033, 40102504, 69008563, 556260847, 1143472657, 184012627, 508012659, 175247746, 471549290, 404349882, 404403764, 86202239, 764456862, 178029993, 1225718160, 839869451222859776, 58274871, 230930518, 20442930, 368634756, 97308753, 27081498, 166399621, 1170406879, 117920450, 465873743, 123233153, 256899568, 337628661, 83870573, 63168756, 216537682, 1225200452, 419548566, 2232151070, 19677487, 179391701, 57062178, 3318220928, 46500200, 2178847377, 2251114439, 185728888, 17338082, 2155215398, 323319539, 2650413864, 7563792, 23375688, 20562637, 42519612, 3322506742, 571864363, 162679978, 193494089, 89014429, 355708717, 42663408, 433804134, 322744081, 59319830, 221573745, 359099321, 955885435, 147023972, 3232308545, 883100674610909185, 897827731479699456, 23522501, 128023009, 231654644, 109054363, 78768180, 119054775, 25234311, 35170969, 17244973, 14562016, 2977866861, 2170317884, 1593044508, 311072227, 2264584590, 452678207, 222657964, 117856865, 250831586, 141664648, 168767461, 7517222, 1444575242, 2390785574, 841529534, 558831245, 1173258708, 1061689422, 353391909, 451016256, 481700882, 408909410, 158487331, 904039399, 855221312557592577, 854870982821105664, 761986097823952896, 871743323521912834, 1099459986, 1735807406, 1559294814, 76171871, 549441269, 144666448, 65528172, 382484857, 1035503786, 353071717, 52206105, 24362253, 80921771, 40921265, 45868006, 23086303, 50330438, 74812129, 2900662775, 382560919, 490756890, 2303406624, 1114036494, 121034444, 38170974, 54502344, 507672047, 171985977, 78502161, 213969309, 210775513, 249186003, 68674747, 93819292, 16143542, 82322622, 229454266, 28297965, 90636188, 525208028, 116757352, 23440052, 115044590, 833060311510949891, 214413743, 226087776, 26235265, 108247668, 2442845818, 160507609, 360887604, 1928577846, 1679167076, 23976386, 91390383, 247816345, 994761734782103553, 993980298651099137, 1705558814, 784578379420934144, 472183088, 74837876, 2864139317, 1058206850, 58876049, 5920532, 234892796, 5515922, 77285093, 19208542, 19864217, 15676794, 15981212, 188841274, 25589776, 23617610, 32959253, 34507480, 19248106, 79293791, 35787166, 25490727, 1483457984, 192556167, 198218746, 258484748, 131183454, 339059495, 1403534401, 1013937746, 19963197, 1168811575, 227275620, 93260253, 3031414925, 1446896970, 2493580472, 991432730, 1370961769, 3018747925, 51939896, 309753282, 25365536, 138372303, 1075608468, 393197535, 3228416916, 695290911664766976, 710164139365179392, 764668705703923712, 886632212283707392, 83549808, 79007102, 2171273550, 779302005881901056, 768091175433674754, 743494338089390080, 827995595809841152, 3270266426, 767889245054828544, 87974706, 31301649, 2197302162, 992106289357565952, 408754357, 1420664210, 2249074058, 59248224, 105248235, 11071292, 479055655, 270010163, 121140184, 88756459, 198975780, 441129326, 61312712, 20348431, 300114634, 415859364, 17351972, 22175551, 248831432, 2167231033, 1180130208, 720720711086645250, 363982505, 109963821, 963926093819535361, 796669136, 2200648808, 1973397590, 138280698, 2911859445, 331449053, 268932146, 1319735641, 910680266, 64623747, 400981699, 456115601, 77120149, 2689757527, 764211995524628481, 166163768, 902972486618374144, 247764115, 239005511, 1514485477, 2375037612, 539328018, 748457116336263168, 203215691, 615865182, 973376062288748544, 407801813, 276650148, 68435162, 851108442, 956781165884727296, 880412538625810432, 931615298142142464, 349163305, 4172265083, 973666702272720897, 969049155954855936, 959535955227979777, 30927315, 831187999480180737, 4417112122, 4827509460, 2336702735, 22838300, 783762971243667456, 874363251709976576, 784089391669080064, 767881142670417921, 759047279789629440, 769971074230521856, 28934564, 848574427562483712, 760136092570050561, 2632942210, 2889934871, 3130933501, 856316726, 63884357, 830545466211303424, 4491188952, 879878230144143360, 783092794457858049, 885284779, 720261196163784704, 826510740, 3178870514, 233788971, 343583678, 2857019910, 308526298, 763880245397221377, 181961333, 60414510, 58945588, 80904905, 134947998, 67116871, 561790698, 1028973716, 4755661278, 3505446735, 851898148507320320, 837872478898765824, 1593900128, 848535043400224770, 860164866153304064, 819783768, 2176336806, 1276715934, 2438365243, 862762985768587264, 750827355409526785, 731184574001094656, 197852287, 922665946505973760, 1490749543, 954815528354308096, 705982490196881408, 847619404284047360, 948655726163058688, 913853641122910208, 783872377813815296, 783760736593915905, 4084082473, 239725590, 4885067073, 164857009, 720381699780005890, 2476380320, 45892680, 3308869062, 156533305, 2177227837, 2178826609, 403774955, 884551162128683009, 4730208737, 801126228, 3013539687, 820147578473955328, 857380662881419264, 864963725052301312, 4818496612, 767889331570745344, 817236584303042560, 822316043842424832, 839148681991438337, 855636194293624832, 801357305363238914, 877276797720817665, 4579760834, 806563750295773185, 794985507012886528, 4734361272, 4860530820, 477748348, 879806012215107584, 955858066448281600, 929196266264891393, 786276143087259648, 930216592142512128, 3043931934, 288373226, 23502867, 306570355, 794580043049537537, 496606996, 712049108, 24549865, 26809694, 114744371, 166772945, 158063315, 184018871, 160950109, 250490588, 82887788, 252866543, 75346167, 784856598808301569, 804062123085144064, 519567551, 929051959813984257, 782650921163509760, 60983606, 913465147397513217, 1471712724, 780833820635303936, 2424066230, 538031518, 849682707386781696, 3664073115, 433189206, 925241397405368320, 2722293690, 267247267, 168264219, 860140720392425473, 239477385, 927687062530162693, 2590748175, 864420955036147712, 948205316709040129, 246481742, 357840731, 2274618692, 25083138, 770836951821721602, 50029959, 446634342, 996392042, 384651056, 806703038878674945, 36182828, 3075172090, 405329111, 2336610347, 333098364, 4852239677, 3384902235, 109446442, 1912907748, 3026074718, 856053836229881857, 3380436407, 3127696370, 846924192540975104, 479484841, 4745307939, 63982619, 2326144867, 2363051361, 733753866987147266, 1925605915, 154685424, 829720520782405632, 3039742387, 892880210747682816, 426376578, 22203756, 18916432, 822215679726100480, 818910970567344128, 15745368, 382660279, 154037751, 1566650702, 719339810993733632, 2473988271, 389902710, 70806144, 2233827168, 140609205, 110196972, 480128146, 561452697, 558928998, 130602921, 57339788, 25073877, 1367531, 571069539, 544772149, 564214187, 31469309, 858053783292698627, 152142811, 110827653, 127706225, 33884545, 148219196, 182330628, 55419844, 280215437, 315702941, 413452025, 414010036, 2208044248, 195947234, 88057396, 69808081, 124251987, 33375095, 197560824, 3430173113, 185677306, 2485056112, 772529892571381760, 1651589394, 4123654403, 2394083770, 74909277, 2187791374, 3761283388, 393876435, 601860495, 3291833196, 766657837502038016, 2182175393, 127642170, 3026211408, 3096738196, 2697197350, 3026214330, 563897225, 154401581, 71938819, 164074844, 193765596, 62685903, 198645750, 44102341, 2809755673, 855069483068784640, 965949589, 2363377615, 953223432, 2848281569, 769653985087225856, 867128449676324864, 844857211549470720, 886109888, 799365230488911872, 795565107602395136, 263111408, 2224707578, 42097207, 26145732, 28196619, 464244087, 871894369514790912, 320004818, 3022850524, 119178220, 1340797717, 482024014, 185102668, 181484176, 279581853, 715257794, 2312898716, 718088137352822787, 1166839057, 4157193688, 614733207, 875156864673226756, 857288058768674825, 226009677, 2888552866, 854796953347137536, 2598132459, 56749149, 546987953, 769681916, 129917097, 80882063, 32476923, 722064229, 494406995, 3302886207, 282699108, 374507802, 356335575, 372758600, 597247124, 791344529844699136, 1398045690, 4147802781, 461499083, 2310393882, 926111636, 2580246942, 167704836, 190211052, 407251643, 3151417289, 878122868, 24871896, 162536734, 275476510, 158489887, 1229534000, 196137154, 389736574, 100484482, 213382843, 112694236, 715198998684913665, 2224234066, 98195166, 1227161666, 130482079, 2340592640, 856250929, 31090827, 826551191811272706, 2500146907, 319754733, 366295357, 40031468, 92629377, 179500584, 3307527537, 58766476, 312564358, 816818821017243648, 242156229, 331825530, 2775122912, 2484906951, 122758959, 1077524664, 2658841477, 698104968105095170, 442350213, 171539283, 244901083, 117829381, 42429680, 62824212, 900813840, 52878788, 29801641, 123847084, 133707016, 123642735, 19730781, 136024252, 970154557, 607281049, 41562632, 119476861, 821766952855150593, 108966362, 818301691745468417, 241858656, 2409348716, 534585599, 2805777122, 287844386, 185313495, 353803081, 2760605549, 164498653, 2805931160, 2312487842, 30759989, 887231094, 569565580, 1380161750, 1352860728, 2684836270, 71794672, 118085767, 3373264414, 700705564318429188, 2216533981, 262068328, 39861743, 139119977, 35432753, 176592903, 66385167, 204466520, 74596930, 32342975, 146064084, 2285199440, 1336607216, 48841711, 74022152, 130245324, 132247999, 615846412, 359356185, 467879308, 130215503, 89570199, 2962240077, 1894366442, 122481454, 1456256396, 257508808, 989872244, 168714488, 148546636, 153164470, 151924364, 911785620, 153563982, 2218736893, 807313698930982912, 767109679, 1083440390, 806507484189982720, 2983419717, 74587764, 2649376070, 806197262216990720, 830275052, 2868246211, 210997364, 358441244, 389715213, 84969728, 72189308, 737956212029952000, 4074069803, 1322810418, 308122570, 239096527, 775371593551929344, 26313115, 809526403, 717538507804123139, 14082692, 3774046227, 461268309, 3052732102, 63818752, 314466282, 2893187369, 760081471, 94478901, 425282169, 3198486725, 3026560320, 3832778391, 2829764008, 2194305965, 2534463358, 254297121, 603831447, 569337081, 331005086, 614520786, 314624567, 396991783, 98939026, 2162077863, 165475541, 417734762, 1374104480, 1525337839, 17589678, 866102648, 1186127262, 2826580447, 123927299, 808781552, 805524156, 919650775, 2291325234, 74154806, 4099759305, 106117466, 375580130, 117762253, 3679117396, 228803326, 3515399775, 227804156, 316501097, 2852507290, 300162759, 2981407738, 2319555152, 28454767, 133954472, 247239087, 146099241, 52291349, 418979338, 468668318, 3090365810, 76406016, 876113210, 756174950835232768, 1395929342, 765255510517874688, 40124978, 133912698, 108916337, 734480700351602688, 253116441, 14567108, 806573874, 740992110137053184, 27038703, 395858532, 221789703, 330446733, 376378883, 333534411, 171840420, 1139001474, 550202880, 282064204, 291701042, 65712341, 740336334, 14872237, 361772527, 151123001, 155659213, 200283629, 471034437, 220852016, 2276860962, 507491044, 3073071339, 939814352, 126490012, 709887289414000640, 4798103453, 116164028, 527354720, 782616950, 932973426, 925925665, 986566128, 2216696555, 27985069, 2565576425, 280701704, 30539530, 109008029, 1317407468, 218287217, 286140442, 250264437, 407594691, 1548317628, 2317800996, 2466634178, 962819196, 127075411, 124529664, 2548675580, 771489905079975936, 148849076, 770606525576536064, 45499590, 2800389711, 25735356, 745050921416130560, 194619018, 143998235, 2268658652, 3329778982, 265484185, 805534741, 267330359, 223486872, 92670884, 138088942, 246491789, 174284325, 63745951, 318525412, 279076466, 2268218570, 2548568671, 389628984, 331114064, 3327921363, 1190721607, 430824555, 1187356946, 336122852, 604892918, 29909871, 2539572728, 35296807, 147944693, 181178828, 3392039373, 328991691, 37059509, 1129097383, 306155100, 1650497456, 880828747, 131308444, 3381862719, 441227490, 4825836695, 750599502797606913, 93364412, 2865997738, 116441201, 3974522285, 2479547914, 347862652, 127649300, 36905624, 287727182, 214240164, 269348688, 607210557, 1667630827, 440344846, 23788826, 1671890868, 104449734, 738392300, 758561611, 77102228, 545360027, 26075916, 240281453, 133051398, 31243282, 108842986, 176210542, 2412187909, 252672899, 742184921414914048, 62144635, 196286238, 455725572, 28312185, 1243716902, 2689032720, 221516303, 203532719, 215039104, 2973437387, 831763386, 744673274, 122948693, 1339131540, 26126317, 3395146167, 4877761006, 529535862, 2212272966, 94588975, 213094333, 3288769618, 193415474, 364800981, 93601274, 69962890, 1876193551, 2613764611, 230474650, 111423456, 1006922053, 777520670, 364324578, 326128427, 755273370, 102152197, 51676782, 278849551, 407775884, 145862705, 297828573, 423114321, 561457726, 742467960, 1259915743, 157796257, 151533549, 42308579, 228520427, 1541546431, 1244388560, 613608366, 347959226, 340216123, 398408583, 2511439004, 1591170326, 2779385842, 993456205, 2811297260, 26767094, 633147206, 227519012, 1147824680, 258430916, 140191154, 65200073, 428368142, 181280529, 3273284900, 1227647718, 40580924, 195026051, 165867955, 2979631365, 133681320, 3996707655, 353423916, 615320253, 282161936, 4784476268, 74097105, 191846747, 40755193, 632870812, 2810013486, 104243636, 561158199, 498854419, 4798309167, 269780812, 127295865, 482210233, 3182357888, 326922608, 3634978035, 2769346288, 382113936, 88015191, 97276235, 234979853, 163509933, 203532966, 7996522, 15095537, 89225092, 3287940404, 3028140114, 327736574, 138728452, 64831195, 226824885, 124371545, 21054698, 344112975, 102112704, 267772963, 291370134, 2330123246, 301191306, 931292119, 4872053320, 146608951, 2540771132, 33967693, 2780463087, 18905975, 267274202, 188821437, 146795015, 565950898, 36262050, 260549701, 41861585, 41741241, 237817421, 93177659, 114663836, 113349101, 145314008, 110513795, 360932619, 301921037, 131806324, 156932849, 160688683, 570025920, 109828424, 263210606, 476914693, 104549046, 468806381, 2570949123, 363150330, 572394622, 3598705636, 1223407446, 1250417166, 75417925, 2515764557, 305043734, 180908416, 178894712, 1603865857, 150912336, 191637655, 474432262, 73283887, 2813409692, 200720349, 166488099, 1682327906, 1650626515, 710768215, 950674171, 1076111766, 3057389007, 314116527, 2631040586, 468840515, 3129765477, 3131516590, 2342582935, 3244983483, 110850885, 337837916, 2938549613, 3394447072, 3308231351, 182058080, 4052307496, 3240124205, 308638657, 799131828, 256189962, 727273857065750528, 727212519153098752, 746756648446754816, 1772431454, 123909607, 138284317, 1921730791]
"statuses_count": 1408
"date_followed": "2019-06-26"
"obtained_tweets": 1377