"screen_name": "luisrosales81"
"id": 3588735255
"created_at": "2015-09-08 11:11:55"
"lang": "null"
"location": "Venezuela"
"time_zone": "null"
"url": "null"
"favourites_count": 24
"followers_count": 5
"followerIDs": [778329652255391744, 745397885622091776, 785089415953649664, 781974969345597441, 238380728 ]
"friends_count": 53
"friendIDs": [38679388, 104974333, 34140316, 42434332, 29749448, 15007299, 44409004, 57099808, 47288005, 145459615, 526908377, 294708237, 24702915, 111468831, 207754742, 148856133, 1198508336, 256984264, 25780487, 769104126, 3399384735, 129925587, 52852284, 135222097, 766306023686692864, 1694219437, 711376420996562944, 101772207, 124172948, 47491330, 44145131, 226159514, 1623838758, 360671330, 19643113, 3323438751, 129863001, 138901003, 59585017, 214662866, 33884545, 55033131, 3316006576, 69885451, 73275893, 33394357, 83764876, 259795757, 78377317, 47132215, 29932637, 33704953, 129481023]
"statuses_count": 14
"date_followed": "2019-06-26"
"obtained_tweets": 14