"screen_name": "Nivinraja2"
"id": 951098209803280384
"created_at": "2018-01-10 09:27:38"
"lang": "null"
"location": ""
"time_zone": "null"
"url": "null"
"favourites_count": 461
"followers_count": 7
"followerIDs": [978806293723885570, 926200662781722624, 1009076219512610821, 1007865979798343680, 2883637958, 980832301520076801, 932967039840350208 ]
"friends_count": 180
"friendIDs": [44409004, 930474758734471168, 470285526, 1897575770, 778845254, 3146120740, 29873662, 806330528370552832, 3140253344, 1290834806, 1577225623, 176888549, 2196922086, 430493197, 3138727082, 3867422052, 986949136082710528, 1360884798, 703041434, 4321589781, 714735153193553921, 177547780, 873706688, 2522694624, 2817066926, 924440925824204800, 895645648418070528, 14260960, 2849753071, 2855255702, 203635907, 289736103, 715031038926446593, 4210945993, 37279768, 3025239456, 1044196723818725377, 2454101874, 459968785, 112915037, 141664648, 250831586, 1002079927292772354, 2933613673, 712912952387624960, 730375072876105728, 17753015, 2402505734, 201739268, 737583593245937664, 159553219, 2911645364, 1035100758, 71461495, 18185798, 143383810, 297274488, 494225862, 2748095520, 863811316145733632, 785307152340676609, 162981108, 1079310252, 4078252873, 48979867, 923189442, 241049515, 1224646099, 16849477, 3269020218, 1282946089, 57947109, 2460859956, 857204502176378882, 365325340, 958938634161401856, 900764510012571649, 882526029952290816, 922665429578870785, 222953824, 300392950, 427475002, 4628602041, 3243160309, 275172055, 430908537, 265902729, 2251461926, 746609840835825664, 1146879577, 249025285, 282151667, 19895282, 2163039523, 863720408, 45112524, 222406978, 228745260, 712258303019974656, 380754993, 538794912, 817256577434427392, 929129743, 94530194, 239760107, 180380465, 347861221, 17842366, 10228272, 100775570, 14130366, 133207150, 2526794479, 163787110, 2964648652, 14251256, 20536157, 155659213, 2705273238, 800021034736881664, 48693227, 430916985, 431160552, 431173487, 730039448, 15639696, 633914662, 1859465690, 734600071061331969, 966554806654459909, 1943418931, 922700987822882816, 700718514760355840, 725290183306940416, 3105113749, 726052122408550400, 2579949254, 83485574, 3226012897, 801706819370569729, 356893311, 199185889, 92945681, 834811986735083522, 728173090027520000, 110397597, 101270748, 769145225084272640, 2646263522, 736502733390282753, 368186169, 915066360224391168, 466601271, 28138900, 52334569, 241747152, 28995530, 1518147674, 1059896820, 132897228, 23763445, 622872390, 739042814755901440, 91997552, 194468676, 121046433, 106620826, 1402944379, 117407834, 106485105, 165391600, 358814014, 115853882, 135421739, 286064020, 71201743, 121044171, 185142711, 216447259, 2500955780]
"statuses_count": 14
"date_followed": "2019-06-26"
"obtained_tweets": 13