"screen_name": "ShGrijalva89"
"id": 939333039284404227
"created_at": "2017-12-08 22:17:03"
"lang": "null"
"location": "Tijuana, Baja California"
"time_zone": "null"
"url": "null"
"favourites_count": 6
"followers_count": 0
"followerIDs": ["friends_count": 58
"friendIDs": [44409004, 709548625509093378, 253197582, 73818903, 1426844119, 3376816337, 755880958025490433, 4721931558, 133051398, 262196318, 101291255, 826274389423316992, 899159125, 145862705, 108966362, 102152197, 51676782, 121437935, 274128520, 50326670, 35296807, 823624488, 222202971, 799131828, 1001612611, 252374039, 952412653, 545360027, 206074919, 2572754337, 94429039, 148546636, 56929583, 109399420, 27954537, 150832830, 108842986, 102176400, 79327591, 219858307, 398306220, 155659213, 574511063, 64477046, 525264466, 174501578, 40527958, 319981198, 3243658266, 186941132, 4101221, 214208596, 1589450359, 181300983, 427885919, 82119937, 96634419, 22324918]
"statuses_count": 8
"date_followed": "2019-06-26"
"obtained_tweets": 8