"screen_name": "SjoGusi"
"id": 836981581
"created_at": "2012-09-21 00:22:28"
"lang": "null"
"location": ""
"time_zone": "null"
"url": "null"
"favourites_count": 20
"followers_count": 136
"followerIDs": [2889053178, 865183949156483074, 796505649769226241, 826637869192212481, 397487374, 793617517872807936, 794198654, 4371315202, 2258384891, 4559355389, 4176591142, 746360227101024256, 743442042420862976, 741352269698994176, 3395772773, 3277766507, 140232303, 3014204415, 2713481751, 2670120507, 2445317450, 2631307119, 2587147569, 2567683468, 2522308413, 2305158500, 888833924, 2192692272, 1719588504, 360321291, 804893640, 150316799, 539460446, 185704364, 1167212928, 130618300, 369575225, 274821144, 445607247, 461714298, 598857167, 1286429899, 1195515607, 985471633, 325985051, 1277750408, 224457003, 1286600240, 821581088, 187695667, 150043174, 972639738, 498402186, 1159043282, 1022313739, 622946972, 1112347986, 124307423, 778528884, 197158132, 93184619, 333108766, 785663527, 164902925, 254855358, 64653648, 898766180, 194742183, 380092389, 229117622, 212058347, 113208231, 277641609, 533295652, 126416680, 321114646, 151987392, 625060195, 255753268, 421745314, 844567855, 827816418, 535908430, 869994667, 108339023, 395580796, 178959614, 594075998, 598286782, 227799217, 338720285, 76688368, 156348678, 772211138, 298125488, 355169383, 215337356, 378298464, 326232893, 154939589, 238415000, 287284801, 732674622, 106249158, 130200203, 418227658, 298703300, 308271439, 172818440, 417469663, 265496085, 323586711, 824370085, 269451294, 408071973, 586004944, 824349127, 174775200, 405960592, 496323210, 249479137, 836699918, 275231703, 749610824, 190709038, 237863288, 161381996, 265543625, 207624039, 357791950, 149266722, 299199784, 308205396, 239714817, 349457932, 246591360 ]
"friends_count": 81
"friendIDs": [3437402836, 128011810, 130200203, 24702915, 40255499, 44409004, 87808186, 77512825, 57099808, 29749448, 1876422386, 36484116, 47288005, 55033131, 45580261, 77694285, 193386305, 132937730, 73954053, 42517526, 52848989, 156348678, 69042605, 150316799, 822624319, 76666825, 166031516, 1126153934, 214291234, 64653648, 466983323, 380092389, 180537811, 149266722, 824370085, 127573362, 251872886, 308205396, 533295652, 255753268, 246591360, 76058053, 270178989, 724026764, 43152482, 44399838, 174775200, 146985042, 127911892, 62143214, 166171874, 408071973, 577204316, 265496085, 570136593, 421333824, 227799217, 149185473, 220092679, 239714817, 106249158, 365401051, 213614077, 287284801, 824349127, 586004944, 240505699, 132202969, 40445356, 104974333, 273499422, 217887112, 212103584, 417469663, 34746971, 48371942, 783214, 207624039, 535908430, 69679591, 299199784]
"statuses_count": 1185
"date_followed": "2019-06-26"
"obtained_tweets": 1175