"screen_name": "0cFB0wc3MN7SPyX"
"id": 1144340985108824064
"created_at": "2019-06-27 16:25:26"
"lang": "null"
"location": "Rajshahi, Bangladesh"
"time_zone": "null"
"url": "null"
"favourites_count": 3
"followers_count": 0
"followerIDs": ["friends_count": 8
"friendIDs": [732245645898063872, 60865434, 44409004, 3247896487, 1900356463, 213278292, 18681139, 78583540, 1100680125979418625, 1100687693380550658, 1139649950, 137017726, 142722336, 54829997, 298917410, 210358191, 99448420, 155151279, 79708561, 14251256, 287117871, 177547780, 316577087, 2865848291, 734111973969960960, 96951800, 158487331, 849652610491658241, 29479000, 156467746, 155659213, 458633186, 1622200183, 349331771, 156548394, 272115392, 179097415, 1534363970, 175523335, 375443101, 1043689050, 302346155, 2937849778, 4781810121, 145105304, 2955066810, 560641368, 3799465703, 3280714176, 887023420994592768, 283658300, 203645488, 150429478, 942299180562751491, 551119301, 138077726, 420376232, 23592970, 1485512838, 411351121, 172664717, 194450618, 320040089, 2708915372, 112425690, 2270618689, 113419517, 121046433, 71201743, 1022046410, 65659343, 101311381, 258370261, 31348594, 132385468, 507662284, 84625371]
"statuses_count": 1
"date_followed": "2019-06-26"
"obtained_tweets": 1