"screen_name": "Candice50820858"
"id": 1144445413623238656
"created_at": "2019-06-27 23:20:24"
"lang": "null"
"location": ""
"time_zone": "null"
"url": "null"
"favourites_count": 1
"followers_count": 5
"followerIDs": [1118142809456947200, 1143870216373489664, 1142957037250392069, 3874248515, 1139911163637116930 ]
"friends_count": 290
"friendIDs": [1009514640844308481, 885947910, 767991377204486145, 1648268328, 27987687, 19651284, 140025559, 774180818, 66699013, 730199548358840320, 732317338796589056, 21164804, 719988457745985536, 719950144884465664, 1554195344, 2482499272, 753328737899339776, 291428614, 763146067890188289, 48294321, 473493882, 45668062, 454237315, 398323499, 769269743731695616, 2603131591, 2850398477, 807735457, 2598747457, 315423731, 110365072, 1597485098, 2744691830, 1586678826, 9989862, 705807268835672064, 104086983, 808048427586252800, 834562169312202752, 267305045, 1434154795, 468957900, 117481846, 39538010, 887520749946376192, 794340244967538689, 357282578, 2980439376, 152035755, 888076282415652864, 352145373, 29971585, 322842111, 472623389, 243905905, 258970724, 4348237453, 30271564, 1104623226, 2418602342, 4035503243, 409713189, 3242495944, 756271337585319936, 1633811846, 371069402, 834316544, 297504034, 124443269, 4924295241, 40059553, 14631115, 1589858468, 948344899, 2309249210, 302349246, 2575190676, 3951203232, 3315594450, 2724619388, 1711171507, 1419148412, 1419037584, 302253288, 1419053509, 2779316737, 2726471816, 2574407239, 1609517533, 1419108654, 4338849732, 258140881, 4063961176, 39596022, 102364583, 1242268303, 16582027, 2786266138, 754860209877688320, 333550831, 17045039, 39364684, 257166625, 28644174, 23544596, 500042487, 17844280, 19637934, 480930665, 57084769, 277595625, 152801977, 26020351, 287874817, 1130102132, 15175368, 13258512, 31312972, 19879313, 241382835, 16900536, 121626258, 502135911, 20630639, 27022632, 37099282, 3179977818, 937756451380088838, 2260058017, 588020595, 576863961, 877858596, 14812359, 2614719662, 861980135183994881, 892548925021990913, 27782837, 1039124288, 4880060739, 877635902675181568, 144213960, 3320478908, 555448499, 493271307, 2863580894, 2923007800, 183692080, 581317961, 2845789767, 68884124, 966082180773531654, 193429861, 23645988, 887010284166144001, 1279002836, 1070228082630385664, 59553554, 2943625774, 95023423, 922305473449041920, 80121499, 30354991, 970207298, 17494010, 72198806, 43963249, 73238146, 14377605, 35063780, 26444593, 40349450, 1082327924861104128, 435331179, 783792992, 31013444, 216776631, 216065430, 342863309, 7025662, 257834640, 335489061, 4020532937, 4765934779, 191693193, 730734505045151744, 753429192520437762, 34418203, 562381032, 467823431, 3671138595, 974403035010162688, 250887629, 994637608692023296, 1054151922553212929, 2779243826, 701725963, 30614676, 90420314, 1131654125916000256, 1126834325155041282, 999696482365198337, 1573265498, 323417384, 26637348, 21789463, 33537967, 533791639, 1538338184, 1356836395, 13275962, 302261109, 497009057, 267423184, 151427582, 2720892583, 732527205486579712, 2883841, 24929621, 171682730, 157140968, 23617610, 26565946, 236699098, 23613479, 19248106, 119509520, 32959253, 2367911, 15485441, 19397785, 268439864, 100220864, 35094637, 136361303, 10228272, 28706024, 44409004, 17629860, 1339835893, 15846407, 23375688, 15745368, 18916432, 16409683, 807095, 759251, 822215679726100480, 822215673812119553, 14230524, 818876014390603776, 813286, 25073877, 21447363, 39344374, 3874248515, 39349894, 20322929, 79293791, 52544275, 291547392, 34507480, 568825492, 2316574530, 878247600096509952, 226222147, 4196983835, 357606935, 29307032, 135019364, 18588279, 15764644, 984040635517849600, 432895323, 3063032281, 18236230, 154280902, 286347418, 866953267, 1109968586, 25101996, 200329893, 25365536, 17919972, 138203134, 1852644804, 471672239, 1117786405, 268414482, 56783491, 45709328]
"statuses_count": 3
"date_followed": "2019-06-26"
"obtained_tweets": 3