"screen_name": "Raymond29578118"
"id": 1144446791452172294
"created_at": "2019-06-27 23:25:52"
"lang": "null"
"location": ""
"time_zone": "null"
"url": "null"
"favourites_count": 0
"followers_count": 0
"followerIDs": ["friends_count": 65
"friendIDs": [1117786405, 15416505, 286347418, 1109968586, 293624877, 737753951697666049, 291547392, 890891, 39349894, 236699098, 85603854, 21447363, 2316574530, 20322929, 950055480906403840, 3676932858, 16302242, 272616327, 17494010, 2156278138, 34507480, 412221236, 4196983835, 240452829, 816412233488015360, 11912362, 17919972, 41634520, 30354991, 770781940341288960, 568825492, 22692199, 226222147, 18236230, 15764644, 154280902, 25365536, 818876014390603776, 44409004, 1249982359, 818927131883356161, 1587217921, 914061, 20567939, 22541235, 79293791, 45709328, 2156299840, 29458079, 38495835, 5162861, 866953267, 29501253, 119509520, 238431491, 18588279, 878247600096509952, 207784631, 23083404, 930552552302792705, 432895323, 23151437, 216618670, 44196397, 970207298]
"statuses_count": 4
"date_followed": "2019-06-26"
"obtained_tweets": 4