"screen_name": "saucynobia"
"id": 1140460100517355522
"created_at": "2019-06-16 23:24:11"
"lang": "null"
"location": ""
"time_zone": "null"
"url": "null"
"favourites_count": 16
"followers_count": 7
"followerIDs": [4160422094, 25102250, 1118143436442435584, 926016289, 826600089778991104, 1055612875690061824, 2165919735 ]
"friends_count": 248
"friendIDs": [1394399438, 862709671492075520, 19397785, 44409004, 26565946, 154280902, 100220864, 36947388, 36483808, 24702915, 203162990, 23151437, 85603854, 832838394518585344, 1082077595385188353, 1126281111619948544, 1079388435742380032, 876681737023225856, 1013831076857380866, 1108081530579156993, 1066788480745963525, 1040823650637819905, 954481781213941761, 1075976235979862016, 755505326267432965, 303595809, 1032041995152314368, 221514083, 1036463469304918017, 993612380943761408, 335501334, 363972381, 18222378, 471311185, 739784130, 64571585, 3004231, 45709328, 18220175, 2699105311, 149726145, 1852644804, 256883252, 17929027, 92860137, 181572333, 19028953, 20567939, 353029369, 51742969, 17915334, 24966423, 238763290, 381648806, 119509520, 135019364, 116362700, 27195114, 913812620, 428377986, 866953267, 1102932595, 3164492029, 756612484816048128, 4160422094, 825591369561305089, 840793142219685888, 756251689078829056, 67060838, 824803236204920832, 2754802665, 2298691933, 835064564660121602, 849069339038949376, 2657813335, 1072771758, 835985223619850240, 852290842790424578, 2488576712, 754336405107585025, 848629926966288388, 396866544, 2579329560, 3240967480, 816235781031219200, 3067465021, 39084563, 794398927478923264, 978470603438133248, 735520507, 23613479, 480944945, 382402366, 157140968, 101617959, 313087874, 25365536, 1396698397, 32959253, 1088207396, 363961928, 163730859, 1906234147, 23617610, 330705266, 379408088, 310072711, 240452829, 405728790, 2156278138, 2156299840, 286347418, 40460135, 3053149312, 964926913323118593, 2429500154, 958903565455691776, 744261325, 417954270, 959307399143161856, 301794562, 572985376, 836810705215057921, 782306061260693505, 749314630460248064, 848253434532900864, 203727423, 969561369728159744, 237833328, 908882842599530496, 2899546169, 278022638, 382946208, 3071045812, 635801248, 817210739144400899, 950055480906403840, 792561425680138245, 544929616, 1618155480, 1097966195456786433, 86431490, 1946838810, 178216888, 1959914839, 272129937, 748221426742624256, 353455032, 1706234780, 295412335, 1654279351, 2598959815, 30589467, 3044579616, 1855534392, 2347515014, 3658109716, 3764987233, 3232341638, 3776427072, 4809098701, 739506352221913088, 2446131804, 3400089732, 1066022967325466624, 1117786405, 16043308, 967498565416255488, 1912839878, 711679475432312832, 90211521, 1003189068, 4215018013, 748636050881380352, 185019826, 286773713, 729869968238649346, 811315945335492608, 872332491117473797, 2428453934, 3115516524, 840478999084118016, 759134561825456128, 2703589548, 3254025036, 3645130940, 3279041568, 1030162095256432640, 363811679, 1056126391, 981393027544559617, 3302846335, 217679278, 3236255472, 1078143280473346048, 1099460550382080001, 788110747804979200, 832804783895384064, 4729447997, 776568059871965184, 96861431, 795512079755182080, 4749925153, 353768250, 3624867612, 1268086088, 818843096133861376, 579360985, 808572161107652608, 719988622, 3550593013, 2266263029, 2675983464, 2603142116, 955785600833081344, 1170765487, 3402699173, 3160231789, 1612512721, 1554463728, 441598184, 261914244, 909133374748364801, 3233134238, 2979502977, 598896796, 3167592336, 3314320642, 715566940266242048, 3579012568, 474363462, 914059955119939584, 864803935, 292970930, 829482015716028416, 2383004780, 123710244, 79293791, 1958145638, 3063032281, 2893511188, 236699098, 21447363, 14230524, 15846407, 20322929, 17919972, 34507480]
"statuses_count": 2
"date_followed": "2019-06-26"
"obtained_tweets": 2