"screen_name": "hackedddddd48"
"id": 103639733
"created_at": "2010-01-10 14:02:34"
"lang": "null"
"location": "Brescia, IT"
"time_zone": "null"
"url": "null"
"favourites_count": 1
"followers_count": 31
"followerIDs": [718271696046858241, 1075997083100950528, 990679132571930624, 1002552095894134784, 1728526537, 757099467162128384, 811998360852803584, 1901458129, 835291191730188289, 393551846, 806987481157607425, 4197662854, 781809551335100416, 702007116677173248, 776596185846919169, 3019173542, 597057859, 366406369, 33281004, 1206832934, 1662657451, 987862195, 702089677847842816, 701981994251640833, 753151456820207616, 2449231302, 702254461683679232, 1046347854, 340821604, 726401431, 323813085 ]
"friends_count": 1651
"friendIDs": [398460464, 1728526537, 701878343944134657, 702123901531385856, 43490325, 577701930, 592592012, 54440285, 597057859, 33281004, 279253715, 51436387, 1659881198, 920808210, 549247698, 579092083, 592249762, 78246418, 292020220, 1666762699, 51092710, 796444423, 249361117, 259920838, 356639883, 1640255665, 477477927, 3143203453, 264153895, 472619796, 918424519, 725523254178258944, 713918081077219332, 2526167864, 2891199312, 2891354082, 579035441, 376526680, 3089818563, 855656088, 423744473, 3253387879, 1886395464, 729315677211889667, 703014122, 518306267, 475041438, 1226888564, 255675580, 729306765024755712, 1691136061, 36336640, 2269717411, 1640118270, 721100548192268288, 719482919056764928, 1228825542, 719402646654681090, 803062002, 636543723, 298646651, 713775329, 1146979884, 863204870, 583172961, 574791122, 1451954732, 494693579, 727261725423194112, 2908521762, 719425889788764160, 3206683683, 736366281255882752, 598881948, 1422238280, 2296780136, 723173491097346048, 1647161515, 3115385160, 215254314, 729023849262555136, 1662657451, 4695094380, 149126021, 1850111833, 718554858677100544, 164434328, 709935466028531712, 504351224, 480672184, 3021369228, 1715179668, 594560944, 1676280084, 2284152656, 1888500918, 732370830622134272, 327756011, 1484089634, 946162621, 2965171806, 1558782942, 392584303, 725040233063002113, 717740185652363264, 56861866, 1439138786, 4807002127, 4411647892, 142255792, 257766581, 721524693480697857, 724944511613460481, 202339509, 2185172924, 898877286, 90397158, 1854413076, 617426297, 2265901986, 2184949789, 729262405348425728, 860065154, 342773308, 396091756, 719255438060085250, 2862758691, 728297622264385536, 718426556742430720, 723000028676120576, 213803947, 1642749944, 1334755182, 3279184332, 333275182, 592086326, 590851588, 721980585321840641, 427736121, 3404465895, 1565088409, 336617659, 718228745136553988, 1067686004, 719631852361949184, 2902250421, 552926082, 1265959200, 1496354252, 1567862298, 725481985343410176, 1213895156, 4272383474, 867361682, 1650344262, 567757127, 3037949058, 1030550485, 2912586706, 2148149369, 725624826321338368, 3171538194, 1641779166, 742634837316673537, 322875771, 138503629, 2245996525, 422771635, 160460157, 1965236263, 4822265032, 1396914036, 448323440, 1880946554, 2778964477, 3094601299, 1864384346, 721066067414642688, 2251345312, 849925562, 701248526525698048, 720123946805370881, 2243051888, 2981315458, 2244149022, 1377942002, 1383226088, 3301843382, 1554577663, 2984475004, 628145897, 617225750, 370307410, 717751781191585792, 1235678802, 818435221, 1850049774, 1282001714, 494598296, 1164756534, 722005809928937472, 1562779784, 1624570740, 759455252, 735607718908702721, 4677588973, 719909985711427584, 315348262, 2890942676, 1246667972, 995189904, 2279006676, 1668589520, 1893389455, 351882069, 714839335, 3135584495, 754705398, 3015485380, 134870834, 721058362163482624, 2206788279, 363481251, 707262059927306240, 361883282, 759504224, 601686174, 261901255, 269553775, 1497732270, 339776774, 1860463946, 2206912541, 592024339, 1925147604, 1129865497, 729218233295896576, 737454331427880961, 426182409, 1558838491, 340338389, 27664409, 32439497, 228736384, 719365251481878528, 728844732, 609791165, 459459192, 867165738, 1213875092, 1086565585, 719254950333845505, 2212631923, 4292204833, 1088892108, 615158303, 721510424387002368, 1590213714, 754277773, 138574180, 1590748466, 742401081204936704, 727393591543357440, 132197390, 1715221440, 2220218922, 725636509492072452, 247414776, 1151031385, 25337334, 722996811548360704, 1593721596, 2202249623, 595629150, 248617535, 59674845, 1724832314, 728799452501258241, 197535483, 1890062780, 2178501239, 2283431807, 721405658, 1014383155, 3687756913, 1964251405, 1423686386, 2970493468, 1591781658, 1624961658, 719367959865597952, 1362105888, 3043617333, 4821483845, 1144511750, 348117438, 486680397, 22224038, 463315274, 1480217822, 216317337, 2267679787, 2182732956, 4825346385, 1883806782, 2184904675, 1100163032, 1492129964, 1947160951, 1965320971, 739466645375221760, 724903869130637313, 2909775439, 405415782, 132877621, 752524117, 735547883747966976, 3138215532, 1967548628, 450907827, 900698641, 1547019642, 3132978952, 2160134732, 171627162, 159546101, 807268236, 721031579041026048, 413588686, 721674294732976129, 628440044, 1118859864, 40778957, 361996932, 2212682856, 564986168, 31246954, 14074005, 727574620488925184, 704133868589359104, 711413387364675585, 623463983, 223966919, 722174843769262080, 706322934437052416, 1443996446, 2324695806, 718271696046858241, 499068035, 1409945545, 2955149202, 701036605, 889550640, 768390193, 429938154, 590271603, 138199572, 1223096486, 261253184, 953834052, 89254443, 3021686863, 719186338554191873, 717601019, 1662828204, 4833326823, 728813951459442688, 3365013441, 337362100, 298632674, 1517331937, 607289445, 725001725107527680, 1733459750, 1177834458, 296998153, 589407516, 2402036978, 3334550061, 173705988, 1665185832, 25073745, 322978185, 316101234, 317953261, 742633661179265024, 2254924654, 725056666379636736, 591840483, 2150994411, 322934716, 481788327, 1397317003, 1416698196, 1161456308, 734416136, 2875607301, 2271478839, 3686517375, 1573199635, 1354486352, 859844280, 333778652, 4294464195, 92311275, 1216807526, 3207651411, 996446730, 1043184055, 326497826, 633906774, 168739205, 353331536, 885713977, 1027665236, 154881056, 3796869680, 250972987, 599538453, 3386456069, 1719732756, 1120232743, 375197227, 701098160689541120, 712031841738473473, 3347098149, 872889613, 2253182945, 466875919, 1581834091, 4801388887, 722485280809291777, 736331610224615424, 707040534599114752, 622198735, 1089676957, 26282233, 856820610, 1105568498, 982549146, 761483065, 53636707, 1442300965, 1892271672, 719826250743685120, 1243170276, 3341357357, 3172361106, 332821802, 567016618, 1247190031, 2688693680, 2932864444, 3844834643, 156613197, 1417866631, 1664102360, 721887590056607744, 163539950, 1203249163, 576010646, 600469397, 577472815, 935717144, 1161642679, 3181468413, 2593550087, 243423768, 721791557033136128, 1117655076, 24972610, 1171584386, 1049624312, 172201965, 22185740, 1302064404, 3246740733, 361761677, 3006112814, 733774593857626112, 718412968598315008, 356818275, 952916220, 729351299574210560, 709047450716213250, 727593241751752705, 191063820, 240853177, 423801492, 351486673, 3158509589, 992767754, 1723211222, 2447860644, 765761108, 908793524, 87106078, 619786061, 564859411, 948539887, 1541445607, 60933272, 386311459, 23824930, 1008673862, 2365891027, 4795084382, 545360878, 843017653, 758141905, 2160629954, 719451375923384322, 1155344779, 909029814, 1075141598, 2392900332, 28887895, 2275124883, 609617017, 469027484, 2247971682, 1115398518, 1043302386, 91429677, 719562934817583106, 729340155899740160, 50717661, 1157216365, 22933289, 713545424955654144, 987523440, 455895231, 2891209610, 1572680510, 1618929673, 1678156255, 1615362146, 1903118617, 2909694432, 4693789644, 1519551144, 3339833014, 1166524519, 3375087460, 391413225, 532678382, 14749805, 2251220756, 50078523, 601027786, 1255619904, 636437737, 410756561, 735919408825151488, 254629075, 336772201, 736363830452846592, 236848199, 555569893, 216596467, 2406316285, 328511158, 2576912442, 4302580397, 3159354420, 782468118, 242490302, 586244769, 379925004, 358533704, 1105321596, 1275533989, 517269922, 573392456, 1437076777, 399707691, 1925676313, 44936567, 408118730, 1061178721, 35295820, 713474695962595328, 1471382856, 717637869318311936, 984018289, 2340584844, 4849409331, 1593338934, 808020037, 60420236, 994114440, 1162732945, 1146717025, 606892506, 719598546631180288, 408450545, 559082804, 753474486, 54178013, 122110573, 332910148, 211530291, 2740661768, 127811148, 2737792793, 1714327051, 1589752062, 721731447275528192, 15947341, 703843400, 1069753526, 28677176, 174024289, 58910690, 562375682, 2740648586, 1275928927, 721090433674305536, 18341311, 4624268295, 1519786716, 2229206759, 279846265, 3092791540, 830579220, 59272429, 1546916696, 2384197447, 186229790, 1436191176, 1145334127, 2214492376, 506596968, 503162801, 48551445, 3433592799, 313023804, 294710483, 1690988845, 2468224916, 2499521086, 1112189959, 337289623, 1307764621, 1567384688, 384380471, 321052403, 722356308033302528, 928648705, 1713020516, 3279674736, 163945203, 734278167104360448, 552494352, 744850438025973760, 2396974141, 1951039596, 588088144, 1551660793, 3980632036, 4787744216, 1076222629, 3370074053, 498989451, 168929016, 1388585215, 1523348340, 723150262102155266, 987862195, 1979259654, 34125775, 1292095800, 508080958, 594206844, 637277011, 2268963039, 2798171797, 2434080331, 220733502, 59549039, 366406369, 2314350302, 223346406, 4846020348, 1327086577, 1183302277, 3390333027, 276713451, 126531643, 93470241, 2197073003, 1928386123, 179587285, 1002023618, 1944854532, 183942892, 2712995359, 2712937206, 2211929594, 2309948514, 3279125779, 718868240579952641, 727368556837478401, 1393271150, 1515231686, 599994724, 569081035, 3100341284, 127794371, 560128956, 524598649, 1287385392, 49911749, 852832002, 100126771, 1889694265, 1546602086, 1455818642, 27927611, 449499800, 2895146024, 200261488, 1452278509, 15943205, 709106457036218368, 570240644, 1461055916, 593778203, 120839424, 1421990468, 75944617, 428264976, 1424078024, 1211521392, 2868022181, 412541793, 720137916060577793, 1573548301, 1863278360, 1408533433, 464167458, 16478326, 1863257005, 532434688, 88238424, 3012500196, 78123377, 587873817, 161048936, 701967039364259840, 701964586900176902, 701968852100337664, 701968942428893184, 701968678611501056, 701968996292120576, 701969211929841664, 701969650729353217, 701968351149629441, 701969629737050113, 701970287558991872, 701962648120909824, 88135128, 701970451015204865, 2821873175, 701969982326853632, 701971873039572992, 701971872108285955, 701971573897465857, 701971108640256000, 177303407, 701972885699739649, 591946160, 701972566341079040, 701972693730590720, 700467170225037312, 701973353830051840, 701971051408814080, 701974593913888768, 495484748, 701973087135334400, 3409394980, 701976775677579264, 701975769392640001, 701978032370819072, 701978035868852229, 701978936306176000, 701547894093062144, 701979457414787072, 3723472043, 701979812936728576, 701979908877250560, 1015379773, 492780113, 701979872151912448, 1155416077, 701980368367280128, 4293336915, 701980817724219393, 636603022, 3073825186, 701981994251640833, 701909295089188865, 701978393714122752, 701982163885920262, 2283503558, 770690058, 701984131941580800, 3182797908, 701983685793320960, 701984397411688448, 701985201786720257, 701979242309877761, 4914563472, 701984680858365952, 73109011, 701986096587128832, 701986549307678720, 701987614392459266, 701987257146716160, 701988749240987648, 701989195187785728, 701988158611857408, 701990270989164545, 701991412863258624, 701986108410880001, 701990910624575489, 3342302823, 701991451941609473, 701993945916694528, 121526938, 69945166, 701989848249307136, 701993504667516928, 701994169343025152, 701993017259986944, 701995193323626496, 701995920989118464, 701996576445587456, 701995975632486400, 701996931149598720, 701997283231997952, 701998319740915712, 701999148959010817, 4197662854, 701999808823820288, 702000009676505088, 702000449709182978, 702001118893592576, 702001818432212992, 45253636, 702000421242593280, 702002737748180992, 702002031305707520, 702001687641268228, 702003289831841792, 702003867979030529, 702004832731844608, 4928583621, 702005180384948226, 702007099685875713, 702007040571473920, 390566911, 702006561674285058, 702007182963798017, 702007116677173248, 702008836828196864, 702009900436557824, 702012639593910274, 702012135405125632, 702012322940899328, 702011341393907712, 702011851966697472, 702014341516636160, 2888362948, 702018188175810560, 702020399383490560, 702021227364225024, 702021504213524480, 702001137046556672, 702022063607848961, 702022089524559872, 702020939832127488, 702022764052348928, 702023973480087552, 3024272419, 702020521022521344, 702022149167456256, 702025777659801600, 702025509262254080, 701804791480119296, 702026643565633536, 702029726903308288, 702030710467600385, 1207625154, 702031780317175808, 702032745074180096, 702033572450799616, 702034175478603776, 702033969986965504, 702033022606925828, 2733544654, 702037027022196736, 2286992601, 702036509042597889, 702034336061779968, 702037615101419521, 702039314960674816, 4674225636, 702040965406707712, 702040733797081088, 1217375792, 702041646406496256, 702040383153315840, 702042599658549248, 702043327558864897, 702043449311137794, 702045415701508096, 702045768723644416, 4841756519, 702048020297158657, 702049252843921408, 702050577178431488, 702057268729221120, 702057832758255616, 3869096961, 702059282997633024, 701867945316716550, 4902700889, 702065237223206912, 702065830872285184, 702068286545072129, 702068893221724160, 702073124800454656, 702073968182874112, 702073594835312640, 702072223524192257, 1859122520, 702078199606484992, 702078125920882688, 702078703740788736, 702079138878922753, 702080343252320256, 702079605088321537, 702083153100304384, 702084531004841984, 702086942855454720, 702081396362362880, 702089677847842816, 824119892, 702091938888028161, 702091372665266177, 702093889453174784, 702093941798096896, 59520442, 4770946529, 702095587836039168, 702097772628066304, 702098701477658625, 702100715934773248, 702100199561424897, 2206534756, 525753414, 702100904497950722, 701041836740235264, 702106310200975360, 702083071949086720, 702107416381550593, 702106452329111553, 702107425948577792, 140906382, 702108884719243264, 702107980498657280, 702109063576838144, 702108872308301824, 702109628146921472, 702107043835076608, 702110290868092928, 702110808747155456, 701895629643972608, 702112003838578688, 702112129223151616, 753075751, 702112749875290112, 702112366784335872, 701445381071237122, 702115319217782784, 2469170760, 527802745, 702114713706967041, 702113170102607873, 702120150183636993, 4062852982, 1419640262, 702120347118780420, 3097883906, 702121637542551553, 701939228201107457, 702122850497511424, 702123297534824448, 257951706, 3171220410, 702124361289961472, 702125385119571969, 702124070826078209, 702125700313120768, 702126184260313091, 702129185356025856, 543057190, 702124819047981056, 702130617429979136, 702129377262366720, 702129237268934656, 702130115476643840, 702131962987814912, 702132288738316288, 702128884309954561, 702126357094989824, 4838402358, 702133277205913600, 702134954407415809, 702135085345198081, 702135633976942592, 4263983788, 702135726985465856, 702135937799692288, 1159245636, 702135904203177984, 702135662435172352, 702138028513484801, 702134745472200705, 702138278141632513, 702138511399505920, 4883981386, 1099436246, 702138142070022146, 702140063673556993, 700892112942866433, 702139457290563585, 694628683718467589, 702139724824186882, 702141027965128704, 509478478, 702140780832546817, 702141037951766528, 702142633716555777, 702143274144944128, 702143215525347328, 702142770618753024, 702144372238905344, 239628775, 702144691303796736, 702144364487831553, 702145219819495424, 702144856890568704, 1633264345, 702145402259185665, 702144291842486272, 702144805879549952, 702144764368580609, 702145819055493120, 702146209029472256, 465634143, 702146042221858816, 702146184123699200, 702147606617710592, 702147178555379714, 702147484211093505, 702147636074307585, 702147595578134528, 702147056501190656, 702147889112473600, 702148635967025152, 393551846, 2985561827, 702147944536006657, 702149781913731073, 702150372295630849, 702150564424114176, 702149970149957633, 702150827255980033, 702148721186775044, 702151779136344064, 702151831292489728, 702150902535196672, 702152212869468160, 702152950366474241, 1146730693, 702151926713077760, 702145394168483841, 702153729101975552, 1206832934, 702152814689181696, 702154437704474624, 702154222360375297, 702155684075413504, 702153293389295616, 702156608948731904, 702153941556011009, 3300619703, 702156358984953856, 702136755743563776, 702158102725009408, 702157609994944512, 702157567053717504, 702158354291023876, 702155321033232386, 702159064483155972, 702025083313909760, 702160127655337984, 702158704007712768, 702159904434429953, 702159924973932548, 702159062398431233, 2794419826, 702161976047312896, 702162782788124672, 702158919695777792, 702163051064139776, 702163216026071042, 702163178508173313, 702163811172749312, 702164899481444352, 702165858035044352, 702162587899842560, 702165789886046208, 702166908498530305, 702168291066818560, 1311835872, 702168637252182017, 702168615223762944, 702137394968010752, 702167649019678720, 702087372876472321, 702169357779079168, 702169625853878272, 702168981063524352, 497267176, 1091016462, 702170958283481088, 702171818824704000, 702171418679713792, 702171741397897216, 702172525065859076, 702172872584863745, 4444812995, 702172787172106240, 702172995339550720, 702173064746942464, 702173532260728832, 702172566342000641, 702174018867220481, 702174264833736708, 702173355504369664, 702174670259429378, 702174623073304576, 702173825417420800, 702174653939372034, 702173755225853952, 702174996949393408, 702175062594441216, 702174966494707712, 702176118992936960, 702175661444698112, 702176335616081920, 1308496824, 2360383206, 702176181060300804, 702178340354945024, 702178954287812609, 702178824490917888, 702179347013246978, 702179826917122048, 702179076685991936, 702180614963908609, 702180568964866049, 702181285997977602, 24483531, 702181264409948161, 702181300246028288, 702177726556454912, 702180561557790720, 702182033217470464, 702182836816580608, 702183288916455424, 702183049161809920, 702183248718237696, 702184089948987396, 702184415489761280, 702183926832492544, 702184662160904192, 530985609, 702184450436763648, 702184186287955968, 702184798945607680, 701967174311800832, 702185091011846146, 4825691517, 1902329184, 267029650, 702185848800829441, 702183924819034112, 702182981558001665, 702186380068306945, 702186548083744768, 617385156, 702186761309523972, 702187022174130177, 702176668220313604, 702186545403600896, 702177012144799745, 702188219274629121, 702188642433892352, 702189111751405569, 702189352135200768, 407827089, 702190665896214529, 702190152576331776, 702190861149339648, 2588428628, 702190151334760448, 702189036870434817, 702191586046771200, 702191380844699648, 702193640916041728, 702193683777589249, 702194513054461952, 702194306036199425, 702194486546403333, 702194804235624448, 702194559384743936, 1729058240, 702195810897891328, 702194807372980228, 702196931301404673, 702196590245601280, 702196094101368832, 702195536200343553, 702195786415796224, 702196523715551232, 702197955936305152, 702198303644110848, 702197026432413696, 702198554123579394, 702199284033171456, 702197681934872577, 702199695926390787, 702200330755379204, 702199284851015680, 702201096660500480, 702202173153787909, 1854327902, 702202028555182082, 250471234, 702202618316087297, 702203069648343040, 702203995448717312, 702203455465771008, 702203097574060032, 702203154990026752, 702204407601991681, 702205007286956032, 702205159376494594, 831981661, 3820359977, 702201819125055488, 702206676276027394, 702206601537699840, 702206990907482112, 702206885076701188, 2722224465, 702207446702493697, 702207953479163904, 702207955953967105, 702208637893267456, 702208034806824960, 702208312859820032, 702207379304271874, 702208278898593792, 702208910745333760, 702209593036959745, 702208187181768706, 377473181, 702113415934959616, 702210576861237248, 702211648505810944, 702213311966879750, 797463078, 702213226919018497, 702213610722824193, 702213917838327811, 702214716295356417, 702213768999256065, 702213938403012608, 702214817554292737, 702186249000456193, 702215307809726465, 702215383898456064, 702215183712722944, 702216046074318849, 702215796013948928, 4910073683, 702217246945378304, 320425941, 702218067472846848, 702217805123354624, 4870815970, 4496944881, 702219033211510785, 702217743181881344, 702001400964714496, 702219402456870912, 702219206062956545, 702219779415764992, 702220121247506432, 44803671, 702220617588682752, 702221504340164609, 702221472908099584, 702221542059544578, 702221641674309632, 701945664503058432, 702222337333067776, 4844050066, 702223810662047744, 4382150174, 702224009862193153, 702222591147143168, 702224396463841287, 702224349974106112, 702224432056639489, 702224954335633409, 702225139262472192, 4918276811, 702225723310800896, 272963760, 702225362479087617, 702221608602079233, 702224938967678980, 702225719213039619, 702225497996922880, 702227392098660353, 702226566672154625, 702227988666937344, 702227155288244224, 702226071756918785, 702228067935248385, 702213012053217280, 702228002210328577, 702228638893146112, 175064138, 702231321461047297, 702231625493565442, 4855918689, 698999704437288961, 702232892286500864, 63154208, 363266133, 702232953796042752, 702231652613935104, 702233782804475904, 702233962870153221, 702234228100968448, 702233667909726208, 702234117824339972, 161104438, 702233466704887809, 702232485128773632, 702234076489637888, 702235963918041088, 4822956381, 702236330382778369, 702236384833236992, 702236964762865664, 702235550053433344, 702237218614681600, 2500096499, 702236958693548032, 702236044108943367, 702237316480442371, 702236809271508992, 701480043676041216, 702237588866867200, 702237590959874054, 702237005040766978, 702237705464315910, 702237425444265984, 3774017902, 595079338, 702238180188160000, 4641502034, 702238857438203904, 702238252753879042, 701953628186214401, 702238958936260608, 702238742627667972, 702238742367629312, 702237993331982338, 702239751059988481, 702239732143628288, 702239297915772934, 702239075206455296, 702240246029807616, 702238894096515072, 702240854874923008, 702240613161431041, 2999946657, 702242574216654848, 702242283165523969, 702243549320884224, 702243723850211328, 700871082279043072, 702244990873776128, 137206070, 702244354010656768, 702244910041141248, 702245155521179648, 702245095878201344, 702244439767568384, 702246178738597889, 702246225521852418, 702245141168463873, 702246528656740353, 702245647391531010, 2607821080, 702246359785541632, 702247022745751552, 702247217923489792, 702247056874872832, 702248258408583168, 702247778609664000, 702248167543324673, 3035877668, 702248222408908800, 702248729445801985, 702249373221126145, 702249465961324545, 702249005598666752, 702249788520042496, 702249445358960641, 702250096583266304, 702249996637196288, 702250003515899904, 702249971785953282, 702250030728491008, 702250450507210753, 702249402983964674, 702250865948753920, 702250610020646912, 702249026046001153, 702250555331182592, 702251323648032770, 702250817496211461, 702251514358800384, 702251789823954945, 702251216214994945, 702252629049667584, 702252540520493056, 702252709559279616, 702253759192109056, 702252420613672960, 702252740542595072, 702253550601117696, 702251941175435265, 702253885440860160, 702253694381903872, 702253749323100160, 702254593443430400, 3074630757, 998348334, 38065616, 702254567325573130, 702254155558039552, 702254461683679232, 702254984948269062, 702255694985166848, 702255431914274816, 702254812759506946, 702256182392705026, 702256230560043009, 702256602443882496, 702256824976674816, 702257193786044416, 702257667130011648, 2989191609, 702258172174598144, 2342586530, 702258507681140736, 2505993007, 702257494828183552, 702258091618803712, 702258489624764417, 700800158125133824, 2222056832, 702259281161277440, 702259425298534400, 702260138195832832, 702261023013740551, 702260757371744258, 702259074067513345, 702261207772876801, 702261663681146881, 702261556453703680, 702261346251845632, 702261929063022593, 702261505874505728, 702261958548987904, 702262316134506497, 4896391420, 702263261509644289, 702262048302960640, 702264673106796544, 702263872439382016, 702264539430133760, 702251042096939009, 702265603474792449, 702261881826717697, 702265461283680256, 702265822786400257, 702266103301586944, 702265506569519105, 702267405339242497, 2918025068, 702266825703297024, 702265226830319616, 701462754050367488, 702268033843208192, 702267911239380992, 702268557405491200, 702268952961875968, 52266547, 702269197309648901, 702268265309958144, 702269889583697921, 702270335413051393, 702270406074322944, 702201658038575105, 702270418128936962, 702270786879561733, 702271306713010176, 702271531531907072, 702271146264137729, 702272517071831041, 702272262460706817, 702272311198662656, 702272275077201921, 702272369193259009, 702272938972680192, 702273979998801920, 702273392997748737, 4285712234, 702273490498379777, 334700519, 24981914, 702275426090147846, 702276664068280321, 702274770205876225, 702276613077991424, 702266990577262592, 702276787116621824, 702276902892003329, 702277421991526400, 702267740871139329, 702277980442255360, 702278220096229376, 702277238851563520, 702277871885275136, 702279287693406209, 14700316, 79983896, 216881337, 214821759, 17536669, 8161232, 402947099, 156651229, 788524, 807095, 43960170, 806133, 28134618, 3064598879, 409863197, 102700680, 5120691, 169963553, 25390350, 25098482, 14499829, 27860681, 20646711, 69231187, 23818581, 14159148, 103065157, 14224719, 16334857, 50393960, 5988062, 14800270, 1754641, 15110357, 278691695, 15492359, 16184358, 19407053, 18949452, 34713362, 20562637, 11014272, 28140646, 59736898, 67358777, 621523, 91478624, 14293310, 4898091, 337652760, 3108351, 621533, 15515159, 87818409, 612473, 16343974, 17038090, 1652541, 428333, 759251, 742143, 5402612, 97327765, 27000730, 138128898, 1630896181, 161624978, 27028248, 10733302, 35364040, 290996715, 176553048, 823905, 340821604, 181100980, 726401431, 33474655, 39585367, 30043507, 12291362, 828695826, 323813085, 114894699, 74575590]
"statuses_count": 7
"date_followed": "2020-02-16"
"obtained_tweets": 7