"screen_name": "kashiecaEstrada"
"id": 1012972284
"created_at": "2012-12-15 06:07:45"
"lang": "null"
"location": "Cebu City, Central Visayas"
"time_zone": "null"
"url": "http://t.co/3jzubaSFlH"
"favourites_count": 759
"followers_count": 42
"followerIDs": [1127632451524747265, 1029194396, 990679132571930624, 701984093484032000, 1891103802, 908782420501114880, 359973155, 2648627628, 333647001, 873387429884903424, 3384041697, 2594269886, 757099467162128384, 1673741005, 701993260915544065, 702079825821863936, 702289160934064129, 171793077, 1223694793, 702007116677173248, 700013135042899968, 1222690538, 1216360538, 702089677847842816, 701981994251640833, 759019806477516802, 740256811761045504, 968442132, 1164742219, 702176668220313604, 1571266976, 700706163306795008, 4201945872, 2346008276, 2286214232, 922431528, 1448180142, 1422392196, 1432698595, 1427319534, 1427287100, 459240642 ]
"friends_count": 932
"friendIDs": [35136323, 455251422, 2916425170, 333647001, 3384041697, 701878343944134657, 2913561272, 2594269886, 1226356932, 1220183125, 1226418163, 716659417, 1226404032, 14048894, 181793773, 1096007094, 1051415196, 1226440020, 1226426743, 263919426, 1226466619, 1226438875, 20327238, 580226138, 1213489838, 964492225, 1226535194, 1226526013, 41971248, 16653347, 1122156985, 1226570990, 1226545909, 969172777, 4407769281, 3305808053, 736381418, 3229232592, 244269784, 3161543624, 3178490817, 2958830326, 2968455053, 2967645643, 2889459659, 251510094, 3054229000, 3037602668, 451551528, 3249055351, 3236302628, 3130949999, 2927363250, 3199704802, 44058395, 3077294304, 1400571224, 2986597318, 728538668504354819, 728673973567934465, 3818205144, 736567860273807360, 4906757675, 65355186, 3233886144, 3301236022, 493303717, 2885146739, 139244579, 2915702244, 2902950304, 2903535725, 2931427914, 2993389569, 2994179369, 2994566507, 3073380867, 3074225261, 3131597083, 3133578378, 3131711062, 2951989955, 2961264281, 254221391, 35300794, 2967185524, 2967879982, 2998945169, 292369742, 3020409173, 701959289125085184, 137929231, 597490721, 701951194432937984, 701962489576222720, 2497597656, 701965125364932608, 4870280043, 701966009394196481, 701966720626511874, 701966629886943232, 2953152425, 701966625826713600, 701967884671541249, 161737101, 701968657564491777, 701968347903098880, 701968996292120576, 701968942428893184, 701895305533399040, 4337501414, 701962648120909824, 701968351149629441, 701971105376931840, 24019792, 701971573897465857, 701972885699739649, 701969982326853632, 3290029942, 700467170225037312, 701974593913888768, 701970366986633216, 701973087135334400, 3409394980, 701974702508613633, 701967745194323968, 701976728244060160, 701977239940943872, 701616132180938753, 701978035868852229, 336395977, 701979394823344128, 88315346, 491702673, 701980301749317632, 4293336915, 701981069462151168, 701980680431865856, 2252146822, 701909295089188865, 701982163885920262, 2283503558, 701982290528718848, 701859357382852609, 701984131941580800, 701984093484032000, 701986096587128832, 701986549307678720, 701987257146716160, 701988158611857408, 701990270989164545, 4701574156, 701992084627128320, 49409529, 701993504667516928, 4917581129, 701995920989118464, 701996931149598720, 701995798301687808, 701997758119432192, 701999808823820288, 1315899254, 702000421242593280, 702003289831841792, 702005180384948226, 4527468256, 700889414243901440, 702007099685875713, 702006561674285058, 702007182963798017, 475641210, 701515046271238144, 702012725849882624, 932733068, 702018188175810560, 702020399383490560, 363336440, 702021504213524480, 1566645764, 702020521022521344, 702004028301922304, 702026643565633536, 702026215478190080, 702027798324649984, 553654312, 702030710467600385, 3157443939, 702032745074180096, 702033572014776320, 702037027022196736, 702034336061779968, 4904195697, 602919344, 4923633167, 702039279044837376, 701253304458711041, 702043449311137794, 702045768723644416, 702049252843921408, 702050577178431488, 702057832758255616, 702059282997633024, 702059125136605184, 702065237223206912, 701707999765725184, 702078199606484992, 702073124800454656, 2290467782, 702081665640833024, 243464226, 702081396362362880, 702093889453174784, 59520442, 127959683, 29061624, 702100715934773248, 4892093780, 701818464340733953, 702107980498657280, 702106452329111553, 702109063576838144, 161548309, 702107043835076608, 702112003838578688, 702112749875290112, 702113176356257792, 702112366784335872, 702115319217782784, 702116313460826112, 2469170760, 2202291878, 702119509906341891, 702121637542551553, 33546954, 702122850497511424, 3171220410, 4842150537, 702126141335851009, 702127400516190208, 454056166, 526305032, 702129185356025856, 702124819047981056, 65705665, 702130617429979136, 702129377262366720, 702129237268934656, 702128884309954561, 103037383, 702131962987814912, 702134954407415809, 702138028513484801, 702134745472200705, 2827983252, 702138511399505920, 702135097428877315, 2387165288, 1099436246, 702137394968010752, 702140063673556993, 694628683718467589, 952516200, 249782759, 702143274144944128, 702143593046220800, 702144372238905344, 224108650, 27186211, 702144805879549952, 702144764368580609, 260069302, 702146042221858816, 702145819055493120, 4414828935, 43990279, 406440585, 702147889112473600, 702148635967025152, 2744081128, 702149781913731073, 702150564424114176, 4902292289, 429240262, 702151779136344064, 702150844372791296, 702151237819445248, 702152212869468160, 702151926713077760, 702151549510877185, 702152814689181696, 597758483, 702154305231519745, 205986333, 702130468485881857, 987360126, 2654684042, 702156450379014146, 702153941556011009, 350337221, 702136755743563776, 702158102725009408, 3311899115, 386007819, 702157567053717504, 243188454, 702158614148960256, 702160127655337984, 702158704007712768, 702124389228158976, 176996554, 702159062398431233, 4227156028, 702161976047312896, 1262511108, 2978195191, 382107010, 702165858035044352, 702162587899842560, 702168637252182017, 2689408789, 1311835872, 702169357779079168, 702169625853878272, 702167785237979136, 497267176, 702170045233946625, 702169463744024576, 27351154, 702170635645005828, 702171741397897216, 1640474336, 176541704, 702172872584863745, 4444812995, 702173064746942464, 702172566342000641, 702174018867220481, 702174264833736708, 4927065173, 24379475, 702173825417420800, 427252776, 702174966494707712, 702174885473341441, 3308422021, 702178824490917888, 702179347013246978, 1636029696, 702180614963908609, 260013126, 702178954287812609, 702181285997977602, 702181300246028288, 702181212786442240, 702177726556454912, 702180568964866049, 3708845835, 23932032, 3029927784, 702183049161809920, 702184089948987396, 702184415489761280, 702183926832492544, 702184662160904192, 702184755765317633, 1300818266, 702186380068306945, 702186652106502145, 702186545403600896, 702177012144799745, 4890447520, 3004286429, 50510120, 246666762, 702189111751405569, 702188855227711488, 719278269, 702190861149339648, 306217361, 702189671628066816, 702191743798788098, 702192600657358848, 702194513054461952, 702194559384743936, 702194499410403330, 702195363013390336, 702194266504884224, 702196931301404673, 320425941, 702197955936305152, 702198303644110848, 702198554123579394, 702201384268132352, 702199399632412672, 702202173153787909, 702202028555182082, 702202618316087297, 702202544395829252, 4622177717, 624782449, 702204196611686400, 3612309625, 702204346809896961, 702203154990026752, 702205007286956032, 4187476295, 3537678141, 702190771743510530, 4846049758, 264373364, 702206601537699840, 702207446702493697, 702207953479163904, 702208637893267456, 702208312859820032, 702207988841455619, 702208278898593792, 702209593036959745, 702208187181768706, 702208300792807424, 702208905670225921, 702207169077321728, 3013302856, 139022430, 702154639249047552, 2780709173, 797463078, 702213226919018497, 702214559768125440, 702214716295356417, 702213768999256065, 702213938403012608, 702214817554292737, 2868197654, 702186921309696000, 3751801993, 702217805123354624, 918999720, 702219033211510785, 702219306793312256, 702219779415764992, 702220121247506432, 44803671, 702220590971805697, 702219310031380486, 702221504340164609, 2237956686, 702222579751190528, 4842602375, 4899030705, 4854611631, 4921160200, 702224582418235392, 702224396463841287, 702145394168483841, 702224954335633409, 132648198, 702227155288244224, 702228067935248385, 702213012053217280, 531534588, 702228861707137025, 702231321461047297, 171664319, 702233184445005824, 702233782804475904, 702233667909726208, 702233466704887809, 700523565179912193, 702234076489637888, 2278954369, 702236384833236992, 702235550053433344, 702237218614681600, 702231118389465088, 4083318072, 702236044108943367, 2798462142, 702236809271508992, 702237588866867200, 702237478229512193, 4921208799, 595079338, 702238252753879042, 2711553362, 702238597710151680, 702237993331982338, 702239751059988481, 702239732143628288, 702240613161431041, 702239445366415360, 529044178, 702241723708211201, 702242574216654848, 702244354010656768, 702246225521852418, 702246528656740353, 702245647391531010, 702247217923489792, 702248258408583168, 702248167543324673, 702248729445801985, 702249465961324545, 702249005598666752, 702247029502820353, 702249788520042496, 702250096583266304, 702250450507210753, 3164598086, 702249026046001153, 702251323648032770, 702251514358800384, 702250555331182592, 995824406, 702251216214994945, 702252629049667584, 702252540520493056, 702252709559279616, 702232485128773632, 702252420613672960, 702253885440860160, 998348334, 702254984948269062, 702255694985166848, 702252772964564992, 702254541161439232, 702248290461601792, 702256602443882496, 702256824976674816, 702258172174598144, 3657636794, 702260138195832832, 52140044, 702261023013740551, 702261207772876801, 702261663681146881, 702261556453703680, 702262316134506497, 702261509058076673, 702263374520983552, 702263261509644289, 4924558467, 702263872439382016, 702265603474792449, 702266103301586944, 702265226830319616, 66019774, 702268557405491200, 183489138, 3415034225, 702270335413051393, 702272517071831041, 702272311198662656, 702272963421274112, 702272275077201921, 702272369193259009, 85489203, 19924104, 837882115, 4903172623, 702273979998801920, 702273798758866945, 702264710847188992, 702271835187126272, 334700519, 702276664068280321, 702276613077991424, 702276787116621824, 702276902892003329, 4481423234, 630724789, 702277980442255360, 702277871885275136, 702266990577262592, 702278996642308096, 702279300440059904, 702278175896838144, 702280046778695681, 702279758923563008, 702281418525638656, 702282094001725440, 44391960, 4320398075, 702281589858807808, 702281739222310912, 702282920707362817, 702283017721659392, 702283155798171650, 702282730755633153, 702285061136191489, 247510901, 702285580869230592, 702285732333940740, 702286023343128576, 702286877013966849, 702287848263852033, 702287619305164801, 702287687030542337, 702289027395821568, 15985648, 2720184087, 539850337, 702291661649350656, 702290840945868801, 712033662, 2766330264, 702289252449718277, 702293199394451456, 702293780477702144, 702293434292252672, 4633384654, 4293896597, 702295055038595072, 702294679996526592, 702295412049387520, 702295443645079554, 702275130668490752, 4831447521, 3558615555, 702267749616242688, 702298105321037824, 1905424020, 702296683116412928, 702298218516901888, 702293332479844353, 702298326398431232, 1482531145, 3226566410, 701935505206808576, 702300222932828160, 700937040225931264, 1519194422, 700545773088321537, 702300528244629509, 702302526389952512, 2892582177, 702293828187783168, 702302674968907776, 702304225292734464, 619643322, 702306477151789061, 460412380, 370972200, 702306241226235904, 702307694212993025, 702308604947333121, 702302126509264900, 702308304152870913, 702310318727237633, 702309187116736512, 702309574309576704, 249432862, 702309895249502208, 702312610876792832, 2613709680, 702313448550617088, 702312589565546496, 702313426522013696, 702315716536619008, 702315845637185536, 702315131804504064, 702315678531911681, 702316193139429376, 702317167501451265, 702317609501458432, 702318132342464514, 702318188458024960, 702318347883520000, 702318537218646016, 702319016795357185, 702319380479262720, 701194898058440705, 702320470440464384, 702320919906115584, 702321073233080320, 702320379365343232, 2384480425, 702321881785962496, 4230547095, 702322342588866562, 702321822877028353, 702323092849336320, 702320656885665792, 702323900357722113, 702323820787531776, 378200088, 34629121, 3044486307, 702323363369394177, 702324405230120960, 702324405616177152, 702325235232677889, 702325938730639361, 702324647497506816, 3176812103, 475828436, 696695891512717312, 702325920061902848, 150791681, 702327278353588224, 587049573, 702328609617350656, 702329033107836928, 702329087553986563, 2341522320, 702330335086956544, 1066250863, 702328390465003522, 702331565926432768, 94718482, 702334456737058817, 702334718398758912, 702336046726561792, 702336132885913600, 702335991588253697, 702336292026257408, 1029194396, 702336403317911553, 702335149392814081, 702336560654462977, 702336769317068800, 702336252255805440, 702336678883680256, 702336880730214400, 702337583267840001, 3386482036, 702337505694093312, 3434464145, 702338811506921473, 3239090259, 702338478793760768, 702337557317689344, 702341698064654336, 702342896565952512, 702342904715448320, 702340427110866944, 1416901248, 702342449608400896, 702345176954630144, 702344896061964288, 4004204025, 702346569362776065, 2205121088, 180505807, 1059194370, 400770714, 20237983, 20948236, 19256800, 24920669, 27710376, 22677822, 25073959, 14595245, 26659101, 33625790, 28273230, 29479000, 31422644, 23598103, 34082314, 69588362, 80090273, 106420963, 44627459, 56777230, 59591856, 40721032, 92083727, 35856249, 42629261, 42459293, 46104914, 80306410, 42268346, 68258567, 66458391, 49751816, 90676816, 60865434, 97208991, 142204481, 138388408, 201352564, 307807956, 142682816, 201356711, 143672012, 158487331, 139183350, 191088059, 198861212, 124879050, 133687873, 302795353, 185344587, 142262635, 218616696, 160292901, 2533070650, 331975075, 344801362, 1562061097, 1278393014, 973277052, 1966554482, 631581678, 1205123202, 1704998570, 575565118, 2178230389, 468668318, 2315399016, 309340221, 932429090, 480782173, 2528470909, 1448180142, 590031559, 104448662, 256932842, 55807518, 812375461, 1070726347, 207426991, 473466740, 592624023, 359075026, 78236172, 344384150, 73992972, 158236259, 23083404, 26565946, 16409683, 85603854, 23690344, 268439864, 462489802, 34594131, 47982646, 190955393, 76589464, 82419120, 40677226, 43091992, 84109416, 101496514, 155110443, 124203806, 55753842, 264058981, 187572385, 37397874, 14571301, 9160182, 313138051, 97533128, 42179718, 183876299, 22801835, 102395023, 329345024, 206119796, 134657984, 135901326, 56323520, 384331504, 52977655, 15749825, 136881984, 14380925, 183078358, 99050904, 197807757, 109213578, 629097517, 111906894, 94713472, 273516926, 813286, 58152290, 249185680, 871963218, 23924581, 623456010, 21447363, 148760908, 102011312, 32751684, 101108297, 62216533, 73314590, 153011582, 17919972, 236033901, 339733345, 38815052, 69068481, 23563916, 35142205, 61507091, 64038747, 409478634, 398018384, 337836372, 109629603, 43032508, 33827636, 27260086, 86565815, 26395676, 46602211, 108345784, 22096068, 156918895, 113603164, 56394609, 78035324, 31685653, 153470677, 254098644, 198175318, 60583926, 23850428, 392092895, 612320117, 459240642, 38175655, 25954814, 80654397, 972079447]
"statuses_count": 18
"date_followed": "2020-02-16"
"obtained_tweets": 17