"screen_name": "aglorious"
"id": 21807917
"created_at": "2009-02-24 17:43:23"
"lang": "null"
"location": "Southampton, England"
"time_zone": "null"
"url": "null"
"favourites_count": 1415
"followers_count": 319
"followerIDs": [2535846470, 1304291203, 1226931531303849985, 142701988, 2794791482, 4212430005, 877342452, 1040162628285485056, 1111667324, 208524001, 27383418, 763609793303044096, 592956179, 1216772741891854336, 851925319774859264, 954701321285832704, 3881739382, 1023605244788436993, 15579211, 3350485935, 521429566, 20003157, 1199228608864083968, 1064553073383800833, 39079896, 2980229890, 951867163194863621, 247032280, 1195712626384351237, 167821635, 1951362440, 97830821, 1189629358551552000, 2706138985, 1040332736383340545, 341488984, 811984998, 590373030, 195021835, 236089442, 915146458441162752, 407100682, 590447431, 76004817, 33889427, 3094450895, 19994279, 1145743176, 882227363882446849, 1055847781, 41655087, 12822592, 223467379, 2543204719, 33010039, 4823869408, 1171725471312220160, 770611353371471872, 449569260, 2343880777, 1156887598025117697, 2175758827, 61856928, 544456694, 18052902, 17367847, 2492938236, 1651183237, 564707828, 1148636649364041728, 1104747144618172416, 1152979708918865920, 1613557182, 16906629, 2692411447, 1095969169428877312, 171691486, 1093513073195970560, 4845643089, 1047844253148307457, 974341595087679488, 143766581, 773600426, 19655942, 234779175, 809033889226301440, 77537798, 3134500463, 18407369, 1516252148, 2413054651, 2892193745, 2830532193, 568254378, 393113341, 28347569, 355262662, 1080776843165396993, 300237314, 22164291, 1042793132889460738, 510260003, 895719043457351680, 17385420, 935721956, 2909359444, 241463855, 39271524, 835133634508115968, 14493277, 962993230680862720, 125072121, 532580241, 1006565308931428352, 203484589, 313260398, 505772682, 20188284, 1080988256680980481, 1101573658529751040, 347293780, 14931578, 1013618609749254144, 42573425, 19664397, 357835379, 410808681, 14051157, 1106243403849912320, 1427050226, 314689061, 1010147715563520001, 888723517, 47485643, 1097778113340157954, 814666065003380736, 904329555787337728, 378673110, 1101557482042912771, 46062289, 734106548952305665, 732114758976045056, 262358703, 18890431, 58150033, 46085637, 1037386368, 1093825679181914112, 1057226482265800704, 1093873050515357698, 226296257, 1090945926498275329, 24890687, 344679630, 22029516, 522320365, 41033627, 226319320, 17155437, 26466819, 998507994143973377, 866275848575492096, 3381775546, 843585710, 583426538, 61080629, 204050422, 954637792868425728, 1063454078422913025, 1058755738431041537, 310710038, 1052788936978849792, 2841140308, 921690170, 4104706948, 1052590134875607041, 96173395, 1021809494831943681, 468736346, 20475557, 18360602, 1076450954, 830653020, 775449386411233281, 1037096511920922624, 873100382645268480, 1029943539499757569, 1030400225268191232, 1027559807480410112, 21936273, 1023863235483783169, 2295267322, 835420970043260929, 2212522314, 20507551, 813670, 4860867244, 3719335042, 2256285811, 825919338, 758026802992451584, 248578545, 230995029, 783104265296293888, 998993976983212032, 2811420941, 25722970, 3420245487, 2294237630, 2472191965, 21085141, 567576672, 283821586, 1103249102, 312950368, 957197047374929920, 2908657299, 468784769, 786582322195730432, 937753914480451586, 179588234, 309645352, 46923988, 883223871649849344, 2609675551, 25033901, 868789075418914816, 174059081, 21583760, 13464642, 925664659964821504, 330509973, 27602350, 131796516, 903967568955768832, 359365695, 122413878, 17364101, 2990188226, 2353763244, 1575907856, 1457959933, 1579803554, 331833647, 55851729, 271240144, 158398899, 733618225, 923599843, 2723401796, 853623255483244544, 3177221716, 18780499, 15779252, 878280308231163905, 3185963142, 705731894466506752, 180106610, 3192099768, 4228503929, 736561094, 3817335323, 144553538, 824286947493507072, 824199344429604868, 104076242, 845521866609516544, 731842017022611456, 793179455590064128, 827548217168502789, 2427894373, 828285118376714240, 1900778562, 117765295, 130416101, 816988673283620866, 1641009001, 1555943929, 711555119536537600, 259268412, 1024260600, 3312317120, 731866572327948288, 1023148279, 1685260424, 3306005770, 257350398, 727875626330378240, 3194978659, 3313739228, 296337670, 2188196018, 2964567831, 3184989042, 149892752, 6175942, 472843602, 2827245262, 708812845, 462258271, 186513230, 312516210, 1227897726, 611702833, 19885248, 2149003266, 2477996498, 554480338, 1241689723, 2197897056, 823055030, 40470397, 1346591322, 1147534526, 19023752, 302568064, 1307630989, 18189064, 346533220 ]
"friends_count": 563
"friendIDs": [441927817, 2535846470, 1206789877393743872, 1304291203, 4053133335, 142701988, 78992903, 1226931531303849985, 1250845040, 4212430005, 2794791482, 877342452, 1003738332, 1040162628285485056, 1111667324, 110555904, 987985939334123521, 829676372574494720, 2175758827, 1364643937, 14341247, 121716400, 2902101569, 150468848, 1216772741891854336, 592956179, 20137622, 1104747144618172416, 1392297012, 954701321285832704, 3350485935, 20003157, 18667799, 1064553073383800833, 998906038249287680, 366655100, 957553135, 39079896, 2980229890, 478494506, 19066485, 76061257, 1566574105, 27383418, 247032280, 1195712626384351237, 1026160016, 1951362440, 85334998, 192502203, 222909271, 97830821, 1040332736383340545, 61856928, 16735106, 2839747995, 198894910, 915146458441162752, 711561625292169216, 82940370, 309645352, 1484202036, 341488984, 3849606124, 76004817, 78311924, 1171725471312220160, 1145743176, 786582322195730432, 882227363882446849, 1055847781, 41655087, 38069463, 319298272, 283821586, 33010039, 204050422, 18052902, 223467379, 12822592, 4823869408, 2543204719, 878512453117591552, 1152979708918865920, 1571170333, 18332190, 449569260, 1156887598025117697, 102707504, 6107422, 1108669488646508544, 204046113, 3288420304, 2343880777, 18578758, 1148636649364041728, 544456694, 531242290, 17367847, 2492938236, 8649062, 388250484, 489342437, 1045053256152616960, 1651183237, 564707828, 2692411447, 550266284, 18982136, 1093513073195970560, 4845643089, 1063454078422913025, 249231574, 937753914480451586, 893029843041955840, 3383602276, 6672032, 896111966, 4256277496, 2427894373, 42645420, 611901185, 1047844253148307457, 143766581, 14202961, 773600426, 476125176, 3817335323, 19655942, 2909359444, 809033889226301440, 3291476920, 314689061, 1227897726, 828933402, 2468247188, 3134500463, 231077077, 436503376, 2236712743, 195021835, 462258271, 980699146268151808, 32947390, 18407369, 55851729, 767386453, 2830532193, 149865539, 393113341, 29944725, 568254378, 1076450954, 17514290, 28347569, 300237314, 22164291, 111619549, 17220817, 21185158, 1042793132889460738, 895719043457351680, 1555943929, 20512075, 17385420, 4200844445, 203484589, 241463855, 1042836464495734785, 20042311, 554480338, 835133634508115968, 962993230680862720, 773982705776287747, 39271524, 745162255403094017, 166315614, 125072121, 23602600, 44350240, 90712779, 75562171, 40237477, 831079024315211776, 4844988683, 49985299, 216490547, 2248947000, 2512923067, 532580241, 21085141, 92957551, 1006565308931428352, 46062289, 734106548952305665, 2892193745, 907609741383389185, 2402102226, 226296257, 19392391, 1080988256680980481, 1101573658529751040, 20560976, 1013618609749254144, 219435822, 347293780, 42573425, 14051157, 410808681, 814666065003380736, 357835379, 16427348, 154565798, 2858660659, 2827421813, 2828116855, 1063014650718154752, 2548515295, 2831956616, 487721242, 18448883, 1052788936978849792, 974341595087679488, 47485643, 904329555787337728, 1101557482042912771, 923599843, 4104706948, 998507994143973377, 768035246025609216, 103656525, 2981257917, 568244376, 969271965046444032, 732114758976045056, 23187207, 262358703, 4860867244, 13464642, 558168709, 355262662, 19994279, 522320365, 785167692139560968, 378673110, 61080629, 133293523, 96173395, 39955659, 18890431, 3948260543, 46085637, 1252943029, 1090945926498275329, 171817537, 596367845, 2395299020, 24890687, 26466819, 36669751, 344679630, 41033627, 17185109, 2298197953, 749819624, 813670, 979290873149181952, 843585710, 3247481625, 994879128385007621, 1023863235483783169, 2836866187, 1613557182, 310710038, 2841776067, 2814339068, 2841140308, 20188284, 921690170, 1052590134875607041, 64836974, 2899149439, 935721956, 343257404, 1021809494831943681, 18360602, 20475557, 468736346, 775449386411233281, 37916167, 3341279607, 2675947616, 1037096511920922624, 739219177, 85306437, 6111302, 64610462, 2295267322, 3353111477, 3971645739, 14346031, 3719335042, 2256285811, 825919338, 758026802992451584, 811221000419479552, 10215212, 10967812, 216027858, 1056717649, 3314963469, 230995029, 783104265296293888, 2305650747, 2294237630, 2811420941, 46923988, 837641991575986176, 710050002387783680, 312950368, 1336089654, 957197047374929920, 149892752, 1118629298, 841289646, 19865149, 179588234, 903967568955768832, 279897851, 25033901, 174059081, 723817304, 21583760, 249096337, 330509973, 16281180, 52313293, 333138061, 587891252, 27602350, 131796516, 2495887544, 33468431, 359365695, 3278914006, 122413878, 4787181635, 36182463, 736184665732751360, 1931015144, 45951703, 92004949, 2338772605, 2353763244, 1457959933, 1579803554, 331833647, 2371243855, 733618225, 67702044, 75086932, 155997469, 3177221716, 853623255483244544, 349075180, 50642982, 65148101, 18780499, 3185963142, 878280308231163905, 47559603, 479614196, 17679977, 868789075418914816, 35338431, 563876753, 744850519513010179, 705731894466506752, 442677316, 20359563, 816988673283620866, 2390757062, 180106610, 2786731922, 854392801068556289, 736561094, 16044997, 51337330, 731866572327948288, 3192099768, 330887884, 104076242, 742657927186685952, 271240144, 1329841758, 824199344429604868, 824286947493507072, 2609675551, 1575907856, 1641009001, 827548217168502789, 3421854934, 14260960, 91193025, 47391648, 25690886, 2609956681, 1900778562, 130416101, 409486555, 813286, 788982234, 242359351, 289592724, 36083059, 86007840, 296824235, 330451032, 282508824, 2815238776, 3312317120, 1359748184, 505772682, 2217489038, 19691217, 471838678, 1495670845, 17137628, 1685260424, 3083002802, 590447431, 3306005770, 749255569651986432, 46342393, 19393236, 76963627, 361302333, 482285815, 257350398, 3315181600, 2826277704, 2429099333, 222922301, 25361491, 1911224863, 583426538, 727875626330378240, 3194978659, 606896587, 15851598, 1311957494, 36320714, 202849647, 226319320, 3420245487, 96423782, 67885086, 2865183347, 92390184, 18320607, 89396354, 4228503929, 134756696, 99978113, 45570321, 1391352907, 109823938, 2472191965, 56745793, 21473482, 2313746797, 3197316643, 506011903, 116429934, 2862841965, 135575035, 171496247, 10395692, 472843602, 2827245262, 3943871, 19204281, 1116215678, 186513230, 144553538, 20646711, 33933259, 248662107, 934609356, 124791614, 18187036, 312516210, 54213, 14493277, 611702833, 891941, 1602941575, 187493417, 630683483, 153755506, 1536296184, 29070322, 234017255, 90418311, 2477996498, 786764, 14474325, 17063830, 19965994, 341975809, 296337670, 1069103599, 2149003266, 579890155, 535756907, 43404267, 44632954, 370025051, 281418788, 273371355, 21802895, 1241689723, 40470397, 2197897056, 115623310, 19023752, 1147534526, 708812845, 5752672, 6344752, 5538662, 248803508, 17364101, 388291398, 20171302, 264083155, 1346591322, 38010785, 21662411, 276405241, 1103249102, 302568064, 18189064, 21744554, 23937508, 168426334, 334572066, 51023770, 1103364032, 22028935, 577995258, 34229972, 346533220, 495920545, 63463974, 20807595, 823055030, 335181321, 17682362, 1307630989, 20079982, 6175942, 19982092]
"statuses_count": 806
"date_followed": "2020-02-14"
"obtained_tweets": 805