"screen_name": "amybrierley"
"id": 58896584
"created_at": "2009-07-21 15:42:50"
"lang": "null"
"location": "Canada"
"time_zone": "null"
"url": "null"
"favourites_count": 63
"followers_count": 218
"followerIDs": [1227943591189925888, 1214609300343205890, 4851704002, 3367949573, 1181705755357011971, 953008208951554048, 3020131636, 1083113604105285633, 4867716789, 1181782300729774080, 1181723780546256896, 909449186034233344, 905142248723152898, 1178676618015002624, 61269208, 713025381616340992, 3529723935, 30713251, 1362415645, 954066288627933186, 822889570467540996, 855913630944165889, 1181216204209426433, 1181720700303953922, 72327648, 819488774, 1192919104518344705, 1181108145034268673, 1172981861259337733, 1169742769734193152, 2770206993, 209124972, 1169722537372241922, 20796001, 837790585679462400, 1172968150939426816, 410989009, 510705778, 2629127004, 38795841, 24518500, 893670979, 1534408424, 19983720, 178503957, 19607412, 1170399169380519936, 275486936, 109648343, 3449635162, 1008718532400615424, 2964674931, 4712209223, 329492495, 4108799055, 710589553833332736, 1948302643, 1167036366, 743913867374362624, 1909539590, 38446340, 3026579044, 1888045801, 356222043, 929799078, 3314686075, 4157054357, 3387696312, 1633903134, 919714903, 372105894, 1937550343, 229158335, 22302547, 609524157, 3025763038, 997968074, 3117203032, 177806962, 2573671028, 49422559, 1099068403, 473366973, 34044441, 70836647, 2223093404, 2596990117, 2772246430, 2799840559, 2743772132, 2615481324, 607602309, 885756859, 402905697, 551153783, 275331847, 2424973249, 92998082, 302618645, 321203343, 22501056, 16034244, 830134190, 870742980, 343598107, 33664921, 2315699540, 842832566, 478932007, 165530512, 486989316, 404491499, 31216462, 392311098, 372997237, 381770757, 364315301, 43607214, 191899198, 21655542, 1094306143, 23704254, 406762995, 1724067757, 1966101865, 18105024, 177206296, 2218425139, 770120263, 948406700, 28323146, 407892306, 555984144, 416362081, 34324583, 246655816, 1470632742, 1478875320, 1487747989, 17969359, 1222269762, 21459318, 1097608039, 17460706, 128004385, 242994305, 1563383905, 558748532, 1535435929, 240384838, 1135722960, 259076102, 631359215, 500249417, 836817570, 1191666822, 93001591, 298177382, 1421930646, 1042351393, 85639017, 143723226, 816209048, 29846682, 312975599, 46769824, 985175203, 151305231, 425897489, 458771049, 615810560, 405774284, 790261723, 414934573, 356418428, 42040523, 404996816, 281825374, 406411858, 456260169, 289188495, 175107101, 259068641, 526706232, 257957363, 59806582, 794436144, 284697656, 63876459, 283762533, 281596493, 239769175, 29014154, 270542617, 400158601, 352693609, 409438992, 400264901, 739593319, 848335658, 82198743, 430444279, 54795324, 444975327, 93744858, 418363203, 72469831, 114605944, 432230629, 519806811, 78031998, 278095682, 50488082, 38549491, 182238852, 173240099, 120594825, 44774342 ]
"friends_count": 596
"friendIDs": [818378671, 2965462744, 1313716909, 26059158, 125418460, 86622558, 626383760, 111030108, 905142248723152898, 4867716789, 909449186034233344, 2770206993, 61269208, 75065396, 800528195388743681, 3529723935, 3020131636, 822889570467540996, 954066288627933186, 1181216204209426433, 43443471, 953008208951554048, 855913630944165889, 953086183499882496, 1169742769734193152, 17138582, 23655688, 21896446, 3106885636, 14606079, 809525639934046211, 17868715, 1028745211218931714, 1364643937, 1056465866, 608207306, 72327648, 2253890418, 469182585, 2937436447, 38552069, 1006419421244678144, 37597963, 78614459, 250322598, 90450219, 1172981861259337733, 1169722537372241922, 1181705755357011971, 1589863063, 1135511039410352128, 209124972, 582805793, 882924782, 415995792, 2830980198, 17074831, 50371458, 837790585679462400, 1462567014, 3314686075, 70836647, 3387696312, 4157054357, 356222043, 1888045801, 1167036366, 2964674931, 3449635162, 24518500, 21626814, 239813954, 893670979, 1534408424, 19983720, 178503957, 38795841, 159504876, 19607412, 232326499, 28189649, 1170399169380519936, 275486936, 361635593, 109648343, 166756440, 47649073, 35502361, 1052254424658321408, 19020307, 403617743, 88944711, 330574021, 191975715, 15495778, 39977710, 273256194, 16753407, 255554825, 38226287, 241122100, 7272092, 113097731, 16470835, 205079066, 571585020, 3931220424, 1034832367, 2435336635, 71582690, 917806977471995905, 849477935455252481, 191915993, 3316356786, 747664074, 770827677515280384, 819488774, 39348382, 2347802588, 967066190395867137, 16621410, 2645572656, 21895325, 1155911141178118144, 4851704002, 1100770304849334273, 63556909, 1042380471383060481, 1496621737, 1028301079828684801, 608157368, 278307663, 143076370, 1280878166, 107071137, 2462041748, 2338374925, 12992772, 3179282478, 2809494591, 1131921365987155969, 760495146, 883171825882062848, 31218828, 1051878628416544769, 888094368514674689, 1389861637, 386900982, 21287838, 334947858, 133623952, 25008422, 59204394, 3015301394, 215917138, 3739759216, 1008718532400615424, 4712209223, 329492495, 4108799055, 44183142, 4329998356, 125181345, 598331179, 2278168603, 255747911, 619467873, 1633273298, 16408240, 739214344324448256, 2565576048, 19457075, 15792153, 1281519512, 577247747, 3300388593, 19617745, 69343363, 3405394001, 1014532460, 508238846, 415773647, 19456931, 1072270926, 593891991, 351251370, 179975476, 244446585, 700522204874694657, 6974622, 2788371516, 1517065436, 22182247, 284027194, 513585504, 2886900183, 24309334, 31336192, 18791520, 217504965, 929799078, 151140403, 228063872, 45951703, 87205530, 2919257502, 1472373984, 1909539590, 3026579044, 25663510, 165530512, 2315699540, 1633903134, 1948302643, 919714903, 372105894, 229158335, 182493733, 3375817641, 3025763038, 22302547, 262291943, 3117203032, 997968074, 2772246430, 177806962, 2573671028, 2596990117, 518672424, 254369839, 274785706, 455476895, 2799840559, 15866864, 1648426782, 1428140798, 123326795, 124459427, 800738275, 53184267, 901162760, 2743772132, 609524157, 2615481324, 271907424, 317170247, 2437305626, 373683618, 1311028831, 41099844, 74186967, 180887271, 36490075, 2502271520, 885756859, 607602309, 1099068403, 1580844686, 151916517, 25358734, 363997684, 28370071, 16220555, 473366973, 36949718, 275331847, 57394671, 19444027, 2527857985, 232757034, 402905697, 46710447, 202408152, 14479524, 589095512, 316579314, 105857764, 44345313, 551153783, 17745741, 18736221, 590192807, 15284719, 284618768, 49422559, 220839386, 150270263, 2223093404, 2223489614, 401818613, 231907632, 320268625, 263237216, 182050808, 329028675, 16334659, 28346473, 14660556, 16308920, 21213416, 28158298, 18999952, 25287690, 16534576, 19000033, 1077128293, 17659340, 38398099, 842832566, 404491499, 437950893, 48611819, 54413274, 43355844, 17881732, 259091882, 14260960, 830134190, 289998339, 244199832, 16044997, 14216661, 67719573, 25390350, 106789906, 1403093401, 24272786, 321203343, 533339918, 311133329, 126641811, 870742980, 52133305, 22501056, 15904669, 281099451, 263293901, 1881605401, 1674712915, 2400138246, 22019388, 37916121, 16034244, 2456825557, 1015647942, 27860681, 14159148, 27830610, 20596281, 97684666, 280616544, 859067167, 478932007, 1205282323, 54758004, 1321889246, 997800432, 34291077, 302618645, 25671509, 816209048, 381770757, 2218425139, 23704254, 177206296, 120594825, 1478875320, 1966101865, 128004385, 1222269762, 1097608039, 269517069, 1470632742, 609297782, 21655542, 19621171, 489911498, 425495114, 1462668937, 1487747989, 983890796, 1724067757, 31873175, 28323146, 191899198, 179998725, 364315301, 426691020, 256770786, 372997237, 416362081, 555984144, 43200260, 346560733, 177071986, 1563383905, 17460706, 735172860, 1379818740, 1535435929, 486989316, 240384838, 166206497, 1135722960, 24197171, 242994305, 259076102, 21459318, 177030230, 246655816, 500249417, 481481910, 102187929, 27804980, 85596915, 23616725, 22028245, 43607214, 94214332, 85209127, 127522432, 175031768, 212597038, 27998115, 155605762, 19910456, 71035491, 19723438, 836817570, 201355011, 96639075, 26917885, 219506369, 18105024, 17969359, 233085879, 251406259, 1060977936, 101042131, 146198816, 42702616, 137410555, 16311530, 193725962, 70750793, 102888205, 164105561, 558748532, 84321709, 193366087, 92998082, 225556458, 184961818, 267251469, 355783599, 343598107, 93001591, 135108060, 14289221, 8736882, 389750830, 18177126, 14269008, 1191666822, 1042351393, 6433472, 465773266, 246612992, 389584006, 143723226, 85639017, 69637223, 34324583, 770120263, 631359215, 18625021, 74420498, 605147669, 31216462, 743358978, 422308780, 274684271, 29846682, 344664817, 285741234, 948406700, 805268304, 85382022, 312975599, 46769824, 19038934, 38446340, 166739404, 406762995, 38000097, 985175203, 921759169, 179289531, 228855890, 577371818, 33902150, 18731741, 34044441, 552301569, 462314684, 151305231, 18159470, 395531995, 44774342, 182238852, 27270481, 82198743, 739593319, 400158601, 281596493, 63876459, 790261723, 405774284, 615810560, 458771049, 269537775, 14955620, 1332293006, 234021081, 794436144, 414934573, 425897489, 394775343, 221621039, 102502051, 183114838, 386124476, 284697656, 298177382, 42545128, 625111917, 42379966, 283762533, 323425345, 175107101, 428500490, 356418428, 42040523, 281825374, 52758038, 190033654, 257957363, 259068641, 526706232, 456260169, 392311098, 409438992, 59806582, 281483752, 270542617, 239769175, 289188495, 1094306143, 406411858, 21116266, 404996816, 407892306, 352693609, 400264901, 848335658, 430444279, 490387948, 50488082, 444975327, 576383157, 294985086, 29014154, 71684240, 72469831, 14419395, 425475313, 149121110, 252211598, 278095682, 93744858, 418363203, 54795324, 432230629, 114605944, 519806811, 173240099, 279257625, 66888696, 41609690, 31593155, 30713251, 34097876, 38549491, 78031998, 65832162, 65401179]
"statuses_count": 205
"date_followed": "2020-02-14"
"obtained_tweets": 202