"screen_name": "cait_shortell"
"id": 926947262017572864
"created_at": "2017-11-04 19:00:23"
"lang": "null"
"location": "Alaska"
"time_zone": "null"
"url": "https://t.co/8luJzZpYty"
"favourites_count": 1845
"followers_count": 128
"followerIDs": [1228219934699737089, 362316481, 972852409885052928, 947670012063506432, 1224121043171700736, 772806841, 1211434933375291394, 1123628771876073472, 88150952, 411930807, 855170975641370624, 12755092, 1176641477537124353, 21268986, 56229650, 783579356, 17149233, 1099504371727925254, 1008392491110764544, 865366176, 16921129, 16117130, 14414761, 2317945615, 4075649599, 27792676, 1078106478, 326436778, 1194784618534207488, 570248641, 784243822590951424, 464192341, 3784374014, 733196642, 3299800560, 1148838731144523776, 238890918, 18070613, 19817448, 1196524987336642560, 1096485617960136706, 3960461968, 32820396, 1581466506, 1188686999131058176, 1174446676678860800, 913827721, 23262404, 1170403445276233729, 356402800, 1092608884395700225, 870145207421030400, 154810813, 983335949395550208, 68206887, 1630473181, 1145742640190803968, 85326020, 1133975402752270337, 1137989574875987969, 750255404, 1051770919, 3075657818, 404296919, 17240405, 3145737860, 1115784079, 2966060626, 3036579790, 896362111827312643, 2409269164, 29407886, 216949253, 1104164874056163328, 18785009, 3382620252, 3249495786, 898758921170567168, 423171765, 824157980740489222, 722971766054785028, 1091094287217901568, 604117870, 191035998, 839026958524637184, 900159290341638144, 1557652106, 1052744729111101440, 1141471404316958720, 4431084021, 16714065, 963056676076183552, 69703460, 1111138228076109825, 1014819282226728963, 32684002, 22583583, 2430972396, 3004295129, 20269254, 25935803, 3044482859, 1039577605064675329, 224825576, 45335298, 216791463, 75216838, 827786250312577024, 2281069320, 2732304115, 2845585761, 1003856610307928064, 874173102552301568, 968185130060828672, 162005489, 241230333, 41537675, 900071203729178624, 36571263, 839543318321123328, 487331999, 542886281, 109155876, 3288621453, 892404543027367938, 922139907233140742, 1138559556, 4216566917 ]
"friends_count": 412
"friendIDs": [16289896, 362316481, 213770488, 47475039, 21382911, 2155641480, 137466464, 153797970, 346170563, 309261460, 772806841, 1364643937, 16937785, 1095929690030628864, 3040748182, 14606079, 2311193425, 276688330, 127091266, 21753847, 954179700661936128, 411930807, 2601860148, 15726926, 273700859, 15019821, 2896327913, 135998621, 17179368, 72198806, 289342771, 9463132, 26065886, 21268986, 920632309367410689, 1003838758221991936, 312263946, 18790136, 11465442, 13837912, 250011633, 115116666, 783579356, 902931671749713921, 132725939, 51542338, 2597125730, 1194784618534207488, 3223426134, 897505907914846209, 18956212, 437019753, 1017119179449643008, 1174446676678860800, 71140197, 1581466506, 1145742640190803968, 1529722572, 2807103602, 1355624664, 983073284, 1629732672, 2253654474, 356402800, 2566071583, 3960461968, 16170115, 21348967, 972852409885052928, 24438725, 255812611, 4862697011, 1111159822211137536, 1703305712, 18061669, 1117668108888616961, 34792486, 81965252, 289548939, 29501253, 3060555176, 3429868503, 314091789, 742760432218279936, 745024655099105280, 4602229942, 15976705, 594175899, 30354991, 14321959, 1006419421244678144, 1092608884395700225, 54435849, 68206887, 979039564009484288, 45656559, 877625635543240704, 136786360, 1630473181, 16314021, 215588549, 825243374, 208540102, 16490790, 21669123, 2639853499, 38526545, 983335949395550208, 262171901, 352165726, 22789782, 348323722, 123320090, 1187552070, 1026903528932040704, 83215242, 19788386, 357606935, 110442118, 432134884, 44491318, 25953115, 2818018211, 118747545, 749245014895693824, 750255404, 988922900777488384, 1012177343916331008, 1051770919, 6940262, 3075657818, 899102012, 1143349417, 1044241, 17240405, 88215673, 1115784079, 3145737860, 22769843, 19119809, 561516853, 340613443, 2603390468, 922337204310982656, 1485600931, 1090788559471005696, 54239985, 350457031, 2915250714, 259863564, 970881943, 287993271, 896362111827312643, 803694179079458816, 1112145766405955584, 1085685173465669633, 54731136, 232602648, 1465216428, 2243116610, 2300407633, 2966060626, 957095557935325185, 603805849, 7782962, 743489510479040512, 102807848, 18651145, 138168339, 1337271, 193121884, 4919309414, 564511791, 15249499, 3081856324, 87371781, 2409269164, 42707337, 1167735445, 36261242, 1152934812417712128, 14154231, 1104164874056163328, 784575415457308672, 53752585, 3382620252, 19817448, 58399764, 216949253, 18785009, 1340946278, 3249495786, 1454729862, 1014819282226728963, 1111138228076109825, 191035998, 423171765, 898758921170567168, 824157980740489222, 722971766054785028, 36163004, 253377135, 164677252, 14065981, 12755092, 17149233, 14749977, 18963990, 24854688, 1091094287217901568, 570248641, 604117870, 14619527, 626788572, 900159290341638144, 16660631, 19737940, 2984719740, 601365175, 324097879, 733196642, 2317945615, 20820517, 39159473, 67745136, 10454572, 194245430, 129284092, 404024263, 80291715, 2444144143, 198848442, 238519301, 18771458, 2826049381, 16714065, 260148853, 882241708137869316, 963056676076183552, 278617398, 1372710282, 12096202, 69703460, 386218654, 32684002, 18686907, 834081571493785600, 61734492, 225265639, 22583583, 839026958524637184, 49866984, 2430972396, 2172161252, 334792968, 1056563466, 888768183443742720, 31351370, 43138512, 32775800, 765947122504130564, 3004295129, 90445637, 1483064670, 15676413, 14118948, 163154809, 15956067, 22567180, 5763262, 17768442, 589939802, 162005489, 968185130060828672, 874173102552301568, 1003856610307928064, 75216838, 3044482859, 393203849, 449433373, 19844880, 25935803, 293048332, 16049481, 18698517, 2713080925, 2395484786, 21148783, 1861845204, 843053708, 339791868, 1106501, 1004091687541661696, 244787462, 16378093, 13493302, 30000912, 19086859, 183300976, 83462293, 4091551984, 39155029, 527071710, 723956578492129280, 21879831, 761263128197926912, 785461610, 123322294, 218975278, 80350340, 43532023, 45607805, 470708968, 57039392, 43300047, 956163518, 4099171, 93069110, 92186819, 169198625, 15808765, 122728088, 906213869042917377, 156669306, 16894479, 57432343, 353172123, 16967845, 273952805, 138906158, 947924373029171200, 968222751755350016, 308139999, 2922928743, 15022464, 1389883381, 17094311, 27052147, 304612846, 2732304115, 2845585761, 13393052, 523509739, 932427704, 3148336872, 437235053, 18246638, 740698976, 193900255, 436158763, 912396094423879680, 385215052, 41537675, 802646542779813889, 69934247, 492593300, 26203847, 184720652, 89560236, 2754340124, 1061199470, 36571263, 3038333203, 1666272271, 241230333, 15634728, 4559358021, 81702177, 436050901, 20269254, 3303426652, 839543318321123328, 759911142, 75430270, 22891564, 166430083, 73015124, 216791463, 19608297, 915674525739753473, 542886281, 25598396, 109155876, 770426549665341440, 42691888, 18229081, 20800328, 48428463, 28161405, 49986034, 17011177, 757303975, 18745020, 892404543027367938, 214622133, 46822887, 16228479, 1020058453, 8196592, 146274787, 15952856, 26576457, 19028615, 8236062, 254496233, 1138559556, 26687148, 253306038, 999470034, 17057271, 5225991, 1339835893]
"statuses_count": 993
"date_followed": "2020-02-14"
"obtained_tweets": 977