"screen_name": "danicavidotto"
"id": 2785372571
"created_at": "2014-09-26 08:59:05"
"lang": "null"
"location": "Toronto"
"time_zone": "null"
"url": "null"
"favourites_count": 301
"followers_count": 262
"followerIDs": [757468379133333505, 157888796, 419529767, 1951822339, 2334346969, 36984672, 176665296, 955938746737799168, 913141727007006722, 2493321450, 1732554330, 17557961, 135580263, 826246240622874624, 176294000, 16142189, 3701569283, 1635681368, 3324797362, 1197609676231389190, 948255698, 3048238067, 1032540328333533184, 834656696, 1002496195313352705, 448085279, 884939737, 1071579278620405760, 1244786665, 545698827, 369711060, 1144855319476146176, 1143651517406359553, 10748252, 314579738, 2690983873, 859610573213978624, 2686616682, 1048971791828312067, 948577425457283072, 745259488752566272, 1016160163840057344, 769531582143082496, 18592721, 477411312, 4051118260, 44098012, 22554511, 3317882423, 62616736, 186929247, 999322337039155200, 2157338174, 329395110, 996816900230348802, 463866399, 1099264081, 920440107005632513, 989124015200636928, 259545271, 699226525200203780, 792725004475633664, 777911848133861376, 780495561308905472, 41643161, 4865146065, 915287057790001152, 909860717049909248, 912310324858155008, 2891192991, 372339405, 775661815103533056, 828624879096324096, 824840780623781888, 247003627, 837149378317996033, 513606285, 18021810, 1973850103, 54795324, 841179881580838912, 4775509838, 844227565950767105, 821902726787465216, 3245350718, 178934263, 35642163, 42602780, 500260083, 2887570749, 2975281199, 753839310722314240, 3147786084, 782678071937601536, 92582687, 2493422486, 1844948472, 758744588785889288, 2916515863, 613754075, 2910811823, 926855916, 739855229529772032, 1730838403, 167349290, 4670341512, 1670086178, 1551660792, 2187451484, 1144107457, 2165139162, 709103265665912832, 9158962, 253723256, 2842934642, 72659205, 535629879, 626768616, 715359945823285248, 2368736429, 322747011, 808387, 43532243, 2525009036, 77254498, 366074736, 50422757, 2222702760, 1695219032, 4799320650, 4836113337, 4645216820, 1427986374, 576444239, 4024703062, 97709361, 2916002972, 2904430816, 1561801454, 1169343560, 4474751173, 3335474890, 23396329, 4108343495, 3856581615, 1689061916, 355483562, 1691878068, 3584633117, 495519949, 1735327812, 2896841402, 3988438725, 480897332, 118952409, 891377682, 117559636, 3192016337, 2812210631, 7806602, 37935496, 1427706362, 721646294, 2792610998, 897674954, 2279726869, 1388357316, 2502694383, 1223320129, 219428181, 82546008, 1570845210, 1348401625, 434499727, 2874460857, 2586951523, 3044746959, 114758196, 247354615, 2750314802, 353487515, 2413036993, 1654140476, 3069092181, 1960789190, 3343248499, 3040003668, 1095832284, 988955196, 23326769, 930612643, 57811675, 433955907, 180130665, 3163571610, 297721150, 368570519, 383010267, 209303997, 216039926, 2888788673, 56783098, 3035374889, 1955164278, 2353441022, 2378003216, 3289364178, 1666451539, 1121066376, 2766304226, 1120732614, 457825380, 22826893, 466025333, 3236551596, 2951493438, 3000659028, 163949602, 1669415892, 2191341498, 249808832, 600961612, 24306537, 203543496, 16215849, 3132068697, 2951451681, 2674992786, 1310220722, 2829903564, 2794693202, 2562319350, 2876071755, 210684204, 1265578735, 140066899, 476186551, 30608822, 869546744, 1968171258, 335667311, 2874148960, 2189126438, 2824015025, 211408772, 55373712, 2907050680, 15705257, 2395919755, 2881735413, 2938986038, 175384895, 17467699, 64440788, 198453240, 96794873, 2342336550, 260369179, 78068854, 154278323, 1221085608, 2762057050 ]
"friends_count": 1251
"friendIDs": [934197850971430913, 1849499526, 80573817, 1228115046, 716432228, 1201511517482553344, 878302430013919232, 2809959174, 1121108762327121924, 177177601, 27384718, 811350, 908037703773679617, 467134149, 554805685, 1364643937, 335916599, 26257166, 45055696, 1128797682640621569, 1219386765083062272, 85603854, 44409004, 885953601067208705, 4528758886, 2280806912, 905059567, 176665296, 1043128113624965120, 36065127, 775661815103533056, 17461978, 1081599838129655808, 1072633093637500928, 955938746737799168, 789484924906508288, 1135746098612580352, 1221270776797679616, 57333521, 2493321450, 335478080, 1421526697, 379448995, 73179368, 274721321, 24121620, 64024324, 251332947, 27649623, 35586563, 3033098871, 36623013, 4780508388, 2887091908, 981236929, 136356564, 392503731, 1100443103524212736, 34287278, 4870035299, 105707045, 91205401, 55557629, 626696755, 17557961, 339798950, 1044674111467909121, 1732554330, 1062778436266180608, 36984672, 135580263, 243939268, 955185752131878912, 168303138, 862674332618809346, 357126037, 374323852, 826246240622874624, 259752428, 4871998253, 3046890883, 2249745696, 1466663892, 15764644, 818910970567344128, 813286, 375229583, 23129504, 420380825, 931651911425675267, 792529619832406016, 947321471122247681, 278215271, 834153746942873605, 938963954034008064, 3324797362, 1635681368, 2335959656, 336124836, 1022827371429277698, 1276123381, 703596972, 2456684617, 948255698, 3048238067, 1691878068, 2689032722, 609255261, 834656696, 171158110, 181776516, 720469625381761024, 2617234889, 54647898, 798709361115824128, 442849985, 1002496195313352705, 222161827, 448085279, 716080070272491520, 2860916325, 3066032020, 391116387, 902019073218891776, 786205957751734272, 786102808055517184, 55914507, 990630359233695744, 919058512914866176, 904843465602854912, 897589150664273920, 2493233202, 921680064, 2204024930, 2714950442, 884939737, 373490973, 3001546339, 2347383703, 176294000, 435351626, 481446731, 545698827, 3528899061, 1071579278620405760, 59393063, 3375985333, 3540197360, 744519207489015808, 1631271254, 872396510872338432, 2861643924, 4442309800, 3603073769, 703677974403538948, 799855230774976512, 3042499743, 240770106, 942550386, 2219913234, 964492429, 2766291884, 835889566108176389, 1586356008, 3009206428, 210641277, 3698712316, 250449382, 419529767, 4759767578, 19771744, 122130797, 293034396, 190589939, 217604529, 1219684128, 369711060, 35391464, 2752812749, 730623751, 80480330, 14571755, 2911095315, 22190567, 747398809, 21889069, 25065495, 49519447, 1646199937, 1016663907686125569, 17159397, 2254460695, 2655437353, 1628776303, 475117539, 1155577872, 1228176728, 887403272, 91189330, 2285614621, 3379443423, 221961841, 38504554, 2157338174, 3248155700, 79685445, 1121066376, 29964546, 104789522, 28197197, 4051118260, 17826187, 477411312, 743250728, 1844948472, 821902726787465216, 302085949, 111476901, 1513476427, 22554511, 1134711865, 44098012, 2467375104, 6859152, 62616736, 2349952005, 186929247, 2544834393, 14800270, 14378113, 1059273780, 3010731441, 15734898, 3317882423, 47456965, 67217568, 1099444388, 2269892982, 138203134, 571102278, 194811867, 3343248499, 397085898, 865713915854020608, 920440107005632513, 996816900230348802, 768483476949590016, 287203021, 1099264081, 821001688555388930, 288993600, 123958885, 352528813, 997520847605657601, 2548080050, 63181324, 93267922, 125542750, 121818950, 2433526788, 16486901, 23102795, 633, 374557925, 3653472373, 83529162, 166268737, 300990304, 326811204, 792725004475633664, 249284615, 204359680, 104366652, 16254381, 46862339, 18062123, 594946564, 44977883, 828624879096324096, 3593254395, 909860717049909248, 247003627, 836977332304941056, 1387975466, 52167966, 381869070, 2777312916, 632610675, 3243487494, 708040575329640449, 463866399, 824840780623781888, 837149378317996033, 3050427578, 838254949901324288, 780543521962930176, 2413036993, 797192322329022464, 4865146065, 34897894, 825200087433408513, 828061609809571841, 22999338, 834079743200915457, 227190675, 3062396721, 1726272698, 78291819, 513606285, 102733814, 18021810, 29470595, 37980467, 1062294222, 395450236, 33989397, 264223031, 236130935, 2411500656, 25337475, 2313817728, 112606600, 272995696, 1973850103, 3163571610, 41020872, 29655018, 4132841, 739293, 405934003, 541267293, 579869044, 1628576971, 64798980, 48459694, 3069778326, 96589894, 54795324, 408967377, 4176182954, 2927187731, 3245350718, 1732093759, 150078976, 2887570749, 753839310722314240, 3147786084, 782678071937601536, 254594871, 15987295, 231080032, 36275767, 37773780, 19955768, 233504252, 81981119, 136298878, 199716019, 26626013, 199401002, 20192807, 293686599, 20482500, 40875146, 96203669, 36971104, 261846721, 92582687, 29718653, 198476009, 38481225, 900171864, 337196687, 16134692, 462128369, 67109130, 143526837, 206200847, 2979281391, 2835314381, 124202983, 37656357, 56389444, 155551280, 139959617, 82933637, 57709461, 19429847, 234306659, 112019586, 758744588785889288, 88703900, 83855918, 45112524, 21007030, 48137317, 234865198, 621370768, 68462484, 19557220, 381358786, 1117836660, 22548403, 18055737, 3241779670, 15256225, 82356706, 2792461836, 738979375807356928, 89760824, 1670086178, 19058681, 79293791, 14230524, 27260086, 23375688, 18091904, 274119641, 492399548, 6427882, 443215941, 256573865, 166739404, 88749392, 66561957, 31080039, 18625669, 29442313, 818876014390603776, 1093090866, 1330457336, 216776631, 1339835893, 550959743, 2994853651, 1582449792, 539938504, 123575972, 2690983873, 4836113337, 28725269, 31204302, 17293388, 32502111, 735879697452564480, 2842934642, 72659205, 250330439, 1942679311, 780104972, 255049286, 721045335636779009, 16348549, 17899109, 22872308, 596893898, 35943, 15966903, 77047255, 456835924, 626768616, 119068103, 143266075, 18773470, 115512512, 565423850, 230798266, 703925900191014913, 237358608, 74615338, 2439326930, 51103278, 153752612, 2382245899, 179551512, 74165112, 91350542, 860024580, 396314653, 1349941, 454308634, 178934263, 14177893, 385887386, 2525009036, 88838202, 92063336, 534658526, 77254498, 4159951034, 16740131, 17869040, 808387, 415773647, 253195763, 819990036, 2975281199, 4885467372, 215839962, 43532243, 50684256, 1695219032, 269897738, 2864836755, 2902901, 210568127, 42090423, 39564949, 97709361, 43162741, 150678439, 139793394, 2904430816, 2916002972, 1561801454, 62929356, 20115283, 3317142750, 16679529, 506800962, 23396329, 2506630505, 5402612, 612473, 1652541, 18424289, 4970411, 76067316, 1689061916, 355483562, 2360202764, 2603080159, 38146999, 3584633117, 340382651, 1006110294, 2325839977, 2617471956, 495519949, 1060751816, 983562338, 16034244, 154221292, 338750855, 181021916, 126098392, 891377682, 118952409, 480897332, 19850521, 28144958, 22013236, 101850246, 3192016337, 8736882, 384648689, 1852757365, 14744074, 259863959, 2407934034, 376740606, 491467851, 16311530, 249700990, 22804685, 40054452, 18725804, 16044177, 6727802, 263195972, 3556068672, 18965790, 20059181, 19714882, 117559636, 721646294, 2792610998, 1020482808, 897674954, 867016915, 479140286, 2279726869, 231176302, 223638132, 210326082, 259403751, 254187582, 254218142, 41468683, 1388357316, 347502933, 242727646, 782435244, 1223320129, 37935496, 434473243, 2502694383, 608276189, 2812210631, 82546008, 1956831475, 153925839, 219428181, 7806602, 1596851928, 23236909, 2227318080, 1570845210, 3306096640, 109046256, 502389092, 3235211881, 3386272337, 274793711, 373683618, 190817371, 74186967, 188007231, 28370071, 16220555, 16397147, 363997684, 7401202, 14260960, 1051676052, 41643161, 390827278, 172352150, 42602780, 132359339, 180586963, 272561168, 2359974810, 3253934116, 3044746959, 21827584, 94191559, 67700256, 172779883, 2072571, 1170280729, 9696142, 102239304, 214027732, 10875712, 247354615, 18999683, 122439256, 3003605247, 1960789190, 434499727, 2761349024, 338538124, 1169343560, 2171504722, 1379487162, 2353441022, 40140191, 136031812, 120129298, 9420322, 220273458, 409298224, 50393960, 2325756534, 41817575, 622073964, 567440660, 424277262, 482347578, 2816457460, 161580500, 2899553795, 3051628075, 240824628, 2507761135, 1348401625, 114758196, 1547299026, 353487515, 42686735, 3069092181, 9158962, 46003622, 14361155, 16153562, 221519496, 575613871, 23326769, 2774062997, 14700316, 69231187, 14159148, 3108351, 742143, 47624589, 18368680, 581925271, 988955196, 1095832284, 633793223, 300673610, 3128251512, 180130665, 1729635421, 16454027, 143107774, 184620925, 475265360, 529597969, 109079118, 195610992, 3092785648, 3312721296, 930612643, 546138317, 158848980, 38443866, 1022283067, 22812431, 861434797, 3301107989, 2425741663, 454010377, 1331476375, 368570519, 383010267, 3035374889, 140066899, 209303997, 216039926, 182414162, 48436234, 318571154, 468741166, 2692814582, 24298809, 212233700, 769670083, 56783098, 103082873, 3289364178, 1955164278, 444024772, 593188821, 278627114, 23796987, 2378003216, 1666451539, 124335068, 133880286, 84321709, 227313813, 2742353443, 2432122666, 1951822339, 25718035, 2766304226, 466025333, 109376875, 1668011988, 1329923161, 1719218012, 189529805, 1691992976, 2751115087, 106539218, 239844765, 2990437283, 22826893, 1120732614, 457825380, 95776652, 257596990, 20015311, 85323004, 242482934, 829270387, 479115067, 419925054, 27314804, 848308117, 65759996, 1352903941, 92116005, 2573467692, 20434358, 977237784, 99609811, 16142189, 267521114, 360258647, 2239627250, 405728790, 822215673812119553, 30313925, 822215679726100480, 1536791610, 2901088677, 341843658, 1665531, 35415477, 337886919, 179248364, 50501959, 456354916, 2191341498, 114873334, 271051673, 299421722, 18130631, 1669415892, 313680864, 1020257364, 21773756, 484913146, 1063252986, 403488788, 14971804, 249808832, 37978524, 19024826, 76016535, 577311872, 260796471, 374732719, 600961612, 132611492, 1288870825, 18411007, 23774837, 203543496, 16215849, 104201057, 24919888, 91478624, 18789843, 93714983, 18164420, 43166813, 351640699, 109571377, 351621695, 40683302, 2674992786, 114833112, 467124072, 2833045789, 23261858, 33933259, 14499829, 20061523, 28177380, 66496796, 478750126, 78402349, 213410837, 19517012, 92816915, 98963477, 193406023, 17902331, 158396623, 64470344, 2835276183, 15066876, 2361842682, 1265578735, 232442415, 216356915, 23692100, 15751851, 177200507, 22028245, 505829957, 133069590, 2687940091, 1310220722, 70803290, 274339841, 46117888, 2218160672, 308478399, 2885154340, 14174766, 39410413, 377446227, 476186551, 17919972, 21447363, 550218542, 72516652, 267960788, 46675187, 276809836, 701267743, 115485051, 49939257, 34530372, 193977630, 221452291, 55017297, 316600022, 59949396, 226216800, 46997869, 186561736, 42946519, 70793917, 121022254, 52152883, 44674447, 211626457, 224366483, 227087756, 507423606, 2474435522, 515786128, 292629952, 193725962, 759251, 2924212616, 2189126438, 25877131, 2874148960, 15224867, 619314325, 140934212, 1908682824, 2909654028, 2411877019, 256633913, 25610070, 336441184, 72764279, 376499821, 1293554478, 2824015025, 213951683, 335667311, 55373712, 399535962, 250734775, 23447839, 21338827, 289998339, 362794862, 2467791, 43355844, 938318204, 321036742, 602222920, 37910288, 25106021, 130831912, 21408400, 877591374, 27970347, 246532728, 2450266270, 2433584648, 150381198, 78892811, 117096415, 27250191, 208585210, 20702724, 245582617, 36684314, 17385685, 16833168, 71536696, 1434337280, 19053408, 102124782, 44781185, 55323056, 15430849, 16685639, 15860542, 54904679, 18745857, 85433682, 2459609448, 33618667, 833770183, 1883456130, 15705257, 544473152, 2368736429, 23084800, 523101318, 988031107, 397355863, 195894415, 67504379, 567295576, 402152426, 113292385, 19106719, 22919665, 50422757, 456262527, 35767765, 73385074, 14294699, 18776647, 821814254, 184866881, 22930902, 372013982, 1279208088, 2800967856, 20181545, 14511951, 5988062, 14677919, 35773039, 5392522, 87818409, 18036441, 33578432, 14369901, 180327352, 2301691662, 180000404, 55361966, 463933187, 16295454, 17393196, 20264905, 1877831, 807095, 41144996, 7313362, 55594930, 18139461, 73406718, 621563, 382177545, 132240374, 26528121, 116502194, 203123011, 24000965, 36490075, 16044997, 14216661, 17684375, 13896552, 26863568, 46696817, 15492359, 35821820, 117263440, 282721023, 1465509726, 14342018, 860741504, 1151771586, 59782049, 226547857, 130218281, 1562077039, 48397820, 372346894, 89371866, 431665859, 54256519, 318201785, 175384895, 59520797, 31526381, 253723256, 23876843, 111630645, 74836761, 222182308, 20817523, 40918282, 64440788, 16659921, 7400692, 32429017, 16434613, 21123853, 106156772, 31740029, 42687179, 19694011, 61784060, 190205062, 468475583, 222136229, 377711413, 348633124, 18027237, 36695839, 244211904, 19513103, 18597602, 179555829, 15145732, 25319770, 17467699, 34144956, 913135650, 22057968, 26585095, 14955353, 14526582, 78068854, 96794873, 2205519133, 198453240, 2562319350, 408702892, 67403876, 214145204, 378088817, 2342336550, 42807569, 743471082, 47705588, 257311139, 16124415, 36111903, 27660239, 126670849, 52422878, 225539878, 33058370, 254611729, 261019477, 264575958, 243215480, 539825082, 21338412, 264503377, 94005676, 335013569, 514390681, 21870081, 132589520, 472511075, 14680530, 48789384, 76682652, 35348026, 743538714, 365822838, 163949602, 1562322727, 325585102, 113971908, 2757854599, 102448827, 2196583399, 36375825, 285196322, 464199873, 2797163910, 260369179, 385080884, 1732723326, 1223101, 154278323, 123372260, 335113722, 160610135, 163616150, 289621063, 17549256, 381648405, 27941496, 210896263, 195724556, 916053578, 16689804, 90778418, 1713526922, 1564018332, 1852884619, 10228272, 242828495, 130177606, 2205705456, 867991514, 1092285806, 150988404, 102174041, 399335627, 50016818, 15687962, 18815810, 14871080, 86330674, 757692338, 63262953, 136426049, 59604142, 295325513, 17815836, 92287129, 22520465, 19031819, 35863655, 86613184, 17790667, 437176698, 118456427, 25665978, 62513246, 58545637, 772471, 43438691, 19896565, 289969718, 393621632, 277071665, 16435797, 1126143913, 321029318, 186154646, 15473958, 248965136, 19722699, 11348282, 627799297, 19658826, 29996369, 18481429, 266020924, 17088779, 15487499, 223714130, 19005152, 43192807, 67418441, 36947388, 286892803, 14452313, 201760049, 24364743, 214097334, 480134475, 472811690, 420362606, 388424709, 43384404, 17869039]
"statuses_count": 1107
"date_followed": "2020-02-14"
"obtained_tweets": 1103