"screen_name": "DesRochersJake"
"id": 932870638091595776
"created_at": "2017-11-21 02:17:46"
"lang": "null"
"location": "Ontario, Canada"
"time_zone": "null"
"url": "null"
"favourites_count": 5293
"followers_count": 186
"followerIDs": [61638283, 1228364239657734145, 348633124, 125196441, 3129903491, 926833063903891456, 108270227, 1198600362220912640, 2840844469, 1001919482590351372, 1214981670887153666, 984393370964389888, 28115444, 223020647, 873650965307641858, 1211706674664235008, 1124682263759704064, 1126596138663125012, 745591518, 1031006927646384128, 1140602901569650691, 930479718, 2390316666, 1114190227344695296, 837041658088804353, 160278135, 475426598, 25004165, 973539382610288640, 20124008, 1202424511024504832, 2338923949, 43398776, 1148722895440363520, 160761617, 2588824808, 3838444514, 1197333623420182528, 835164053051961344, 304880098, 1186377703466950658, 1358703751, 286482595, 1460704644, 701944493327720448, 31250657, 16337088, 963411644062855168, 2984833964, 1175271600549171200, 775349723435859968, 958754734986297344, 2801200079, 1003308293933207552, 1170805487761154048, 1174222684420485120, 86160648, 335916599, 488075168, 1118151141014081536, 2612599501, 132201949, 973603232, 1044065322284789761, 1020824628774621184, 1062790707432357888, 3153264724, 1514382895, 453632692, 723879295, 740566101843677185, 1033572519180226561, 1123063223182405634, 27797158, 85121868, 1090964877584171009, 1159741564110819328, 194186118, 785089878, 2762218177, 1976285354, 3000138712, 34072208, 2469818490, 3065380111, 989311410600542210, 135509782, 1007910588, 2607059392, 24068873, 18039335, 1142520574301880322, 2282494525, 913589400, 2442785582, 200582724, 2432064684, 103424466, 3252422448, 760222991921717248, 829358225497661442, 3006683117, 809765593, 774704791746412544, 18230352, 221519496, 488711274, 92858799, 1064551015918247936, 21773756, 1076955074172198912, 476442303, 1103811044387024896, 27300321, 28260713, 282077554, 837466875437043712, 2358929910, 2889567694, 67037243, 16732525, 562412557, 2579466577, 861993719934976004, 964914718228889600, 137794544, 1087797393897213954, 826446729713217537, 426622949, 1073606749775630337, 1073577257891958785, 1039170371226877953, 1023359186451746816, 1062451445428051968, 811933008802574336, 247081168, 1033213790341328897, 882976832924135424, 67369006, 1038233972910616577, 977953225251864576, 1048002088914042883, 1048018880382291969, 1478902082, 1009493611078184960, 305804052, 252109679, 1020011683362766848, 126807264, 1003775829594263552, 1003982985618690048, 1016745465340223493, 25031052, 1011050626636238849, 768361992, 248037857, 124294763, 976198257847296000, 2971751801, 2690983873, 2929091383, 33107559, 24102338, 20286373, 16976865, 3299611241, 456290993, 910213038677954561, 1653784987, 4903707208, 2785744679, 3147772223, 294980090, 172173111, 619606547, 3620455520, 4257905326, 1058823794, 37373131, 2790229616, 953573915791708160, 955491775103291393, 370246047, 902283865863139329, 60351729, 844412301662965760 ]
"friends_count": 354
"friendIDs": [206105134, 1228364239657734145, 66724335, 727878818246070275, 61638283, 190650804, 54404911, 27384718, 32072838, 1037337562950430720, 1002116789935931393, 2840844469, 385607933, 541106092, 1431702380, 1001919482590351372, 932914935142723584, 491141632, 701944493327720448, 552064025, 984393370964389888, 223020647, 71591784, 873650965307641858, 1364643937, 160761617, 1135615168107438080, 25170188, 40216513, 768871278094667780, 123016625, 889661863100907520, 153535280, 1115558656165187584, 2364393044, 281105883, 860509927995056128, 3642336197, 193725962, 37740016, 2712451340, 1041790149925851136, 1850083927, 459910095, 26643893, 2456640318, 1112167789, 1358703751, 375837200, 188007231, 60637549, 253340075, 24215395, 131165861, 733235189627904000, 219787456, 1460704644, 384294537, 339791868, 1128527182886629376, 22642788, 1090398516462071808, 75050644, 2237952289, 926833063903891456, 2432064684, 1118225876, 793237327304851456, 775349723435859968, 335916599, 20452161, 475426598, 16353757, 26239721, 86160648, 110189578, 430303289, 993565663, 570356816, 52417108, 32992891, 61627131, 39568851, 123624629, 1114190227344695296, 2612599501, 488075168, 958754734986297344, 453632692, 28453440, 18557681, 23790462, 26160608, 18229081, 1879876399, 28115444, 257181222, 19234329, 905797748577984513, 1067708254262837248, 837041658088804353, 775287699959844864, 42451620, 357606935, 1628559932, 3065380111, 1007910588, 1149135687008100352, 135509782, 989311410600542210, 705474667, 767805273624809473, 913589400, 2863710326, 2607059392, 24068873, 16337088, 18039335, 837466875437043712, 1148722895440363520, 1142520574301880322, 783792992, 1103811044387024896, 927682356592480257, 3252422448, 774704791746412544, 861395721739616256, 2165255072, 108270227, 933366808970592263, 49528715, 2984833964, 891495936, 1023412551483158528, 3006683117, 262189497, 18230352, 241114613, 307639277, 221519496, 20615708, 1076955074172198912, 27300321, 70422953, 20124008, 70578490, 200582724, 23539795, 2897933633, 2358929910, 518074117, 1020482808, 228161853, 197521840, 2579466577, 319112318, 21773756, 57979327, 37109075, 122411538, 740566101843677185, 238205888, 754019827853959168, 1073606749775630337, 889068103, 1117076286, 4785364035, 124294763, 67037243, 233328259, 1633987406, 811933008802574336, 426622949, 2690983873, 1062451445428051968, 115971440, 177201478, 67369006, 1392973700, 509108182, 1112337090, 882976832924135424, 334605373, 421602367, 317895172, 342764866, 320244789, 46117888, 31583882, 14423351, 18021496, 39159473, 1888149452, 562412557, 37935496, 2433584648, 17073913, 184444620, 2978055697, 38660877, 872801375809396737, 2588824808, 1349480222, 319384524, 16976865, 1011050626636238849, 2297143668, 846137120209190912, 26431467, 109348104, 139525231, 229112166, 25031052, 111436748, 42665626, 248037857, 980046830, 2929091383, 720951847, 3173334249, 18161373, 577246782, 29804165, 2889567694, 2352083358, 76682760, 180720955, 28234994, 933378648861757440, 27013347, 835252426265481216, 16630192, 17136009, 26938222, 43398776, 24102338, 222445092, 15337708, 949069328778850304, 33107559, 267915933, 20286373, 892013728996233223, 103424466, 744046387365560320, 819667363545174023, 242482934, 911224677967843328, 961084785375444993, 900091822235688960, 4836113337, 3299611241, 456290993, 34925521, 910213038677954561, 4903707208, 202327925, 31339831, 2207455964, 156807445, 351099511, 278249128, 120129298, 53933574, 1962711, 2717254872, 240564743, 47013883, 5392522, 928067446560493569, 436829061, 956881327936163840, 2254267650, 1337194476, 1244479044, 18597602, 1931584338, 3620455520, 4257905326, 16186045, 3147772223, 54930650, 2810734391, 1058823794, 119925381, 125181345, 15492359, 43384404, 736944752235450368, 468475583, 348633124, 179555829, 259403751, 185397767, 179248364, 42672470, 106539218, 2798029108, 232217983, 955491775103291393, 38491229, 28355554, 172173111, 784992890, 20596281, 19915362, 17137628, 209085327, 144928548, 167275737, 43300047, 15485441, 2790229616, 90943312, 370246047, 468006791, 760222991921717248, 16732525, 59472451, 305804052, 87303730, 82180521, 37373131, 488711274, 813286, 3000138712, 1507338108, 1485416828, 19038934, 2785744679, 844412301662965760, 54658293, 521763877, 1199410190, 788817127041933312, 24691376, 16423797, 1688858946, 87818409, 821814254, 294980090, 1665531, 203123011, 36462231, 1203857112, 17471979, 19429847, 14677919, 166739404, 35415477, 14260960, 14293310, 17842366, 17057271]
"statuses_count": 1337
"date_followed": "2020-02-14"
"obtained_tweets": 1336