"screen_name": "EmpathicCunt"
"id": 996510180815900673
"created_at": "2018-05-15 17:58:36"
"lang": "null"
"location": ""
"time_zone": "null"
"url": "null"
"favourites_count": 4148
"followers_count": 74
"followerIDs": [855844119863848961, 1212764981701177344, 892182779181584385, 783201883938750464, 940384876955611136, 298583396, 1071228325, 2341307463, 32769970, 3285960163, 1089887438355320832, 1072204706838122496, 1148303526885335040, 394814732, 1212786670363267074, 1174825251487801344, 842589975472431104, 1210529109786480641, 779203152637669376, 259433166, 1040779709712412672, 1115625272563224577, 370943170, 2472297654, 308259755, 900922524606844928, 1155409580165173249, 1191779676768784385, 1191282425378279424, 1134274020856098816, 1253061331, 1136645298883665921, 1163175305013366784, 1089936313871204354, 861777725341683712, 1179470674416427010, 35893953, 22697224, 360291315, 807981852, 2390155856, 2398071696, 914551827529682945, 4805249244, 28569688, 1069723441018720256, 1113921946901798912, 1129432386465406983, 1126555226, 281810694, 1106985947013369856, 282823762, 591135760, 1128000648853827584, 383675343, 4196340819, 928648868, 1621403527, 828233902581968896, 22894742, 1115076310106292224, 2350988972, 890224785648734208, 3235261081, 1070244301307695104, 796610463773564928, 3643710916, 1003137589031784454, 74573021, 26997782, 783036029049696256, 157750547, 796238355440635904, 853109946879291392 ]
"friends_count": 232
"friendIDs": [1024046165296340992, 155260599, 474154291, 2891041821, 1094611179950039040, 23241469, 866750732212604928, 511224860, 205531045, 1382744990, 255545898, 1116961484, 511273965, 606084943, 1041847569805201408, 29523440, 1040118679831293952, 209154154, 15932715, 22846853, 783201883938750464, 826260528217612289, 940384876955611136, 151575709, 39253470, 1101446354, 32769970, 1071228325, 39270820, 2797166390, 50701663, 1109163690622939137, 95021503, 801841042710495232, 171685697, 470352086, 916241339821510656, 724282165178032131, 557483649, 2990312750, 1155542386182897664, 1089887438355320832, 2467791, 216776631, 14511951, 970207298, 1210365831789662208, 186186424, 1214042509363466241, 1072204706838122496, 871112455371407360, 1192673341254946816, 4715766442, 897518895992631296, 2228986135, 270872598, 375951454, 1021892427349671936, 1124195581256241152, 68104687, 845041529534251008, 1140482231758024704, 45709328, 1006419421244678144, 1148303526885335040, 388044550, 1078559089385488384, 1139776838555881472, 55857688, 1079252806039523328, 3237055475, 24492477, 4313924413, 78525538, 357606935, 262797432, 2859448331, 124289453, 283713657, 855919837482233856, 1174825251487801344, 49220258, 842589975472431104, 2536561231, 184441924, 836325643981844481, 44058282, 1364643937, 21364868, 756091033, 363529473, 480368045, 63763479, 221168889, 826989582709358592, 1135247422790209536, 589597599, 870091861091856387, 884226169553473536, 1115625272563224577, 796993632, 99228109, 1044862117982212096, 215508074, 779203152637669376, 4421977275, 259433166, 2466899838, 1025463656849526785, 950053507356340224, 166739404, 20011729, 2733314861, 37109075, 710946953849393157, 12880502, 2279883714, 880687970558324736, 1040779709712412672, 1118159881196929024, 2772798101, 1076520451130572801, 1172542910992175104, 445586377, 1192839610109480961, 97344273, 805134422311895050, 260128411, 1098925514251821056, 394814732, 312340529, 370943170, 17452463, 556865087, 1169374000155222017, 4662612570, 580272018, 1045491892065116161, 18052474, 2472297654, 68003308, 308259755, 900922524606844928, 1142837227191451648, 1084988509847461888, 326507914, 807981852, 1191282425378279424, 1191779676768784385, 1093526799126978561, 1253061331, 1155409580165173249, 1136645298883665921, 2505580657, 1163175305013366784, 1089936313871204354, 1129432386465406983, 861777725341683712, 1179470674416427010, 22697224, 3536486175, 2511298968, 2398071696, 1113921946901798912, 28569688, 1069723441018720256, 4805249244, 271937426, 1073387307988770816, 2390155856, 3784853680, 920874697558056960, 323417384, 701725963, 29442313, 435331179, 14075928, 97040343, 13393052, 860862599407296512, 281810694, 754006735468261376, 29238696, 282823762, 38146024, 192036594, 18924291, 1146183680, 828233902581968896, 1621403527, 1115076310106292224, 4196340819, 842818846507450368, 1613357384, 890224785648734208, 756423264012951552, 2350988972, 594688914, 3235261081, 35893953, 1126555226, 3688579523, 67254176, 4833503682, 12266442, 842520310226198528, 774180818, 927005712420454400, 52939106, 26997782, 1003137589031784454, 138203134, 796610463773564928, 703052835919777792, 104969057, 14185814, 32774989, 402957663, 181572333, 3643710916, 360291315, 74573021, 1604931252, 63112528, 905797748577984513, 830449275251355649, 157750547, 2528064871, 1292418902, 506431180, 853109946879291392, 395043143]
"statuses_count": 1327
"date_followed": "2020-02-14"
"obtained_tweets": 1254