"screen_name": "Hafner_Gerhard"
"id": 968585517678891008
"created_at": "2018-02-27 15:35:57"
"lang": "null"
"location": "Berlin, Deutschland"
"time_zone": "null"
"url": "null"
"favourites_count": 2790
"followers_count": 261
"followerIDs": [1227998120467890181, 1043537525917331456, 1031812870504411136, 1058110280767627264, 1067989215823093761, 175435986, 2578543518, 1033673557182738432, 39983021, 976398985899462657, 26256690, 34584139, 1051321795507355649, 955822542392045569, 2166762133, 4603895181, 1213159036373176321, 938383119685693442, 1932382687, 3537437009, 4516907939, 95949432, 55262635, 1467056910, 24418718, 352350352, 769159660255535104, 21995000, 1047772179524456449, 1220468490269855744, 2694518769, 1113825856231751687, 1091340258892021760, 1054263075824648192, 3047308053, 965950592463065089, 4090202447, 15491101, 982694361044520960, 588532966, 2356979100, 2485423957, 1139199968198221825, 1085494961284567040, 2365448402, 909099363070300160, 1217188054290587649, 846099575043735552, 4566971841, 988812115057266688, 609513756, 2906537919, 49656577, 788862806, 712317698202603520, 351910298, 1116009245454098432, 442645760, 1029034063, 1057181391333527552, 80784806, 463697028, 1215270090410807297, 796763638904356864, 81105552, 880794168016154624, 1181234292791353345, 124851286, 100414855, 1204812829334872064, 1000160267282583553, 2304139397, 3155338296, 740345574424076290, 946538173, 1053609208896278528, 833714765679693825, 1483243117, 1524853153, 2577403796, 1883030017, 2517359780, 1061607288757202944, 293333232, 875064451430567937, 777219488471216128, 146358380, 1011599538933682176, 2911875809, 908502062, 943034831201386497, 893084316, 487108196, 584893620, 47214973, 232712666, 2721002072, 1182590172455682049, 35792246, 107190444, 632121113, 729254221896364032, 18539631, 1197931123361366016, 19452018, 1202695769666543617, 740212063, 3307344465, 2498858004, 3086367489, 805865918739976192, 2159024476, 1075639649983455233, 1146480373460811776, 1842193266, 1019484541, 1080011451862040576, 2727346382, 1090344065034522624, 1190335486860185601, 241175706, 1082242076102807554, 72553018, 4851184487, 60900961, 2951074126, 928715025279266816, 1121396836118536192, 869753413692772352, 2416327172, 2291250614, 4055737288, 1393160112, 995615568702136320, 1063796732121759744, 1136899066955276288, 377324147, 1198789568214044672, 3306506427, 1037231479170850816, 974242332911505408, 43390722, 2910014901, 1142795893890015233, 1073607542671097856, 1156566360127938562, 1003291988, 2918057787, 961168160, 2651839735, 1266317984, 896751363933319168, 177706502, 265913266, 1189393414330052608, 530868037, 2924747887, 241450693, 2223274866, 1328854314, 860660888654798848, 318409634, 1044697468506648578, 3364804197, 852110872931704836, 1151347725419593728, 1128685452154810369, 965576952705966080, 1022571556214661126, 2845315660, 981456754901946368, 1031978793408315392, 1153678580, 2969942501, 905011052651393024, 281537752, 881846306125295616, 949429674, 263360425, 955345293372948480, 1159359144396091394, 4127095223, 304880098, 2450016972, 217403823, 223020647, 1142376638010802177, 146483138, 1042464998537224192, 4846975612, 7956302, 806593805189337091, 418642004, 1181691884542058496, 4143764490, 932575976978108416, 749205584558317568, 1601645209, 2921891003, 4440431, 707314110585823232, 1038802365518938114, 2587138646, 557702381, 200471333, 40896991, 296729620, 265538929, 992063494869659648, 314293715, 706798091161231360, 714872895974019072, 28497323, 2378766770, 1020043672694534145, 712694045060042752, 730073542612619265, 224343894, 838736685458419712, 2373595391, 962820485040955392, 1182690057792184321, 2279476153, 904724121199812608, 1182230294478442497, 234328666, 413115676, 245299496, 1118449475373211649, 182463243, 1035369892378071040, 1181484707319631873, 2719830224, 2216250344, 556185562, 2467428276, 570694862, 754997556, 984393370964389888, 220069087, 949452991, 912113460686835712, 1056090525126803456, 861226940405092354, 1344077166, 2958372160, 922073991191425024, 103183975, 1135140607058436097, 1128352753317752832, 722861565066653696, 843272773, 3415309487, 1039259037144150016, 1386411420, 405739524, 3091297402, 846462129926541312, 608108589, 2303467412, 897784084549824513 ]
"friends_count": 1210
"friendIDs": [841359311922184192, 911513869750870017, 69346755, 1142701666707419136, 3908822488, 1043537525917331456, 50852547, 828376226989383682, 4405339942, 269921688, 1031812870504411136, 1058110280767627264, 703035107116863488, 1067989215823093761, 96094245, 167350642, 175435986, 189002773, 67164308, 4805894237, 2578543518, 1041461742864220161, 785461610, 3437760934, 1083880256287789059, 39983021, 4097559143, 612449060, 900627170, 3369047931, 414026849, 1051321795507355649, 2166762133, 34584139, 4736658797, 38401057, 3056430423, 1213159036373176321, 987849932, 1220044148218191872, 1932382687, 938383119685693442, 1543249219, 16557497, 1551549505, 1046468304880246784, 1182276276, 39732935, 3537437009, 883264493819756544, 1345064214, 162895251, 95949432, 974199200, 190620798, 55262635, 266456134, 16247277, 1043527000210718720, 1542577945, 769159660255535104, 21995000, 2594824381, 261038719, 102102651, 939158259382018048, 237975305, 24418718, 564854372, 83806427, 773877814638632961, 169479861, 56972679, 18807671, 203881872, 177280097, 314700035, 3040487860, 2769832458, 1113803608351563778, 850334936955580418, 48097717, 588615401, 1364643937, 855041445182541825, 3308895864, 987433873763074051, 2694518769, 35773039, 594221669, 965950592463065089, 21753847, 3311033775, 1588428578, 982694361044520960, 1080830432609030148, 31118503, 916235134130642944, 1008660856568238080, 1091340258892021760, 2159024476, 15491101, 374596423, 14275071, 45571293, 1113825856231751687, 968229599418114048, 3292411553, 50239585, 20985003, 1027240820972371968, 980912180064407554, 959081776240037888, 37936901, 20485148, 2485423957, 907199319568261125, 1139199968198221825, 1085494961284567040, 2356979100, 203423388, 588532966, 702901419368644608, 20106616, 211237746, 499273646, 2365448402, 3073218897, 909099363070300160, 988812115057266688, 1128295781499375621, 958411725681909761, 49656577, 712317698202603520, 768289765246369793, 900397506, 788862806, 359620546, 1651900100, 4211266709, 2409091777, 2863244239, 849811472595247104, 1112543034678349828, 1174638188930973696, 2737351225, 783050109340807170, 1116009245454098432, 351910298, 2602121875, 831626356278562818, 442645760, 1029034063, 3206088401, 423390146, 1652949104, 19000141, 1068203551917256704, 796763638904356864, 422375034, 1192564385253928965, 3308313192, 1181234292791353345, 3387466367, 3342893403, 707549133285040128, 880794168016154624, 124851286, 4261098999, 46424263, 153558139, 16807520, 255527882, 100414855, 2304139397, 1206268829724299265, 17194113, 2277722310, 1134202262488834049, 4860447133, 788688658186379264, 132259682, 64985947, 1000160267282583553, 2687635986, 805444702191448064, 1045001842164477952, 520736382, 592668872, 1117922051728261122, 3155338296, 4527949647, 14237828, 946538173, 1150063113871532032, 1053609208896278528, 165402581, 2327161537, 625671653, 826022998176043009, 975836299281227778, 1002156249335640064, 2981257079, 1465435465, 833714765679693825, 860520162939850752, 7014182, 14619744, 22595417, 420559604, 867009802068783105, 1581289837, 1483243117, 2353188042, 771803023228231682, 887185025707515904, 1524853153, 2517359780, 2577403796, 385666260, 1883030017, 1061607288757202944, 816589217455345664, 831456786, 1886765738, 461544295, 2510655768, 51594032, 492125645, 82697426, 944619875728838656, 819257377748897792, 14613514, 399900593, 23445260, 3044674294, 882218974477504512, 146358380, 875064451430567937, 2469123312, 3380088773, 799580257414246400, 164263382, 105231326, 1275495198, 29971645, 3864554656, 1011599538933682176, 2911520575, 20967005, 741399732292071425, 179181381, 558935792, 1115176100131430400, 17117655, 916705923820908549, 2911875809, 582029490, 3870973822, 112567127, 1511371880, 20660262, 147512019, 104277809, 255222660, 482353209, 153394113, 255628022, 3377511375, 3432691959, 3431277869, 39344381, 1633045825, 288740868, 84067444, 744562371306397696, 487943509, 1581857400, 263565397, 859570216111489024, 44294604, 3832467912, 893084316, 943034831201386497, 2408556468, 908502062, 487108196, 188840584, 55842138, 67711582, 4821165693, 45961660, 711478092552904704, 2504216281, 15492359, 1431380880, 251391862, 2896074243, 603644687, 463697028, 2392314652, 232712666, 819799246614298624, 816009404290109441, 16364357, 2402131898, 813402530705244160, 1962228062, 2378831018, 4090202447, 483669489, 156369592, 22058884, 16092470, 47214973, 2587026164, 1092004309, 813153100374622208, 1634124475, 1024734003549675521, 2906537919, 1167279488452812802, 15694870, 2721002072, 215996918, 1182590172455682049, 1196468101010927616, 193116688, 558555962, 576050767, 35792246, 19654051, 207943854, 40042231, 253200792, 3367828246, 151353021, 703555416475758592, 202813040, 46713371, 107190444, 1156520426870173697, 1393160112, 58831600, 908337006840868866, 1006520088772730881, 632121113, 885165336932253696, 1073553602411663360, 866636593, 309587849, 25581439, 17011177, 1197931123361366016, 1202695769666543617, 1452028248, 22926126, 323465282, 393971403, 2880890271, 2573124613, 3318568654, 2836752629, 38167665, 293471099, 1070281959522361345, 848904266538504193, 1124789287, 1924318093, 1061981736157040640, 77187186, 777219488471216128, 49383083, 3307344465, 2498858004, 1966430665, 25493506, 561553692, 3261176545, 29425666, 819251006081007617, 1040885860722507776, 2830834760, 820980650, 2909739224, 724457156133560320, 183196539, 1945115384, 1146480373460811776, 805865918739976192, 840235297292070912, 419347165, 754683227286151168, 309978842, 1019484541, 1024190151587577858, 1138478156, 1201887723130212352, 1263629851, 1090344065034522624, 1561643971, 952242202536681472, 1080011451862040576, 3246545503, 1095384633091465216, 970058871233540096, 938754962, 2584385544, 1019223490677927936, 3431895070, 1366885574, 357562284, 706033492853956608, 163020668, 414917668, 816032508, 2568190454, 2882116529, 375567854, 4055737288, 2416327172, 2291250614, 2864567548, 1049228453218795520, 1063796732121759744, 2257716961, 164598425, 155175677, 377324147, 1543542210, 872166162980798469, 3387098549, 1352552384, 64420220, 48827616, 227774598, 2294483990, 15660796, 1588251702, 283280287, 28773509, 124001436, 15482211, 931890449307930624, 1037231479170850816, 974242332911505408, 1046786305575845891, 2910014901, 2339277288, 1416637202, 741082514241028097, 988259541161861120, 2875118698, 3005625341, 2341139364, 769110855111864320, 20177423, 136361303, 390686728, 1173239953, 1266317984, 865243943444918273, 402705319, 1467225554, 596670077, 1156566360127938562, 575770169, 1003291988, 1186017242229673985, 1017523429724033025, 58918768, 2918057787, 769276958542737408, 2786900559, 976398985899462657, 961168160, 459107299, 49634218, 3037261674, 3893737283, 238760343, 1184912983002177536, 40242357, 2651839735, 755517467217178624, 15311908, 585222163, 717085107840942080, 205699099, 93840704, 3300186511, 614913539, 2848602701, 22933218, 994669284, 3399030471, 786682759, 1130474769374224385, 3115316655, 21559657, 743546822128443392, 26203837, 347291776, 1366856010, 4045716921, 4056544517, 3356567692, 4895053671, 896751363933319168, 34228791, 1153679585751511040, 265913266, 1251339516, 270467635, 17675259, 1715378124, 2816570752, 338322798, 1868782574, 925746961675890688, 1171763076896571392, 166159748, 2943688929, 530868037, 236356363, 27648752, 2387038700, 1731175884, 1391533453, 352214879, 2924747887, 577249224, 2662765154, 1167399802226843648, 241450693, 376679430, 3178788606, 308395871, 733712015441702912, 225796043, 1054472460899418119, 1328854314, 913092094851522561, 1168498818394021888, 2656881246, 419621301, 117255366, 2882735325, 2292147902, 1573834922, 393236421, 43300047, 1072620162795347974, 3248763111, 860660888654798848, 1487226102, 237349044, 1185485927524618240, 722653113166000128, 894667667117821952, 275042941, 3364804197, 852110872931704836, 2573069617, 694881211760689152, 143882918, 995615568702136320, 56300242, 217422465, 2199786713, 368852507, 2182251391, 608905157, 918398748090294273, 3345236944, 27031487, 1156095939599355904, 822136230049628160, 199799343, 2267775552, 17363943, 846157160, 2203013742, 1128685452154810369, 4163140906, 244658995, 1954559125, 3297605505, 965576952705966080, 233806913, 407002473, 736614063598374912, 1196792850, 2549031829, 2290357832, 774238543, 2613631556, 1027354450845986817, 1135140607058436097, 146483138, 24274948, 20977851, 1022571556214661126, 819499233527136256, 25314048, 100666602, 2328239323, 3759596118, 964238972833722370, 2845315660, 102225888, 1153678580, 2969942501, 1086327522315456512, 797986256743329792, 1091328039496101889, 1102645153825607680, 540812894, 21041166, 1888952262, 2668198295, 975893461, 743411656697462784, 2227740896, 401212191, 881846306125295616, 981456754901946368, 1102323158756020225, 1399121737, 2550846176, 946575114, 4756808777, 1120224063023140865, 2491963622, 1477599013, 763224306, 120639089, 785214188, 1621291724, 2232214016, 996349065716789248, 190741481, 848824298, 358003697, 598424947, 365976605, 126606913, 905011052651393024, 263360425, 29424309, 468370461, 2305577522, 16566157, 152956055, 216577940, 822236348, 124782031, 145180684, 955345293372948480, 4127095223, 1159359144396091394, 3027577229, 304880098, 2190601830, 60622156, 32965970, 2450016972, 2456952043, 802946466, 27814549, 223020647, 619001234, 1142376638010802177, 2430543418, 1031978793408315392, 2242458751, 21082379, 2263127028, 1280152772, 257381227, 1042464998537224192, 156001328, 147911490, 568314365, 748040524871925760, 68352710, 73074805, 120153772, 941782988819521536, 1382743280, 7956302, 2985994857, 3153847057, 1696208401, 202684333, 2847915504, 793998609414909953, 1073607542671097856, 1907931691, 29317977, 1112985292250800128, 24167917, 3912788789, 877776810, 59014534, 544805710, 1029320845326475269, 4143764490, 600714541, 51294497, 408362345, 418642004, 2787554737, 844873363, 842846732035805188, 612448957, 140482903, 1065550984351531008, 284201872, 1642417526, 1430509567, 65626319, 293135293, 372825532, 2555914010, 842126673764057090, 15554163, 783208086483918848, 2314402265, 3291666441, 839481423920758784, 806593805189337091, 1285448293, 2834949994, 1142767022876581895, 910016786, 1601645209, 2985389782, 256445209, 126949949, 14764240, 3212759746, 339920734, 4440431, 246918400, 1273067708, 23188316, 16378267, 44193194, 14215322, 17883701, 863290531, 201764216, 74939151, 52437205, 2433661986, 80269719, 52951956, 28917754, 298015007, 112479899, 19962165, 804054783942336512, 993424265012809734, 2587138646, 992063494869659648, 265538929, 200471333, 557702381, 589357553, 534045740, 1101498490444791808, 317895172, 431066900, 1616214074, 1032917272392806400, 1057181391333527552, 2651181600, 4866054021, 1109106027818037248, 36840692, 2316927884, 3140192523, 147919661, 301116831, 535693330, 358211368, 434986997, 72553962, 18094552, 961226339847229440, 514596793, 1067355257762709504, 2921891003, 723425489436610561, 4775387555, 1038802365518938114, 977130315578793984, 2941143578, 1001919482590351372, 281036554, 92302703, 1288823144, 3672443657, 329098147, 16800864, 915185850023120896, 784051741402673158, 1008954517327695872, 85080696, 453956514, 1917677005, 2515366759, 256227809, 486262522, 3373609996, 189090262, 424615542, 707359374860111872, 1392896611, 2840844469, 16630192, 706798091161231360, 545583502, 714872895974019072, 887474696597327872, 777480808433065984, 965779075, 189151324, 1120035680, 39797893, 60886908, 380304573, 1020043672694534145, 4898686281, 262433275, 32917718, 274942878, 1670120090, 899612794508718080, 2194697041, 82134151, 4281756853, 572952124, 2409969031, 314293715, 768440098081935360, 186168175, 837634473797816320, 2378766770, 712694045060042752, 1165742766829314048, 1249484533, 2751892273, 463879259, 293108994, 16097514, 224343894, 1569244818, 2373595391, 705187147561570305, 542958003, 217403823, 962820485040955392, 1323603420, 467321087, 2297137750, 838736685458419712, 739480721950179328, 1032803631337066496, 484525437, 88045259, 552634547, 85110737, 805719735895781376, 703188425185185793, 410237349, 16649457, 1074810157916405761, 84114313, 872326943458373632, 153426383, 2780544069, 245299496, 863759753578676225, 713026899673526272, 98415101, 631861404, 912681222, 2178852071, 2596171296, 1716251990, 2591259486, 2665401661, 248359550, 1118449475373211649, 437349362, 81636905, 4704779595, 237200979, 768403225842180096, 1035369892378071040, 712318986692771840, 3307105001, 1173414181304852480, 40896991, 47658104, 590565434, 2719830224, 15692520, 931602480772739072, 188675875, 456588054, 286869902, 1091851716549578763, 1140644413393293312, 704018114804113408, 273188472, 16689300, 1546869091, 2635540403, 619805218, 137653691, 736229298277732352, 1106289681791094788, 609513756, 1136899066955276288, 556185562, 1633759970, 2330929027, 880773990771552256, 163841304, 821844680, 1116046032314540032, 718321218835898368, 254173554, 3305329290, 713530160322977792, 704981934917738496, 242378956, 3082278303, 2179766053, 968890542938521600, 1636424328, 1039828151285760000, 903978591490367488, 30000912, 123619544, 19530289, 599153636, 267915933, 200582724, 220069087, 754997556, 942434292491341825, 429465897, 2216250344, 972486357254856706, 1085865691876597760, 268412975, 570694862, 1174065842251808769, 1115576112548122625, 780059024662360064, 335916599, 984393370964389888, 24024466, 379702494, 415053388, 102375163, 2399798660, 2409322428, 2155744680, 869711772973969408, 969277758948945920, 740466123997609988, 2817751280, 949429674, 2467428276, 990897289408458752, 1683344821, 773300628193890304, 1230446684, 91115300, 895627424137752577, 2301112442, 48269483, 14177942, 28145061, 96922874, 817733706509127680, 739524837937451008, 2871937305, 2958719348, 170001296, 1498643934, 3293214785, 2207205462, 1577680016, 819024116267307008, 161801527, 594885690, 1068337838, 811354845689024514, 809347153466429440, 1114190227344695296, 4099171, 729254221896364032, 866927171734048768, 413115676, 912113460686835712, 54875154, 1056090525126803456, 1563482935, 3086367489, 949452991, 778338265489371136, 3726993196, 861226940405092354, 948648084, 981966470023401473, 4902472065, 1003687083813335041, 1514537366, 284664892, 85316890, 308551011, 264382869, 1068063994366386176, 991949146302140416, 19020765, 2530925988, 732585355774464000, 2829471992, 976445898694758402, 1344077166, 2791506248, 2958372160, 1449885890, 14713497, 14800620, 2926972318, 3684192077, 2694076880, 747402029560127488, 922073991191425024, 3012248675, 3368645314, 937499232, 26256690, 36429537, 90629341, 1585589059, 209085327, 793367508883501056, 1085259263461609472, 205559596, 103183975, 3064671052, 589029164, 1264977523, 4859574273, 24919308, 1305835008, 1545165624, 1063385821930299392, 2223274866, 1842193266, 942716612007944192, 941326490934939648, 48557037, 939264929294581760, 806967151152234496, 22382483, 157981564, 1128352753317752832, 19066920, 4846975612, 22034951, 2572606727, 970571806166970368, 2741583223, 847883611, 1383332167, 109335977, 270073650, 2941891250, 2327359038, 722861565066653696, 411638158, 244455528, 420502434, 1001389807728242689, 338284918, 831436628551933952, 706608206194327552, 2766188078, 1203857112, 743152200281632768, 19968812, 154515983, 3415309487, 707303437, 831068407, 844566999321759744, 794117561352908800, 1044244403446001667, 843272773, 2823045053, 886677457692225537, 1039259037144150016, 1082242076102807554, 709804717455634432, 4823705386, 3438149296, 921033470712918016, 3306654832, 402220351, 1002645247388774400, 13745852, 986613006, 3307483725, 15426691, 177706502, 3327953062, 1872998461, 394133055, 606125302, 874233424063713282, 619939043, 313307285, 119778960, 3155279382, 40346974, 345442962, 705148490, 2240838373, 2680047678, 1475367342, 559382434, 2179845764, 835829805752909824, 3091297402, 846099575043735552, 267189617, 874258327, 364427442, 89638713, 405739524, 28074515, 1203566383, 130433467, 888512743, 1509002809, 96041699, 104141808, 614278760, 773245584358666241, 19336092, 846462129926541312, 2467448814, 2791390422, 942731336455946240, 935509263727910913, 2821259092, 3126391163, 1180411650, 116229095, 2168815104, 257181222, 318409634, 891843660, 591920938, 887465203, 4813296861, 3019029499, 570561735, 1734940808, 1221830966, 234328666, 17137628, 1603310683, 616618167, 1044697468506648578, 3290076495, 3089095589, 2875092587, 1043442053575856134, 608108589, 1037694804971401217, 19359880, 38717515, 166739404, 16811701, 135250810, 130794567, 20039100, 296708467, 1933666267, 707314110585823232, 296729620, 1386411420, 146793059, 1316930928, 932575976978108416, 897784084549824513, 740212063, 2303467412, 704962398218747904, 182463243]
"statuses_count": 470
"date_followed": "2020-02-14"
"obtained_tweets": 469