"screen_name": "hifitop5"
"id": 191658202
"created_at": "2010-09-16 20:41:12"
"lang": "null"
"location": ""
"time_zone": "null"
"url": "null"
"favourites_count": 222
"followers_count": 25
"followerIDs": [996549231111557120, 907664311975337985, 1096038705087705089, 1056677354, 708546095, 1898361367, 158067002, 707389531478204416, 2385598098, 1392329833, 2741289437, 2736183763, 979622016, 445651293, 2925858587, 235994211, 3286828885, 1390628772, 103949235, 2497371284, 720548971, 123249874, 158696695, 811772892, 491984538 ]
"friends_count": 103
"friendIDs": [1364643937, 1216486836375379968, 529501969, 75050644, 69137806, 2372164754, 80121499, 448476934, 39159473, 14824849, 522385779, 123249874, 33378678, 2736183763, 235994211, 720548971, 491984538, 811772892, 158696695, 446735074, 10810102, 1471374192, 768432913176080384, 222256405, 846137120209190912, 98992586, 30364057, 29442313, 26637348, 270386477, 36743910, 14939981, 16935292, 6433472, 742143, 34149379, 2385598098, 480675312, 138203134, 48569578, 4196983835, 896341040344563712, 437100937, 407395156, 237047025, 445651293, 179555829, 2216221944, 410355590, 158067002, 979622016, 437625094, 18368680, 169083205, 134841267, 126624709, 2290122800, 2925858587, 2189279707, 115463987, 3286828885, 2497371284, 79923701, 2916305152, 16076032, 549845432, 1390628772, 19725644, 15143478, 55248386, 127950405, 127907228, 371489355, 17522684, 5971922, 14167997, 80666136, 28611814, 130250127, 222261420, 198651940, 915879847, 43922186, 26521047, 245539132, 18465629, 38401173, 421045390, 15876845, 54890394, 264358082, 25220763, 17137628, 16027225, 807095, 102773919, 15439395, 138819770, 16311530, 3459051, 21786618, 189376144, 140172494]
"statuses_count": 22
"date_followed": "2020-02-14"
"obtained_tweets": 22