"screen_name": "Jen_Farquhar_"
"id": 744928285981876224
"created_at": "2016-06-20 12:21:58"
"lang": "null"
"location": "Kitchener, ON"
"time_zone": "null"
"url": "https://t.co/EZW21yBpHW"
"favourites_count": 107
"followers_count": 196
"followerIDs": [1152277020652576768, 974760502642593794, 1664331482, 210987204, 879029111284539392, 791541078, 1111379250672615424, 137286931, 1384733096, 18565896, 894934851186565121, 268945745, 2934078309, 1158813531539693568, 1074373218813837312, 1303083032, 1363879560, 1353061483, 176433175, 2871102705, 1222200666938052608, 793472674207064064, 965374224268513280, 984052689066655744, 494378261, 2829428812, 973277587, 1065576411535151104, 33432570, 1044368202283851776, 3068805829, 107335915, 712264492642660353, 440925659, 4266238899, 1359040722, 196840438, 1209273868440915968, 1873721366, 4890654604, 1076886882221469697, 81107933, 1092107740246355968, 26502175, 378181393, 1003323620620369920, 22800749, 134863272, 15444168, 708455209337368577, 251984942, 437715174, 1722481027, 209197352, 1167800983579238401, 41949178, 959060456, 1156942993095561216, 34925096, 1140614127154368513, 1023316115806724096, 34872449, 2235577028, 932509319634894848, 10540052, 921732967122259968, 921176789606469632, 1104331466677329920, 54875506, 1032447427113099264, 403823528, 15471389, 3111989398, 108690885, 4169002503, 2170851800, 13215042, 211275407, 186284818, 3388435095, 1090194294454059013, 1154172060953976832, 233945318, 1131553760185073666, 124935742, 817163412631330817, 216213867, 39241726, 2555271452, 14695028, 4174444695, 1074322649432686592, 1078131413713543168, 1036777181760966656, 14395138, 1117937530748510208, 1897382138, 1174810554462027777, 856111114542821377, 958327471434235905, 3309985671, 1075344882, 1146969529290858496, 174458272, 299779067, 2150012450, 1066497246311694336, 430938338, 21887758, 1107972497914449920, 3566094613, 1061242996232982528, 24924532, 1161151028, 20695378, 194273771, 1000427980148105217, 103688089, 1029383826487816192, 1183627969, 9035362, 1470118590, 1085955140497092608, 1064671148212928512, 889467315464658944, 765162365532987392, 1157963840946135040, 1156212076022571008, 1180188714351370240, 30762891, 3247680917, 740327757301813248, 4610679262, 1021626740379197440, 2813548333, 80598363, 1180225470517907456, 795971696054374400, 247801663, 1101221818290110465, 1085583589570498562, 1054273783127818240, 789879757773078528, 1066261848129982465, 913370413, 38724995, 1192189994963595264, 1116082566975541248, 825774554, 1052500582886461440, 817469020286976008, 577446867, 203710543, 1187070385885454339, 3861669267, 4697537186, 19667986, 1177047896677584898, 1122382093, 235290783, 1156184891912069121, 1057248221242761216, 528232325, 3333099052, 967133783303471105, 913017662317481986, 709563092712075265, 22106843, 3083924307, 4750564754, 3450613401, 1401248954, 78378682, 421262939, 54812049, 190500964, 589288601, 12804652, 1113036786, 1035532373956456448, 3092482546, 3310783709, 2851550939, 155701569, 906096259, 727639087176253440, 1043028440, 14216932, 2554516601, 1289474928, 120173534, 1708010510, 4821956663, 16750823, 3568542315, 787454659124457473 ]
"friends_count": 463
"friendIDs": [879029111284539392, 5780032, 2869103344, 56136124, 27859121, 494378261, 2829428812, 906096259, 232682601, 719575201483100161, 712264492642660353, 440925659, 122799299, 102187724, 954409189, 159591600, 296987107, 378181393, 22800749, 17436060, 41949178, 351963542, 133418366, 71346148, 134863272, 56444754, 708455209337368577, 26502175, 141242200, 83958559, 60793103, 216356419, 125515580, 209197352, 10540052, 904070394, 225632056, 1342751358, 176433175, 3010465770, 451869617, 473144213, 46123924, 3407375597, 21238793, 486727900, 54875506, 1222220616281083905, 1850027774, 969136892, 2555271452, 300605627, 106637099, 4174444695, 2847228219, 383014734, 316248065, 931230065425338368, 15471389, 294962094, 143202205, 1002173172383453184, 3234007213, 161311475, 30083152, 39422256, 943370172944941056, 956342004, 174458272, 57037851, 22274174, 1109654137602338817, 258866177, 400804861, 3309985671, 24831184, 13215042, 19554278, 544468209, 299779067, 211275407, 268945745, 145065283, 1027353764951465984, 1075344882, 1145894870130864128, 928742942554165248, 31515354, 1221238679823245312, 468535828, 33432570, 1364643937, 437652003, 14423351, 17163265, 18773005, 353428377, 760524167175348225, 51265603, 889467315464658944, 18065007, 14873555, 708903163, 24924532, 103688089, 103958496, 2729639317, 2734698015, 16876362, 101151791, 589596684, 950436068, 64829103, 23054095, 2233154425, 1183627969, 2450511614, 934165169411833856, 15112314, 16040934, 30762891, 37950548, 179627617, 2861420432, 890320116973359105, 968599919664685057, 4266238899, 17073913, 247402941, 17687057, 1061242996232982528, 1012177343916331008, 130922325, 1735442838, 16033117, 740327757301813248, 1056367028234280960, 903232354696744960, 1078131413713543168, 1609618380, 21887758, 1073680725197475840, 767606922971275264, 194273771, 31346998, 1353061483, 2813548333, 1021626740379197440, 1044428869271343104, 82113071, 1066497246311694336, 4610679262, 900158671035916288, 1080522283737849858, 449031957, 137286931, 1074322649432686592, 921176789606469632, 1074373218813837312, 984052689066655744, 902611933, 1061663160, 15624805, 2523369962, 1897382138, 948104532, 1043777432, 851512550084808706, 233945318, 2324615311, 27184562, 2150012450, 467710206, 186284818, 982753415360077824, 1092107740246355968, 1076886882221469697, 921732967122259968, 1036777181760966656, 3247680917, 826378184367149057, 1044368202283851776, 3854418813, 185344719, 220189825, 280694076, 91142585, 634913, 765162365532987392, 247764651, 1134914522, 136986438, 14211946, 1111379250672615424, 1570737536, 415773647, 16709280, 39241726, 2420665170, 43700148, 18082084, 914315563975012353, 3643822634, 286871259, 218298715, 17679977, 22190567, 16034244, 1630396057, 23595462, 74591556, 9535262, 56596677, 17677608, 1142900894163333120, 110590422, 1857449154, 1161151028, 39859913, 4912172412, 2612317952, 42451620, 977451208163012608, 1006419421244678144, 14695028, 4723957344, 3243561805, 2906399217, 795971696054374400, 81188114, 1163452703609163777, 1156212076022571008, 1091568948884062208, 738430196081033216, 1168824710962065408, 80598363, 1180566014624489473, 1154172060953976832, 76501827, 1020380694, 1032447427113099264, 1180225470517907456, 1167800983579238401, 1085955140497092608, 1470118590, 1154285958545604608, 1085583589570498562, 1000427980148105217, 856111114542821377, 1054273783127818240, 838052918918000640, 1107972497914449920, 1174810554462027777, 789879757773078528, 821376720737566720, 1384733096, 958327471434235905, 932509319634894848, 1064671148212928512, 1040074988127019009, 3912081983, 3566094613, 781404940421980160, 1140614127154368513, 1873721366, 1180722577532166145, 1133759181532610561, 1104331466677329920, 1157963840946135040, 3388435095, 974760502642593794, 2871102705, 400441896, 247801663, 1029383826487816192, 9035362, 107335915, 1131553760185073666, 124935742, 1003323620620369920, 1080923168133574658, 403823528, 3226182926, 1095788751333310464, 1156942993095561216, 935347044989808640, 2170851800, 1023316115806724096, 3068805829, 1167006723413954560, 1066261848129982465, 50438470, 1185317395801530373, 1722481027, 216213867, 34925096, 1098383820661739520, 81107933, 1015673319205588992, 1101221818290110465, 430938338, 1061676619864137729, 973277587, 1064178785468145664, 1011381564075335685, 93884649, 1172345859905871872, 34266083, 1180188714351370240, 817163412631330817, 4169002503, 14395138, 897125554545205250, 22255244, 122522505, 392506019, 803061715, 131374464, 19608892, 143148413, 24548303, 110764938, 20695378, 1098821727121924096, 902940672595861504, 2327688878, 765195885097746432, 528180826, 3052875106, 17974481, 21280975, 21154038, 67461284, 1192189994963595264, 160386314, 11949032, 17515979, 289496163, 1851757946, 2565727201, 872800917946544128, 51722582, 58230190, 36489219, 1172937497367711744, 3111989398, 177745111, 2865563666, 1038852380517969920, 2733785113, 115723072, 108690885, 345551008, 393027596, 75065396, 995715920, 30235089, 1174003243287859200, 78880086, 185854456, 1045095702311792640, 1187040979884433408, 959060456, 346603160, 774302944850157568, 1150438765900382214, 38964795, 1158813531539693568, 735848679509229569, 2172922045, 7624112, 13992132, 802912529433305088, 109051829, 38724995, 2837481580, 77788127, 15949042, 965374224268513280, 2770154436, 757775256224468992, 32405267, 1116082566975541248, 34872449, 196840438, 18393773, 2203632656, 181720822, 1108746006110318592, 1179838280394854400, 825774554, 171186186, 265827353, 894934851186565121, 2307623509, 73189829, 237021619, 1193868771544449024, 95610041, 913370413, 1209273868440915968, 1090194294454059013, 26540441, 1146969529290858496, 2959561462, 3450613401, 3083924307, 1156184891912069121, 15846407, 3861669267, 1144515589395734529, 542129590, 425118862, 577446867, 29855093, 203710543, 126476597, 19667986, 1319426773, 16289896, 110724955, 528232325, 3958916297, 16220179, 1311648943, 284104864, 180003509, 905222375305875458, 14653009, 2393913596, 263848466, 199014776, 26378009, 709563092712075265, 54901403, 20542096, 4750564754, 16750823, 4821956663, 1708010510, 120173534, 2554516601, 1043028440, 3092482546, 12804652, 190500964, 54812049, 1401248954, 22106843, 78378682, 421262939, 2851550939, 882281565174341632, 3310783709, 1289474928, 54730258, 348224496, 19397785, 1198406491, 3176912499, 3773210836, 3333099052, 89298973]
"statuses_count": 103
"date_followed": "2020-02-14"
"obtained_tweets": 103