"screen_name": "JordynnKlein"
"id": 1085576258279350272
"created_at": "2019-01-16 11:35:23"
"lang": "null"
"location": "Toronto, ON"
"time_zone": "null"
"url": "null"
"favourites_count": 426
"followers_count": 72
"followerIDs": [632030991, 3129903491, 303773571, 1099487883658899456, 431586713, 2295737744, 1148640623605538817, 72376384, 1193227066499616770, 869889824383283201, 778577690991403008, 798675668, 1083967081786163200, 1033466796114944006, 1211999121554280451, 2835141777, 3070730913, 949752647099170816, 453342860, 1081743221988847616, 766479801326731264, 928767822049681408, 992801332825378817, 87432518, 1057669959499694080, 296890153, 859086053205987328, 58187189, 989462192, 2560586708, 1185202542877138945, 970891615, 1201889766557569024, 813796531, 1004430145443254274, 3074909849, 262217708, 1061738258416189440, 579487819, 888981157227839488, 943294154057977856, 968655253364199424, 1100620500898861056, 833023093022920704, 1597467217, 41584198, 798972169191641088, 987342936, 1580801312, 937413254464393217, 3035481268, 2881264591, 201993032, 2356685263, 57375723, 1090499376, 603724114, 1090319264987447297, 84091246, 3319258853, 1263530684, 151965668, 1115275869155553286, 1176616952082706432, 1061520702061322240, 1006942479197691905, 20199202, 610440076, 1088243847312883712, 462760374, 1085966205129818118, 19462877 ]
"friends_count": 272
"friendIDs": [632030991, 746875932028313601, 716265963373596672, 303773571, 1099487883658899456, 2295737744, 1148640623605538817, 956594831211479041, 909905450115764226, 31624328, 1193227066499616770, 386056280, 1191110142512766989, 778577690991403008, 869889824383283201, 1114558133664456711, 798675668, 1083967081786163200, 15610183, 234158846, 93224577, 4540682600, 900814032055173122, 616594272, 1108527833255538688, 1006037369001267200, 20074569, 949752647099170816, 709927114410168320, 453342860, 197470016, 111436748, 133078440, 1081743221988847616, 166985027, 4798906228, 1037056545220059136, 1018182129086291968, 16730883, 2730941341, 928767822049681408, 850019210, 93060154, 2863710326, 1029854272991756288, 992801332825378817, 3225693646, 294980090, 44058282, 1364643937, 480368045, 17105121, 1123848654962479105, 3070730913, 1074420157823549445, 1637266045, 2861010145, 16134692, 869198598260523010, 1057669959499694080, 859086053205987328, 160278135, 802622679287205888, 58187189, 989462192, 1887571440, 1004430145443254274, 616472527, 1185202542877138945, 2560586708, 21753847, 970891615, 705474667, 124172052, 545674125, 2929091383, 276688330, 37827479, 813796531, 967976959, 63304316, 216102784, 34676583, 1250108976, 2969611414, 3074909849, 862430017430618112, 2685213403, 108631220, 262217708, 1061738258416189440, 72376384, 968655253364199424, 92790453, 20732032, 1310671363, 579487819, 636339147, 18547130, 4196983835, 846137120209190912, 888981157227839488, 1105944848127967233, 3438756430, 1024852347036422145, 1064382074537291776, 825832497539723264, 205080611, 24252027, 435503179, 2280962372, 943294154057977856, 62677369, 52770751, 1071047286988398592, 406702580, 1024281504556429315, 2489474840, 2993226094, 1115301033796829185, 272202041, 378074937, 766479801326731264, 209632736, 1112168364800126976, 1160380703483277312, 4011609573, 496125590, 1014059047270707200, 801727519, 594223726, 4417227492, 1076655156664532992, 325368545, 1100620500898861056, 2288712320, 2153538187, 2293504117, 1597467217, 833023093022920704, 160797915, 3129903491, 3178347768, 1057768541565399045, 905809939729350658, 1174829598472904705, 2701135494, 722884683722153985, 1526458003, 197901148, 726767006905573376, 1553104580, 3280215522, 410572471, 309124612, 467924781, 982000605186142208, 798972169191641088, 270995848, 213526935, 1580801312, 197501338, 937413254464393217, 969333506487840768, 987342936, 3416490305, 22562961, 788020949899632644, 59131425, 1445211775, 14345812, 76332033, 258930059, 1114235951608422400, 2977527423, 421160142, 65698096, 13393052, 1098519085, 402957663, 19608297, 2881264591, 796782878130577409, 1078036199732903936, 25728193, 548173404, 1090499376, 201993032, 1544253506, 2356685263, 1090319264987447297, 833626914, 603724114, 57375723, 151965668, 44373882, 2835141777, 266886699, 824278441868541952, 3319258853, 254288905, 1017242034636144640, 252794509, 1263530684, 1115275869155553286, 928067446560493569, 15809090, 855162935399911424, 1194646919735336961, 799501267122917376, 935301052068388864, 47964602, 513366382, 862074758552326144, 3400840175, 1087512594838183936, 233364902, 92594466, 616596653, 2365004209, 2167437547, 3410096354, 1006942479197691905, 913857976892628993, 36695839, 55005601, 610440076, 20199202, 1295530051, 557183350, 19462877, 15145732, 285198313, 17158780, 246356718, 153085446, 234079522, 48824637, 84091246, 16949344, 25950355, 14647570, 19658826, 56879674, 11348282, 67620839, 163562125, 12848262, 17659340, 17073913, 260433967, 19000033, 807095, 759251, 17471979, 20272531, 37710752, 2459609448, 250724456, 195685876, 15234407, 14260960, 6433472, 5402612, 158396623, 186154646, 487833518, 16808453, 19636948, 742143, 597453571, 12993222]
"statuses_count": 73
"date_followed": "2020-02-14"
"obtained_tweets": 73