"screen_name": "jxcampbell99"
"id": 2756499371
"created_at": "2014-08-30 20:20:06"
"lang": "null"
"location": "Toronto"
"time_zone": "null"
"url": "https://t.co/nTqj6AU19h"
"favourites_count": 45710
"followers_count": 324
"followerIDs": [1074669439252074499, 1029382777601449984, 3547752313, 3655841962, 1053059272219746304, 531399953, 4799833103, 1152376951, 750393899412250624, 154648558, 1024030190668800001, 852029480, 1160005796203249665, 1043418610041933824, 973311927370821634, 1003764179063500807, 1108032143656144899, 2295176990, 1214271002235944960, 925797091770847234, 129835871, 1205693096870023168, 1206066920048353280, 1205876879418200065, 955115355323715584, 1029297692546097153, 4693304155, 532298877, 1005815093395943424, 1199587715341340672, 201671003, 548671597, 8568192, 1154574332028444672, 3124446489, 934859599, 3015733690, 4706629107, 423393801, 1157707834135629824, 1161049201209499648, 160628441, 1158130040233779203, 791918456790585344, 44843790, 1139584876447801344, 890242545393053696, 1097371308063686660, 1097325968698437632, 1024106462178463745, 1134277862976962562, 1097313713051308032, 985940082174472192, 1047751783064330240, 29220660, 3293351883, 1000472436830343168, 842485376, 387978940, 1108941128819048448, 1120472218172100608, 707975866941382658, 753354665543266304, 767396, 1070911432986902528, 2587301354, 1527894871, 736249282898972672, 15021381, 94083342, 895407282275598336, 46868231, 1045451081218756609, 541388225, 36132890, 331061989, 1070374368176422914, 1465584632, 49148410, 1059610880386785281, 860239969587269632, 3515891952, 1047718282373951488, 34716038, 22599807, 1012921926761709568, 2688562927, 147754695, 16894200, 286215176, 890587779205402626, 2269278050, 992243018857099265, 727259129920675840, 813104960418234368, 21239717, 23096391, 47141752, 703213345470550016, 967507028825518080, 916414924678746118, 946985727383891968, 33923443, 46786678, 345522684, 272946087, 53114535, 906053542292664320, 3094397732, 2709653374, 312312158, 905595529601548288, 339941324, 844195896120295428, 81974865, 882213005332799488, 2421375722, 2431023883, 19806306, 854947136219168769, 3714993076, 769324213538729984, 508426542, 2458766833, 847117990587969536, 16304244, 1933042237, 2656254144, 216115876, 20110579, 140090891, 723561286093557760, 2887846154, 827371575230005249, 59356129, 803811933581443072, 301182041, 898280893, 816132128802885632, 16600574, 606412878, 2950531715, 151565039, 772511627598041088, 799291406888091648, 803414252094705669, 757759143654531072, 2696671974, 795465174220206081, 3385357437, 752667852700659712, 3377690714, 135617852, 770712605069611008, 3318133071, 722566982214639616, 4693824272, 732964172493770752, 3733471697, 1168662188, 2889617050, 730534030832242689, 713355172827672576, 157471754, 712012625777795072, 4225242978, 4750483964, 4771643953, 1362216691, 4684435994, 4633611557, 2861454369, 3153231461, 930160098, 885679260, 4487667088, 3507595933, 4333838428, 4492193540, 3085220139, 2805133822, 3053569860, 3729229395, 70019248, 4205093774, 4302344841, 4302673942, 4235315722, 4246959975, 1075452912, 4010927121, 120092090, 3314056972, 2729977646, 37734248, 3260919876, 1675015909, 118061880, 3179681576, 2934019799, 3947148735, 3907947013, 3305049777, 1152111048, 2994553775, 3732387738, 1403278142, 17881816, 3807523883, 3807590715, 3388462432, 3236802742, 2831885975, 702121362, 1022522006, 3024570769, 3350332210, 3226630518, 3618721279, 366273151, 19569136, 2925834099, 3612344363, 3235629012, 3527611936, 1557903282, 2273232925, 3476467812, 3572792536, 3579309257, 3570123076, 3267589027, 3198989393, 2666975766, 3299910098, 3434818685, 3175554914, 3198329948, 3431258883, 3059205471, 3228520109, 3435233032, 374090940, 3426682557, 3395743762, 3245387897, 2765283672, 2861010145, 623674610, 2724450036, 37005435, 3024333936, 1240103425, 989621617, 3137932852, 529274609, 2886523452, 3418607157, 3389701809, 3287532356, 3366949079, 3382980791, 3408559359, 3306510806, 593706990, 3100241693, 3330088517, 3404557659, 2889337873, 2995531599, 3404643442, 3287875825, 3302019463, 3291332225, 15784302, 48123945, 511675295, 2758989526, 3056262870, 3351419417, 3174357653, 514721118, 790493954, 426087699, 3256857953, 3248211199, 2272147777, 14350816, 3129903491, 3131177722, 3303306629, 1276341824, 2900401721, 2422285102, 50523920, 3221147227, 3289389808, 3173739035, 3018943065, 3244489595, 3189287665, 1577139858, 1913126370, 2792825011, 2996297678, 114638537, 3055722730, 3122294871, 408760727, 2925876291, 3083359731, 3116020385, 3100046744, 3095509087, 1150845410, 3078903001, 2748526981, 3047497343, 2448360787, 973978891, 1958761572, 39240760, 2595255138, 36466855 ]
"friends_count": 2000
"friendIDs": [1135597956713857024, 29861904, 27908189, 512387169, 1192329423829323776, 1929100639, 3300743127, 1478023304, 3241853832, 1687584320, 1471021, 273535622, 23865382, 3327720838, 15475639, 988433767965642753, 3224500311, 27384718, 1128885954343604224, 80992746, 4651124536, 1130662165, 14463244, 1181932215447498758, 1463716194, 966352216281018368, 759214761099886592, 756657351034298368, 270516857, 1172310037265387527, 1000279302, 901652115206103040, 1185437103934455808, 1052648517217513472, 1172649176871649280, 202079453, 241250757, 782267493700235264, 1133795508, 1059364494, 3298151979, 1008427781078724608, 920903952539021313, 25909021, 3655841962, 738080573365702657, 29501253, 65214004, 624720560, 31536849, 14939981, 973020873539096577, 562580100, 1044674111467909121, 1364643937, 916340652627189760, 1210246353441492992, 353530166, 1004258243298787328, 380304573, 33031294, 1131997400, 1023402782479589376, 191504048, 319259180, 787787665244557312, 746966701, 2786112512, 1057002489084551169, 4799833103, 2207625349, 1879876399, 531399953, 31306654, 243487957, 23828789, 334016084, 518662758, 2390012095, 99380054, 2763367172, 19309510, 1152376951, 971137399492431872, 1180297668024774657, 339360403, 1199567405221056512, 749258325590695937, 750393899412250624, 2998549197, 2419698320, 1427855353, 977293466, 148546944, 857742760488701953, 101548314, 34774302, 154648558, 1193216263671037954, 927335213159538688, 804437351560835072, 1171808695845621764, 1908070268, 1146183680, 1024030190668800001, 1137503605, 2564296137, 70973047, 852029480, 886213284948561921, 3124725231, 20600084, 46694102, 156752620, 95565144, 18502482, 1105072130, 735554299246301184, 892206359688601601, 978119523726376960, 1078000518855909376, 16613978, 1083407558415667201, 861563076440731648, 18264302, 3302189903, 876274117779087360, 791000840559554560, 123499123, 55257156, 24790283, 1108032143656144899, 1091404973781454848, 1018244137693401095, 225970038, 112336688, 557483649, 22412219, 243905905, 1088401875769147392, 943961342209380357, 4165466061, 1134059457191776257, 1182041806294409221, 95485773, 13461, 1161723340475817984, 757334954971918336, 1419452342, 468937276, 1151233480539267072, 16038939, 595778866, 2511366530, 2514499080, 915945576017072129, 18937505, 256824557, 1149314899555655680, 13215102, 973225500524077059, 855724532589629440, 216392597, 58902751, 32184345, 1014132831948242946, 325004947, 1153758973499076608, 1171532915018067968, 60935231, 526473853, 724840995607695361, 1005356086805725188, 925797091770847234, 897246704365428737, 47214973, 1244776166, 1082334352711790593, 4129160298, 129835871, 4341706653, 783792992, 1177608762431070211, 1498648226, 3064038928, 174593833, 846435188066398208, 3816567737, 106838129, 22196527, 1035385409759531008, 80971895, 81947940, 67461284, 46505391, 12266442, 43601906, 15907183, 51668272, 202755349, 2802013128, 40259400, 1021892427349671936, 1113644044465451009, 11277292, 18648536, 93726725, 1917198907, 1596923732, 1550520115, 12848262, 43785441, 22995062, 1095875404366340096, 3028269543, 24374481, 4141410743, 19636948, 19025957, 366606110, 3300878140, 348785149, 1241880498, 18327279, 21713274, 20481297, 555053382, 1262116632, 894309938583023616, 932756239334957057, 236707122, 1138995040485806080, 356326950, 955115355323715584, 1199795514675302400, 25289404, 1029297692546097153, 28221296, 803651604696035328, 845871379442470912, 2377815434, 21238524, 1079244936229249024, 744260935527735296, 18910324, 500231605, 52188923, 121513460, 342181234, 3391590286, 443834706, 376949454, 168913538, 15023872, 4693304155, 950443710, 256881576, 36299068, 89887215, 14966163, 1633987406, 412277058, 141376289, 386056280, 1138594864864489473, 834477656989106183, 158161047, 2492871439, 20298154, 961136212194021376, 1125353289292210178, 532298877, 1005815093395943424, 407042279, 3604540461, 42282305, 67799200, 911736906534281218, 602851165, 16234029, 2559007308, 26270971, 427893257, 1136824386554667008, 335944271, 2415428186, 1129092244361949184, 3060544291, 736039267, 744888574634504192, 1171676011081031682, 757424928, 550480601, 1017118961350139904, 1452995533, 1073653903600771072, 393111194, 2320758408, 66213051, 3297460685, 847920563691679744, 836292722399055872, 978488579864215552, 1165473239931543554, 1046799153446178817, 1162411445356847105, 40076725, 25728193, 1630182978, 267489512, 1093526799126978561, 1097279157476777985, 1050229340938653696, 1651065596, 51385779, 257727062, 3431690578, 800668783, 185739738, 262794965, 770828401594675201, 47786101, 64434700, 1232240220, 1177684189, 1004500700120969217, 171752523, 1020193403882045440, 274621616, 41852424, 757597223828021248, 194172085, 380994740, 710069189, 984406670062137345, 59629918, 3144971237, 2302752108, 20643592, 140252240, 713551456557617152, 871110728, 1128636523849637888, 1684237219, 26090319, 18831035, 152370944, 27893385, 766079102, 953688593851146240, 727658511501398016, 4196340819, 897058816226844672, 801851950023278592, 80887688, 577188478, 19632023, 4204708941, 4827353830, 2438767100, 78621972, 15920243, 8568192, 997273739439017985, 1100257852541812736, 17933570, 701944493327720448, 1038906616198909952, 336951646, 1055591047768600576, 276302112, 14606540, 21753847, 309912891, 18583722, 473628728, 269853674, 708890924579950592, 16305330, 20711389, 1151340112955019265, 4498765278, 1021913419400798208, 982416284947103744, 1154574332028444672, 42691888, 14314214, 722800417369931776, 206105134, 57371662, 1497345708, 284228173, 1115011038964006912, 2295176990, 1030478482147405826, 897679670862204928, 2516590279, 1592655272, 807694932928528384, 1153848112059781120, 847621829065719809, 281160729, 746106355694637056, 139156544, 124630991, 287080457, 824009650131628032, 842485376, 4811494442, 59082206, 2966112667, 1141399251903287296, 927987985, 773242110, 268414482, 113242685, 1901546563, 101857200, 1138616450862768128, 2164704179, 395065894, 1144370236168126464, 1116961484, 34101220, 3158063426, 1114420422970359808, 1923376542, 135730743, 2153218341, 934859599, 4352329694, 95023423, 3015733690, 239412213, 146557013, 716778011903729665, 163296200, 1106349260390318080, 22666390, 1160005796203249665, 24913074, 755057897583804416, 891978676870557696, 880940600891199488, 117341545, 60699857, 1120825296549285890, 937746035220328448, 4470593667, 806986093, 10810102, 958027795271217152, 117639473, 246527100, 833384971939278848, 2752812749, 1012134202030972928, 1117567930131263488, 1169397626275618821, 1163846021639745536, 42090423, 417945603, 2400348871, 14720012, 291547392, 202396203, 3212872877, 1265041178, 860862599407296512, 228955392, 1483064670, 563903972, 564309710, 128377619, 577333209, 1160898981842604032, 23449008, 896619507283746816, 1100245418569596928, 1161438799148322817, 1054151922553212929, 1597735117, 809867432, 858749517084188672, 7786612, 15439395, 884549107402117120, 6464292, 1044377403613564928, 382177545, 59936324, 3000805037, 17829662, 587732233, 1058594663542730753, 153223612, 1006419421244678144, 423393801, 843398474, 1880545597, 953352702548848640, 1593393966, 3050836572, 1153738279747014657, 14971241, 704760431324348417, 824807053164154880, 1861920012, 610055557, 810659912896352256, 1151801436981927936, 1084794002245861376, 264129295, 935602314827784193, 1102347683467952128, 854847632220446720, 1099323419747864577, 2591825720, 104040220, 1118676837633351680, 29347205, 47492990, 1020280421232279552, 195969857, 168681958, 878403448676515840, 1559340594, 1108746913673732097, 968103293582020608, 3598619126, 1157707834135629824, 1701539119, 764004339144724480, 15912092, 913461226683936770, 2822976768, 226412746, 23603092, 2196938611, 293135293, 1128218821, 107136246, 3426165874, 734541977413427200, 11744152, 216889727, 95574937, 2370701382, 35540755, 3030018412, 2238233502, 1158130040233779203, 779041113499922436, 997672824872423425, 31718004, 2181926782, 365639318, 2337355932, 48325671, 408094563, 323535792, 182417583, 24051737, 461376144, 1000502091876585474, 44305009, 225265639, 2382504446, 577557024, 2874373135, 971198092765642753, 44843790, 922613295110115330, 426962696, 1051211676102549504, 28049319, 212486373, 25964715, 426978738, 1116180811638722560, 18409578, 793246524780216320, 201580991, 357606935, 492586081, 405976774, 284735114, 20505437, 3430611172, 143050532, 15522950, 3063981904, 32496371, 42162790, 82455213, 620142261, 78194111, 26939677, 706712167, 321362955, 130922325, 16310154, 8236062, 311922445, 19452751, 32213049, 212463839, 30350886, 59949396, 631364359, 42448766, 110593394, 3265372914, 121081111, 2249003628, 490520325, 26180278, 1949906586, 22811937, 426545723, 167333751, 1201710146, 102595595, 134160119, 53173768, 179650731, 18221684, 180949358, 22712989, 942878337806032901, 1228325660, 796389672771534848, 938649236765261824, 17275113, 134231070, 4084827705, 23550465, 1010290295416684544, 2497385714, 874293005611565057, 1024817395330895879, 890242545393053696, 985958729483988993, 16431751, 2799006632, 190371395, 24215395, 19679758, 480082266, 97189578, 793623386605907968, 24236494, 35056119, 1110598934899105792, 2298691933, 1072771758, 87158367, 83487731, 2439032786, 576458871, 3350929588, 1097015619805839361, 165891888, 1047223893033934850, 4198484602, 14335586, 888940591, 900318463, 3350629059, 222580165, 3106778520, 554510636, 907663064, 705807268835672064, 41876619, 78293304, 1035500682546225152, 1077017899, 15443890, 1017637447, 742913791780900864, 1069794167025516545, 3044905366, 23117833, 820032673, 22849568, 3341414159, 58509475, 1142219982035701761, 238362634, 2408794954, 40940101, 18659109, 22576883, 24944842, 271650180, 160091983, 448462275, 1081946735843389442, 425032726, 1129453041290293252, 1138440422173413376, 317015977, 302939852, 3183454086, 2191402180, 759216653393653760, 889032812, 623007529, 930117669575168000, 994517523985911810, 743666157576544256, 2564853307, 287333780, 1131327121110945792, 3100646162, 1134277862976962562, 443215941, 1129752339147923456, 36776519, 783486540924260353, 782690270974312448, 15855981, 309745283, 2349527945, 138203134, 477173570, 1870130772, 191682499, 140963882, 62024240, 3015314432, 202623127, 407634720, 1098667082307330051, 888580492043399168, 985940082174472192, 2314449638, 39804874, 33549858, 39253470, 53308921, 750567798, 1340632194, 1107375780215050240, 1330625646, 382303129, 1061849552, 215906048, 24489406, 245975878, 1119108257660854272, 20607518, 22429200, 32334226, 98964551, 189775478, 719525251571458048, 1064644938346971141, 359110231, 222244563, 3316557948, 140118545, 375836504, 784317101209100288, 787149253302812672, 869601825556713477, 441120663, 213088670, 24000965, 756326066, 912727841749348352, 44254829, 3178485265, 15883010, 1132700197799092224, 41707730, 892425083070816258, 269538767, 25264070, 2227291656, 1126700856005369856, 373458345, 274550151, 282288426, 42586566, 748764065514688516, 629690963, 754006735468261376, 633163177, 894344024563355648, 3295462493, 342861223, 4399361015, 327237124, 253688871, 22162854, 519190298, 123936035, 1113917699187302401, 1101284164437970944, 56973036, 957053936908648448, 1280737226, 1487025703, 296120111, 747043567936352261, 30353735, 24430156, 734257487919058944, 4878825959, 70425848, 975502394699145216, 2488855386, 846962629222563843, 44674447, 236544098, 131260011, 794911555, 917137956, 382171562, 39564949, 258864323, 19143078, 1126834325155041282, 372077273, 1000472436830343168, 8190492, 408936376, 151954525, 117230573, 194648283, 4726534534, 93153323, 904194049929830400, 8192222, 4099171, 17553876, 16975678, 1296774715, 1104547601880436736, 972180595, 20030478, 1097083258242625536, 16803519, 1090789052914196485, 1002601301530894336, 1880725393, 29838232, 897884124291125248, 1450386817, 214643414, 1049720926256787456, 934843196663791618, 1003421701538045952, 998733055719301120, 37109075, 30239258, 39943742, 852973970026516480, 1250191058, 338727056, 4222478524, 477982565, 240910066, 24943151, 2560783731, 995432244750831617, 373259709, 15254192, 2923007800, 613702825, 29494645, 19879313, 185609437, 774357990711316481, 172387062, 920508867146108929, 771797673515114496, 556266361, 160304538, 30925378, 758420997380898816, 29284837, 2861354860, 18242547, 2895138060, 1056762508625805312, 298271045, 16190305, 2976231849, 1017931256468656128, 21087335, 2185679167, 3041806677, 742107806598209536, 68070404, 1924368422, 1969303117, 29867516, 1079143261657317377, 1079831289765785601, 26020465, 20374624, 753354665543266304, 176535370, 2787439945, 997232507559985153, 702287641257992192, 2520258640, 1084243960988602370, 1006228517753905153, 3252290035, 731866135, 772089018880327680, 25173095, 23944798, 1554126276, 849781358754922496, 618777970, 1045501469041065984, 14559508, 44764009, 44194380, 824446979333849089, 1345516880, 2784509023, 1018579128, 109662868, 2270383012, 1035010459, 2435607234, 25970603, 708889078406598657, 4639784712, 3126883612, 818788868627501056, 2587301354, 2233562335, 25030365, 551433993, 594885119, 739016215, 20022261, 84279963, 17863018, 1093262898976022529, 4164295936, 962786546503028741, 923692844405026817, 997774805511360512, 2768930252, 1087871641961537537, 736249282898972672, 938250962925264896, 2987458941, 22147751, 812754883719725056, 79171702, 3830097076, 848390172450443270, 817482777381605376, 68003308, 874017902155976704, 19916717, 866355354942062593, 548324890, 991490444012875776, 16685316, 14327149, 2933089397, 14653034, 1049498971930947585, 1899177630, 945027668482887680, 18278629, 44394176, 313184896, 374194981, 599526685, 34519513, 1040444913270382593, 413456985, 255747911, 1056768882, 2859367110, 4183966048, 1044794911067975680, 35265090, 948732980591120384, 994964754971152385, 1089533836470431745, 303380444, 336333652, 303624091, 1240306220, 2327860633, 15741208, 93998466, 46868231, 3013885630, 1019322561824296960, 137197119, 137195253, 32772956, 29472053, 292596760, 406745433, 37622191, 23818581, 199569357, 74287117, 1630896181, 376558230, 746614132602871808, 289215998, 103394487, 75759846, 31055544, 41975140, 400539441, 2826347165, 594542811, 794786977, 400448353, 1068884354, 37365541, 15033845, 14512052, 719965739168460802, 2855300650, 840378550918176769, 78071252, 817498809118953477, 409486555, 912904946, 62290422, 23141473, 598540507, 821571656149667840, 256088160, 332637009, 2644697608, 306962449, 45660048, 780412420527382529, 253809805, 725255153821962241, 15085498, 463933187, 793779408821641216, 224043517, 1054056458, 27189472, 176642704, 3317220703, 9695312, 36132890, 177388963, 21447363, 79293791, 73992972, 24144190, 946912123317239808, 3293466585, 40367042, 15878113, 28684544, 628583940, 65114921, 1048310920114360320, 264069839, 968877464, 779245456392069124, 849734940790988800, 925457674963124230, 1378000488, 883458039172526081, 182695384, 1015323077415141378, 968819169448939525, 890217216, 23991314, 24700996, 25825321, 190122684, 1035671613843197952, 727354459815329792, 370552451, 921061109347561472, 2603131591, 16688083, 2802812931, 16299275, 24919972, 1045451081218756609, 700897194186924032, 34359954, 1616100996, 211564038, 441261802, 949477338244268034, 49148410, 40644000, 282749926, 2895724867, 1059610880386785281, 258896042, 78723617, 342863309, 109974187, 3248211199, 3572452525, 2192059892, 23147110, 332959469, 618283989, 2935618898, 22013526, 3331875599, 116753374, 208244895, 20770892, 720674547280818177, 280846356, 17750610, 3304946429, 2369335940, 736417956, 2820666877, 739784130, 776860630934360064, 85498824, 358372931, 3257902475, 1049326447679217666, 18754532, 559073980, 3042007888, 1077393145, 2534632328, 28029641, 4702672622, 3301296666, 920524748, 32159785, 3128712246, 1045006071058714624, 19202455, 426394266, 957084016468934662, 713922962, 970140879393579009, 872996099426013184, 2451789480, 496720964, 49057601, 2528881981, 1451840298, 472388888, 506640338, 14770131, 2199786713, 1721820800, 985151989611933696, 1020367103948451840, 271086511, 21478740, 231092552, 1036450878960611329, 1364847103, 555548903, 887896644552978432, 44409004, 2917335093, 32402773, 233252886, 15224867, 30364057, 22724191, 21148293, 2981297384, 22599807, 2688562927, 185117418, 143163210, 2898514240, 177313347, 329367887, 62187218, 849733286855401473, 375454386, 185609783, 246682858, 3949694712, 258916078, 2769533518, 3817123698, 17910689, 3898598357, 71202643, 174226791, 257044617, 3044988133, 78381071, 1450163347, 25425407, 29417823, 115514650, 17681513, 53732896, 34507480, 4095028819, 627949093, 1017573271934504963, 105921589, 542812679, 340035311, 24287329, 25684856, 824254804960669701, 91225009, 740475796511465472, 255646696, 2350604978, 1015004427692986369, 126632581, 184855063, 39315596, 2764045904, 981545128216092673, 923361327883669504, 33549978, 56758774, 506357990, 147754695, 989905285681573888, 355629838, 1202500904, 712753741, 876753805689446401, 902365904390029312, 374900083, 960927015770689536, 16402111, 19377913, 974320164396306433, 46484304, 278862779, 981259709356404737, 16894200, 2760961457, 2921540103, 56470455, 1620052244, 134146476, 132533271, 2895603311, 844556940, 1621303962, 4540682600, 467126049, 847505079913431042, 850107255273922560, 286215176, 3420603887, 1406535878, 805965968317026304, 230454700, 819914948361023489, 352966502, 878871289418715136, 928817766177693696, 2745659780, 2284100936, 1350549294, 2886192275, 91441711, 63652756, 4847623901, 4583006241, 2269278050, 3320770064, 842520310226198528, 375951454, 2859167786, 29681137, 15018491, 19727261, 727259129920675840, 813104960418234368, 38528124, 192684102, 103012173, 14326874, 835218686122287106, 14079041, 17220934, 247146974, 145830934, 1031786832, 69276974, 3535653209, 2768442791, 58853868, 31069486, 76176835, 25015236, 2758856441, 780931796502323201, 748884746084769793, 27970832, 195039753, 848651060, 854367147690258432, 858939942654705664, 722870569301970944, 35762475, 19373710, 16458319, 2718720602, 23096391, 239585441, 2450512760, 905797748577984513, 93005677, 2923124470, 15945351, 55857688, 95531298, 797644272514252800, 976442516403712001, 588321287, 52496551, 3283661502, 30351873, 2295791581, 83768558, 2966842697, 84535182, 854412735450238976, 53933574, 970666341584855042, 1915033663, 944835650, 562248311, 2713912303, 835131350281764869, 47141752, 82904551, 15442997, 60763718, 2786311606, 90035495, 32985158, 3274785146, 965266179836252161, 2764966536, 863439451493605376, 3806553495, 101196135, 761185945949462528, 916414924678746118, 949040844425891840, 324613162, 1010484451, 272602977, 29445023, 2742291760, 2612317952, 307548363, 3293600893, 2413181754, 176722224, 337766434, 4215998412, 31339831, 600406031, 261750851, 127377113, 2377429289, 19017237, 21066807, 79367880, 15792387, 175180732, 70740986, 1292376426, 616804632, 46786678, 909008725867933696, 766978954519465984, 2262188238, 19279990, 851392790848131073, 606750134, 43162741, 210568127, 97709361, 15661871, 45266183, 754593911851462656, 17364412, 2161588465, 491710556, 2615789766, 1604444052, 7412922, 347351145, 902102136, 2269570470, 33041426, 14743727, 270774320, 2264611435, 2330922198, 2231929837, 43864871, 818255659, 2765849867, 2279883714, 905595529601548288, 4644564432, 262507408, 16568227, 937699966071558144, 84668697, 1329874196, 39219712, 913479580358447104, 2360170082, 286270607, 222261420, 782373372286164992, 169586297, 122533830, 23709654, 2563828109, 810327251652931584, 42451620, 3077894807, 892019515206324225, 286773713, 22405743, 1137175184, 74087670, 74669397, 101613166, 3269576684, 31135856, 612750924, 822287779, 1081948844, 8593612, 39809348, 55098983, 855090189433262080, 860239969587269632, 3730098207, 2187456223, 1967796474, 2176972214, 42241090, 918988144178970624, 178476927, 500190142, 234534497, 412806234, 17437511, 164418122, 18776647, 3158128076, 18650093, 25629056, 2150327072, 67756188, 409383028, 36804612, 74580436, 632110916, 22173996, 451824989, 66711552, 4884591892, 2166981612, 81061313, 159225370, 2171006210, 570841197, 165678616, 736968050424041473, 154440107, 711395010, 2989950238, 361349229, 27938182, 153546863, 858797072937517056, 323938092, 47200427, 1983121, 17019152, 2663218926, 97116311, 31108138, 99636495, 69444800, 3363628337, 867791510829490177, 854241227503529985, 787313839217848320, 2809618501, 3861372432, 71944413, 14523801, 25773458, 18142856, 78765448, 3385766446, 97040343, 1357773006, 798344575370887168, 2655108936, 69981632, 1123703755, 1120516316, 826740883, 183398746, 2421375722, 19725644, 1584361494, 14572422, 21932786, 633479426, 1606384740, 16926550, 2416852706, 68549082, 3325185348, 474855105, 14706879, 2431023883, 2962529755, 4247404887, 2921902009, 25173176, 4346252549, 769324213538729984, 592527652, 843723643024629760, 160319128, 2534803683, 212326989, 851961417116905472, 1322735690, 29825704, 2458766833, 23758740, 51328407, 393966454, 255316854, 147966474, 66528154, 168778996, 2800516102, 15383636, 167888158, 56838529, 2468242350, 375837200, 84359742, 723561286093557760, 14790966, 3304511181, 2887846154, 216558300, 4421977275, 268941928, 824989145491763200, 796900807685840896, 4229686759, 3331977725, 764122789624352769, 4259275163, 330447796, 3252420284, 2247669512, 59356129, 898280893, 184866881, 50055294, 15033883, 3076176105, 301182041, 70054190, 1337194476, 350261828, 362655140, 5392522, 33988890, 780608496106549248, 16600574, 208524001, 376762928, 146894920, 2244152327, 36860088, 73171449, 30714308, 13393052, 17862530, 164951970, 606412878, 4620173535, 2249442812, 721615452, 722758740160552960, 253695954, 2592541309, 772307789402157056, 28598420, 2329696861, 388521369, 17471979, 2884929017, 82180521, 426667784, 1476179166, 1835325828, 1124159492, 73412535, 15006937, 799291406888091648, 110076303, 4691172338, 1104064116, 2854665852, 18202629, 1325084215, 763353703663464448, 331061989, 2418482094, 128255516, 285296048, 473099336, 3233191699, 151565039, 2950531715, 178030441, 23874145, 2893517771, 3306296610, 1021286072, 27503162, 3385357437, 752667852700659712, 20482205, 287805677, 3377690714, 2332109947, 29167256, 39440412, 2418602342, 3225692906, 335401623, 135617852, 375329126, 53985477, 706933895502163968, 1522577054, 3007451620, 398092540, 342770193, 1697553324, 2419374126, 2569839645, 1014348966, 4400582433, 273138340, 4349708549, 1674112975, 2471540970, 34886346, 739496984, 52818366, 39701585, 2303579457, 100326850, 2530899672, 164857241, 272191896, 455144686, 722566982214639616, 222203301, 4693824272, 1027625414, 47216804, 110897882, 223528746, 96879107, 508232533, 143862976, 3318133071, 16495335, 226220799, 18825961, 1706101310, 209699254, 37492833, 25258210, 39672089, 45494617, 1245320090, 89760824, 124003770, 75892358, 257126765, 24456800, 188761522, 188389486, 2961944713, 24058779, 416739218, 468001209, 18159470, 2720668146, 2983083172, 23375688, 2485526592, 2263991443, 585662248, 3569799195, 554903346, 1168662188, 436383077, 403697755, 197935374, 866617424, 2904727191, 1476133082, 568825492, 269952004, 73406718, 399928821, 18645499, 23566026, 14230524, 14812359, 214164173, 713045165569662977, 776887052, 465760028, 39000115, 1233498733, 3065429605, 146886604, 237845487, 157471754, 3232573141, 14260960, 547068965, 282326237, 29442313, 216776631, 4737985707, 28406270, 2804418030, 13649742, 592912724, 19651284, 621212626, 74712538, 4196983835, 14163748, 14163722, 234053160, 40139016, 210238655, 2298828222, 10505322, 516559427, 394559206, 624829481, 2861454369, 3003117575, 930160098, 15160708, 3507595933, 14499829, 37597184, 16212952, 46576295, 14166096, 91390383, 460485003, 2340500672, 208211058, 2561800070, 3297959406, 558052181, 807140852, 967976959, 3550804753, 386963383, 160628441, 162878430, 42797629, 42496256, 201551945, 3260919876, 1933042237, 2229173844, 2652054889, 44504392, 328167568, 41468683, 14644097, 3406001052, 17881816, 3236802742, 53338746, 16547369, 942960780, 24671422, 182384817, 386745256, 1335767059, 285368746, 24046313, 333712068, 366273151, 59472451, 2711189276, 35730171, 17350250, 233334501, 273285129, 351847083, 885679260, 679493, 43289545, 3214271523, 2666975766, 14813074, 37201974, 310974232, 450363145, 1041346340, 304343990, 1292418902, 241230333, 39270820, 67377408, 1026706920, 388366907, 481469367, 43398776, 19471651, 18245875, 3059205471, 16702757, 363529473, 14083947, 634734888, 15969172, 16092470, 2765283672, 19758982, 1645511557, 322871349, 2861010145, 591920938, 170791365, 18634831, 2504398849, 1373127894, 14256353, 1961088403, 2307028544, 1710033812, 62677369, 31351370, 26938222, 2724450036, 205957912, 69491812, 182500191, 141255579, 163562125, 169596158, 989621617, 529274609, 307824921, 329417666, 2376071011, 621531838, 175940138, 14574536, 960018122, 16288455, 63112528, 17995951, 18924291, 3062396721, 3110972937, 593706990, 34925521, 37734248, 20215446, 294660973, 20458149, 20609518, 3241253291, 1649477438, 3393909299, 50158351, 3237595434, 17045039, 64470344, 318482708, 3280595552, 16172320, 2535139277, 245841182, 50701663, 3291332225, 2843685004, 15784302, 57038301, 2254713240, 48123945, 65787639, 2758989526, 14810162, 406699483, 81425978, 514721118, 65957347, 461660328, 18916728, 18021496, 21314814, 43568101, 14159444, 19557220, 1173400687, 2272147777, 161313446, 27379446, 592309049, 2873522944, 21502768, 1633858764, 20931480, 14350816, 2557507070, 216102784, 19608297, 2463473684, 3129903491, 2175281919, 2828695768, 31583882, 2225036234, 3002349323, 2917075736, 547330300, 16794568, 22657351, 43420866, 33315233, 21553451, 21669123, 1646765102, 59502660, 39656682, 51591957, 2776676325, 2996297678, 114638537, 2614719662, 104086983, 1022522006, 1885228813, 19806306, 1639305888, 3055722730, 37005435, 66699013, 2448360787, 532293628, 345522684, 39240760, 2294938189, 36466855, 2883399184, 25875926, 19045202, 1276341824]
"statuses_count": 1498
"date_followed": "2020-02-14"
"obtained_tweets": 1475