"screen_name": "MarsellasNick"
"id": 1175039530665172993
"created_at": "2019-09-20 09:30:36"
"lang": "null"
"location": "Pittsburgh, PA"
"time_zone": "null"
"url": "null"
"favourites_count": 157
"followers_count": 62
"followerIDs": [905899770463617029, 1167536651146530819, 1490412530, 193366327, 1082457457551654913, 863090268614123520, 204149658, 72180302, 4189660895, 950861467422773248, 1213813848999751681, 124378011, 993980930623602688, 269806927, 2929091383, 1174140711635210240, 3099964069, 503196683, 3248086320, 965363570, 933342822, 3238301483, 14720577, 4892641215, 992801332825378817, 240811515, 52033988, 3241833597, 277294812, 1187368219989938176, 167992673, 440519278, 432038292, 846661685834330112, 2382142202, 741612876109123584, 1321576200, 826511282916372480, 836379590465572864, 2312534989, 967800917683789824, 2817332922, 3033298903, 899128377810046978, 2815540876, 4196572814, 14936894, 291878771, 17856933, 1061199470, 1136339337635913728, 961791660886814720, 2396833946, 2372098868, 27722287, 2259590486, 2776308155, 775726412602892288, 431890769, 232468124, 440415258, 258615994 ]
"friends_count": 170
"friendIDs": [204149658, 757334954971918336, 398858217, 1165785307792302080, 1490412530, 300890894, 1659184532, 863090268614123520, 1082457457551654913, 87359651, 708996163928723457, 2415048655, 182946272, 210619467, 613931023, 964345488513277952, 3129903491, 160278135, 848390172450443270, 615370719, 2920085335, 20110424, 18430758, 1706101310, 97040343, 72180302, 4189660895, 14081098, 14308843, 1009506085042995200, 1172649176871649280, 2494206019, 103305898, 412557587, 993980930623602688, 916517473473617920, 983747998432878593, 1364643937, 2929091383, 294980090, 2835141777, 44058282, 480368045, 63763479, 221168889, 701944493327720448, 52615210, 2199541, 903675184871288836, 250826088, 146215177, 448356663, 1618360387, 938033653, 3099964069, 3248086320, 905977813534171137, 503196683, 747471443135324160, 2590054866, 965363570, 255087111, 580914197, 2579133678, 14720577, 1630709755, 918174261855920128, 801264172642213888, 4892641215, 102417993, 992801332825378817, 240811515, 6473302, 3241833597, 3383748198, 1188905370523258880, 277294812, 826511282916372480, 167992673, 924833327848312832, 432038292, 440519278, 846661685834330112, 1066033516981469184, 378249100, 2382142202, 198716804, 939606978292342784, 870366407829200899, 1091086616, 339791868, 1108096039431651329, 1181060486172938241, 27938182, 2902482482, 596290124, 967800917683789824, 2817332922, 3033298903, 899128377810046978, 805080190913310722, 2815540876, 4196572814, 3091031607, 162436508, 19166519, 498072974, 14936894, 478823758, 1006037369001267200, 17856933, 3321839466, 39674065, 1636955264, 291878771, 1061199470, 1136339337635913728, 839867083580112898, 770702174422650880, 2863710326, 2372098868, 1710754698, 2312534989, 2396833946, 569968968, 122264574, 88007126, 52033988, 961791660886814720, 27722287, 3545172735, 2259590486, 164951970, 2776308155, 20297917, 370423897, 51393423, 899326858331860993, 430380131, 725426518747287552, 1726682706, 1009797067982688256, 323599188, 905797748577984513, 74087670, 130051975, 3357176170, 82255477, 775726412602892288, 39270820, 51080280, 66526659, 191942980, 60699857, 1292418902, 35910174, 952046950878269441, 2937218962, 133449031, 2392998883, 232468124, 431890769, 78665762, 780531042255896576, 28621943, 258615994, 836379590465572864, 450841499, 440415258, 2798631410]
"statuses_count": 75
"date_followed": "2020-02-14"
"obtained_tweets": 74