"screen_name": "mhscott33"
"id": 277728829
"created_at": "2011-04-05 18:32:12"
"lang": "null"
"location": "Toronto"
"time_zone": "null"
"url": "null"
"favourites_count": 397
"followers_count": 80
"followerIDs": [1873700016, 39482489, 18569726, 2737018013, 1118463413158592513, 66736311, 3306005770, 3306201767, 592025421, 4053133335, 567361248, 867594056876134400, 374563365, 203543496, 4375674869, 3238918217, 742928459597504512, 239529833, 563884571, 3241980733, 762834649441669120, 3249140718, 3832106173, 1324762746, 2598372054, 2532388855, 2453069651, 2657008632, 4752127434, 3100280034, 50867079, 24637847, 2874311203, 30367930, 26344453, 24112138, 2761090760, 29849239, 1553331122, 870975086, 17493483, 727414418, 2159788602, 459741488, 462128369, 1230104372, 1705720164, 143778798, 98893069, 567257386, 592831225, 350376367, 575627050, 275208715, 260301346, 217436827, 790010708, 559979674, 291719742, 273266596, 369860721, 575194537, 491385944, 457028608, 197568235, 25311877, 460888520, 464975498, 18655633, 357514603, 320142555, 53770444, 323707762, 316722659, 301910669, 246952420, 40429557, 275363764, 280827001, 17584321 ]
"friends_count": 312
"friendIDs": [22502626, 2804062573, 2606120593, 1364643937, 3083002802, 1873700016, 39482489, 383175896, 267955813, 18569726, 2950206855, 66736311, 16295454, 20711586, 17684375, 2737018013, 19038934, 580097412, 27042513, 39378322, 67995848, 14583400, 16365927, 3063032281, 24776235, 124335068, 130491582, 47285504, 18396070, 24807616, 871686942, 1660468830, 14216661, 246952420, 727414418, 24637847, 50867079, 3100280034, 4752127434, 203543496, 867594056876134400, 116502194, 138203134, 24024778, 500231605, 12848262, 89760824, 1223101, 166415162, 259392555, 19557220, 22372121, 3306005770, 52551600, 334084990, 2496384841, 1115874631, 4053133335, 55272667, 969764103999905792, 67012210, 930496931578527744, 613468865, 547137704, 4836947526, 15782017, 3306201767, 57047586, 14159148, 245037528, 15947602, 551290354, 15837659, 821415163488256000, 66967746, 14700117, 527143055, 14869615, 3308676742, 629143437, 30013357, 21857067, 4193699774, 382662522, 23655688, 2362916395, 709795177339215872, 3685989557, 418200861, 374563365, 2902504253, 2888099231, 286998245, 20675681, 14294699, 7280572, 807345151, 53599481, 2525695153, 494395147, 18789843, 360709542, 455015129, 432574178, 260369179, 377712837, 53914823, 311467326, 239529833, 563884571, 112897540, 313612019, 742928459597504512, 1324762746, 27367370, 494157446, 4375674869, 14511951, 5402612, 19725644, 16012783, 1093090866, 807095, 29442313, 2467791, 8775672, 813286, 11348282, 1536791610, 2248872301, 66369181, 2359926157, 14681605, 602317143, 500042487, 22461427, 3165817215, 215187970, 198618575, 3040627280, 12880012, 264897818, 757184449, 12993222, 61040833, 61040299, 1209608880, 3305457262, 112019337, 17659340, 16034244, 203123011, 23002923, 243679064, 623242642, 8736882, 43355844, 19025957, 2332220911, 75641903, 20106852, 60173249, 574168493, 61593861, 483192121, 625022363, 1959556592, 20015311, 304679484, 17493483, 42672470, 2874311203, 1684090087, 17881732, 13896552, 1230104372, 65289126, 215060612, 62513246, 128956175, 237845487, 79547589, 166739404, 104969057, 1022596614, 391037985, 186154646, 14824849, 27457788, 47786101, 75974281, 50374439, 30367930, 26344453, 18831507, 22216670, 213155070, 1553331122, 24112138, 2761090760, 29849239, 325633686, 1861393146, 44196397, 4519121, 371083259, 870975086, 459741488, 462128369, 143778798, 823905, 803645030, 84590876, 322039146, 209077059, 21212604, 144043406, 567361248, 28143378, 98893069, 592831225, 22692199, 573643079, 21727753, 15559134, 16708360, 250724456, 37727697, 40575871, 567257386, 575627050, 40923348, 22785299, 364488011, 121449828, 63631693, 16708161, 16244758, 298847599, 275208715, 260301346, 18655633, 217436827, 19636948, 469397777, 807599210, 61033129, 353260928, 291719742, 559979674, 22710885, 18223660, 790010708, 21635695, 67109130, 331668175, 220889127, 524396430, 58569264, 254119448, 16605415, 491385944, 381652717, 575194537, 457028608, 273266596, 632453780, 25311877, 197568235, 460888520, 199535642, 85961344, 365004642, 369860721, 16437006, 569464431, 7861622, 20640342, 18713254, 1183041, 52344859, 243662948, 527526077, 102705902, 53770444, 357514603, 15799766, 464975498, 16343974, 14751254, 15069245, 14718162, 57043857, 56820218, 248810151, 291954136, 20638192, 10810102, 15227791, 15439395, 10078882, 27171880, 87137824, 78399701, 217911721, 16423836, 174307074, 17258481, 8008212, 40429557, 17584321, 7861312]
"statuses_count": 1301
"date_followed": "2020-02-14"
"obtained_tweets": 1298