"screen_name": "michaelclassens"
"id": 109551284
"created_at": "2010-01-29 07:51:31"
"lang": "null"
"location": "Toronto, ON"
"time_zone": "null"
"url": "https://t.co/RnunmhvmOv"
"favourites_count": 1318
"followers_count": 235
"followerIDs": [112306315, 350671528, 1184575788894642176, 374616401, 287217854, 820296383458463744, 1216499861496815616, 302877517, 148418732, 1171494049968095232, 2874150928, 1123908099092492288, 720670418, 24469223, 921502929496035329, 257528381, 2830270511, 92334994, 982017242354388992, 569517653, 42553151, 180513765, 809226602491936768, 2253896370, 1121753694985490433, 1286380352, 908495501963624448, 200310020, 30106943, 2747419071, 3845453723, 3000138712, 1116067276501995521, 829364241694130176, 71035491, 212597038, 16931588, 2369039304, 3297671362, 3010864766, 971502968825614336, 889623692787027969, 2476868708, 963072244019793921, 753662545173606400, 560651280, 1073408239713148929, 982001478306009088, 1171048452, 455886884, 1073685353742008320, 208560176, 1013095489237995520, 1608454182, 561498336, 1089531586213761024, 164453894, 1087479438898417664, 15416816, 1102571833, 1030546808743841794, 16424721, 2696658141, 917991354034262017, 66191110, 768957265881595905, 2987556297, 36201160, 815781478684442624, 525948204, 2841296307, 846225032, 1035606414104965120, 1604222401, 55587025, 364039061, 54567552, 2491744160, 174344393, 3990014674, 3939316635, 934449014690406403, 245212504, 925617978602872833, 1238901774, 2286931910, 2557981296, 3428705261, 845699665865691136, 1639512492, 4204019957, 758463913671417856, 3073375362, 2232492801, 4918262917, 1979370704, 854375908995731457, 253386524, 850456591337783297, 1325088091, 844911623605305344, 1913055961, 839320674292359168, 839157758712754176, 92345478, 834243711873736704, 4151344523, 29253678, 786074964881440768, 244982631, 245186977, 394416932, 753775639, 137564364, 4846499523, 702122301328756736, 1151492660, 3572454432, 44007579, 275850790, 133001507, 732599278120488962, 327645063, 450069159, 4150036581, 1095624530, 2905202788, 719736804061143040, 219427094, 730382391932534785, 190107871, 2304056449, 2344383854, 2412610214, 707208888341438468, 31303822, 4880069603, 740231009602527232, 2446453094, 187743979, 1532634804, 1555874443, 724505149, 20601500, 4058916254, 110442118, 37115912, 583016583, 161972900, 4867884165, 1465392660, 2280962372, 2320821690, 16487624, 4123664421, 4004007201, 17967737, 1523816082, 3357411357, 4049538917, 2701875541, 73406718, 118656924, 18223968, 113516847, 68673994, 1950553470, 212211701, 356858622, 25960663, 2218489032, 2358852270, 196419479, 310324765, 2770055724, 2545157323, 3153188046, 21577991, 170897500, 40524545, 3112536309, 3071630282, 271073215, 3091091190, 936019927, 1415621234, 3000680530, 161900841, 185817496, 2910760529, 55272667, 247412217, 3041435968, 2768565481, 2396688822, 1018962877, 258940556, 161342029, 1013808600, 2789017113, 356636080, 1630223628, 29273142, 1357931292, 26083573, 22485207, 1227432715, 1536221850, 785296105, 494668818, 887825390, 2852923427, 20574308, 267449695, 2353889340, 196781474, 43849649, 15088481, 565015141, 23461804, 211358203, 2345171826, 1861599721, 572164082, 2195564705, 39234568, 329350223, 21610572, 533611582, 418384616, 260293862, 205055536, 140122754, 24651055, 102511216 ]
"friends_count": 842
"friendIDs": [112306315, 25519320, 374616401, 319589787, 26347878, 1204444679351283714, 18484483, 248765416, 117128730, 1219366122, 1220367666239746053, 820296383458463744, 851227904289755136, 2993576053, 102024654, 78457232, 1199457020560265217, 50810344, 2828186370, 2439975073, 337814489, 1213290463630774272, 302877517, 2979191421, 39765437, 284027194, 576270319, 1364643937, 148418732, 96589894, 1166793512500809729, 122764437, 17409903, 1171494049968095232, 2766931543, 961075494920876033, 999143218137718784, 95975081, 3397306505, 357126037, 1149855842726006789, 83733687, 21274159, 349176010, 2838966220, 2874150928, 600679694, 4451725583, 1113906875240722432, 2574885678, 626735406, 413415775, 18604790, 921502929496035329, 24469223, 32774123, 720670418, 815415284, 257528381, 24897626, 160249632, 1047272299131490305, 2409471450, 20176082, 288277167, 3015426209, 246214157, 1013204139734654978, 2370783714, 1942107584, 1111267958930628610, 2830270511, 2209778173, 92334994, 249967395, 982017242354388992, 577371818, 26551488, 360369653, 569517653, 540031198, 71035491, 24215395, 42553151, 107857325, 177177601, 180513765, 344515643, 1091395636409352192, 809226602491936768, 1121753694985490433, 24946486, 998039902234333185, 1159649700020199424, 21269439, 908495501963624448, 1093598940480471040, 482439377, 30106943, 19422321, 472973681, 101008987, 3000680530, 1630223628, 968132048438272000, 191701613, 1141700833270276096, 28352201, 1112568511, 3000138712, 1116067276501995521, 2611823360, 829364241694130176, 380777667, 1916054216, 80210714, 720663855039451136, 1110376639769333760, 1103057905593417728, 1133712460442157057, 350671528, 1104859362, 21661825, 269552973, 2584213500, 4908189714, 192240593, 476025878, 16931588, 212597038, 86002394, 1872572352, 3297671362, 85640352, 3010864766, 889623692787027969, 1031664218, 720951847, 753662545173606400, 2847763210, 3632452764, 2239631, 1956441, 1087460801508769798, 785924998707896324, 560651280, 352065026, 963072244019793921, 1073408239713148929, 919555427184103424, 2151671676, 887999034950119426, 289820167, 1171048452, 543827788, 17773037, 1073685353742008320, 2743194200, 765215616710152192, 208560176, 40832897, 1013095489237995520, 930810654901989376, 3099901028, 2166981612, 21208413, 2499595069, 894956562799763456, 3160068762, 109432152, 384953560, 912988142, 20751625, 156314187, 2859448331, 3939316635, 140122754, 9870782, 541212460, 80480330, 18638090, 200310020, 164453894, 1085947606268813312, 1579422614, 844911623605305344, 2253896370, 95449787, 1601305286, 787428929741041664, 282545479, 336116660, 278650036, 2369039304, 3357411357, 1102571833, 1030546808743841794, 22283767, 299248213, 66666549, 282029250, 1577663316, 1543619754, 11582802, 273256194, 2696658141, 66191110, 1055497835247009792, 404256223, 34386754, 486713413, 917991354034262017, 174715760, 2211653570, 36395646, 768957265881595905, 4815979169, 2533385568, 1428159662, 45113982, 402888514, 556615492, 561498336, 115081008, 525948204, 479575298, 846225032, 2841296307, 90705306, 3342181829, 195738329, 48569578, 815781478684442624, 44372488, 504175226, 2810606229, 1001126591794069505, 3216837218, 1965887634, 334802268, 795627516878852096, 3664482915, 602083976, 1030175044515889153, 18177126, 17948003, 226039116, 1604222401, 205415788, 48890510, 926555191649775621, 16316895, 1035606414104965120, 1262116632, 385642004, 3990014674, 2927859907, 16034244, 2790202409, 64434700, 185290543, 115497325, 556897508, 22305306, 191915993, 17234099, 920390934025646082, 744816106829807616, 111218031, 377588094, 903697458332610560, 364039061, 2149118852, 4779855559, 474555725, 208540102, 2440511442, 74537442, 19918228, 180641137, 165926244, 23768408, 757032994850779136, 1923248718, 14652182, 821573564348370946, 502135911, 908390825230585856, 19923144, 262895803, 15726648, 174344393, 492492626, 2491744160, 2957283221, 423548238, 1689419970, 1739829048, 932779154084417537, 26763420, 77298060, 485328791, 38985057, 35355156, 19694011, 2476868708, 2557981296, 366225624, 3318981201, 181572333, 864920005980323840, 3396671, 30235089, 635570729, 215632349, 755113, 35586563, 948775674, 109337284, 1006470073, 845699665865691136, 758463913671417856, 981236929, 253340075, 18654401, 51102435, 28898248, 1306069448, 16442379, 2232492801, 410355590, 4918262917, 2987556297, 424295028, 55424198, 193095044, 48488561, 23083404, 39977710, 330590874, 416814339, 47517155, 2695011, 4909282831, 18911295, 103111232, 23561980, 2789017113, 1325088091, 3306734902, 183610859, 28150927, 107527111, 125706908, 278546333, 245212504, 3095341545, 17494046, 55749605, 14872954, 14761739, 992464663, 25203361, 813286, 2334346969, 3240143771, 76102930, 796356991132135424, 1979370704, 21718006, 55117855, 20900209, 39126181, 29253678, 779765436082556928, 180433733, 81145484, 2841246167, 17713064, 2163076560, 57162282, 16580249, 346148990, 244982631, 786074964881440768, 55272667, 21577991, 170897500, 4867884165, 740231009602527232, 4880069603, 1151492660, 4846499523, 394416932, 1908268033, 63122247, 185529670, 15321506, 15493820, 17530878, 17291452, 2910241293, 778687957435764738, 409401081, 132264502, 106446275, 16424721, 15639138, 44373882, 478823758, 753775639, 137564364, 106592799, 29498970, 39551030, 251249766, 768154438418763776, 95600133, 37774152, 30660788, 3032109176, 275850790, 2307062648, 3572454432, 133001507, 844234363, 271044602, 3045789534, 897861037, 4204019957, 1225181972, 732599278120488962, 327645063, 22872643, 4150036581, 450069159, 2881957905, 1095624530, 695967791669710848, 602343700, 552765035, 719736804061143040, 55587025, 219427094, 59815702, 2667092401, 20452161, 2815443427, 201555495, 56698900, 27817680, 65111698, 976748456, 190107871, 30602016, 107168391, 254873869, 753417777717907456, 293128035, 87060818, 53599481, 730382391932534785, 17889970, 291296481, 210605315, 77354708, 2784520128, 50323173, 437809838, 569288015, 38840103, 16466336, 4499557287, 330649126, 196411320, 29211681, 19557220, 31303822, 32257623, 4196983835, 2446453094, 2560545691, 171165627, 319268829, 81411085, 220046334, 4109801416, 2359779714, 3404289767, 271725689, 3420477195, 47027755, 156078912, 2515059460, 114778840, 39215566, 632453857, 105254794, 2323751784, 1311957494, 1072334005, 1452958129, 54978190, 18167321, 158396623, 41509142, 48353398, 40906602, 17909653, 20601500, 36191419, 498549828, 246443187, 248361545, 110442118, 21731008, 37115912, 2850099537, 27311204, 4760694445, 263220708, 1591882489, 345086185, 40059893, 108315956, 35147208, 2571127934, 39859913, 3601101676, 109991695, 1452024901, 2280962372, 24998433, 3826724481, 65284273, 308779730, 2169310394, 198848442, 500231605, 3073375362, 16481408, 143148413, 4004007201, 332627423, 926564600, 83998973, 23818581, 16299275, 1608454182, 3020024756, 163562125, 17345146, 2253890418, 14269008, 18223968, 999853826, 1900679227, 113516847, 246612992, 297492186, 149282848, 1633337833, 3051628075, 2476241568, 3381791303, 76989377, 1950553470, 2904953395, 390112423, 166583739, 266796585, 1307791, 474314181, 109338661, 39607816, 599535866, 724505149, 16856857, 2927352795, 102477208, 356858622, 235764167, 2218489032, 2230385462, 25960663, 2358852270, 196419479, 22494516, 599741995, 61784060, 107539285, 20015311, 25377135, 2770055724, 36309207, 1915336519, 16606280, 3198342681, 2545157323, 111021171, 388538690, 1074531812, 506543389, 1900566776, 14452313, 40524545, 271073215, 479648324, 389783472, 569527612, 3091091190, 3070026965, 43114410, 1066018891, 377827234, 16808453, 161342029, 1415621234, 161900841, 185817496, 2910760529, 56135939, 12599562, 271526741, 139525231, 1852857780, 2342321419, 285197586, 2396688822, 2304056449, 2823288822, 277506668, 94226347, 1018962877, 29780904, 247412217, 1013808600, 21626814, 187754829, 351556755, 888007964, 287217854, 43922186, 2795094803, 22658254, 632873524, 19326399, 2806136754, 137147631, 356636080, 69343363, 313612019, 68673994, 25021769, 125465007, 27367370, 335944271, 566825221, 140942860, 186923728, 17679977, 401839766, 21276631, 486746908, 1158705600, 26083573, 116912975, 16811701, 185809250, 44903491, 2847589235, 84589003, 1227432715, 1861599721, 1536221850, 2852923427, 887825390, 350151385, 785296105, 28700831, 32405126, 244141673, 12992772, 537645111, 2788525644, 43849649, 15088481, 20574308, 1014532460, 89487180, 267449695, 46974565, 2845906212, 65739253, 2286931910, 21276361, 168757829, 318709067, 258940556, 212339329, 1525146343, 180000404, 910793808, 2510992134, 330071328, 83720517, 2353889340, 161972900, 2303751216, 19557814, 514960677, 30109507, 66715513, 2398168026, 29273142, 355699616, 1658546442, 27769478, 316389142, 14075928, 158414847, 6433472, 2788464770, 55570147, 90896768, 604940737, 29791649, 547137704, 153714033, 19722699, 2712065731, 703103155, 455254430, 243344789, 396319909, 2152038444, 233328259, 73406718, 43658360, 473863406, 48457183, 355537379, 15694414, 113948576, 18719308, 2345171826, 34030502, 1947301, 18510860, 23461804, 18805645, 80344952, 20061523, 66496796, 1615295791, 373056420, 153871148, 196781474, 35318803, 5953552, 180887271, 21581503, 992400828, 23378774, 21362008, 80811754, 42040091, 32412540, 7280572, 133623952, 67109130, 1613399232, 28066436, 16455755, 1357931292, 24105706, 225265639, 32765534, 241964676, 887360983, 25560731, 175031768, 22028245, 23616725, 135316691, 28583197, 59811175, 18915240, 944547217, 134906560, 1219130028, 2391914487, 76733570, 37350044, 2382287582, 20416406, 90703007, 96132089, 27534889, 258939827, 20706342, 150381198, 1639498759, 21107610, 22485207, 92581274, 20348856, 92091739, 17967737, 617380812, 1043927472, 1413953114, 20059181, 189376144, 14181214, 450738176, 55623720, 21889069, 2195564705, 344508502, 329350223, 1287359551, 39234568, 565015141, 572164082, 187743979, 15984676, 701267743, 17881732, 15346695, 16351521, 12848262, 19000033, 24651055, 21610572, 84944278, 25065495, 15526563, 83866959, 18980055, 102511216, 31459992]
"statuses_count": 4114
"date_followed": "2020-02-14"
"obtained_tweets": 3151