"screen_name": "monzabala_"
"id": 4878275296
"created_at": "2016-02-05 12:07:03"
"lang": "null"
"location": "Archipiélagos"
"time_zone": "null"
"url": "null"
"favourites_count": 44
"followers_count": 77
"followerIDs": [865781012, 33587950, 21364868, 497206896, 1212786670363267074, 16358058, 50470632, 1000939114701705217, 70176038, 1034257433353433089, 935181221893730309, 743318641198829568, 1050366039089967105, 34553148, 839543318321123328, 298133688, 802277389, 854036603622305792, 821821157892562944, 990056115181441024, 497490225, 970469803717726208, 270453961, 898598426941808640, 1360815800, 2165583805, 796727621266604032, 781884719059308544, 783485222956388352, 3283395452, 1262147484, 472842155, 727355270314221568, 733729443978608640, 2693483792, 149598395, 2969074335, 489546844, 3133732452, 25766870, 703877131089141761, 500138183, 619542447, 202178786, 323912327, 3351263776, 4909199357, 475274311, 2810068801, 32938532, 64179519, 4316243472, 706672800069603328, 50127747, 1525689241, 4133609473, 3215729034, 702059104240590848, 174059081, 80858285, 3400090159, 3015314432, 4751162893, 42342360, 4890011501, 4890057185, 3639104117, 4730487073, 2424338376, 2290283823, 59610899, 4576730227, 312927309, 4846546514, 33101982, 4726852273, 1347036097 ]
"friends_count": 799
"friendIDs": [278152815, 138173024, 249385348, 443327611, 63763479, 480368045, 363529473, 497206896, 21364868, 464938236, 1364643937, 1212786670363267074, 16358058, 33587950, 3129903491, 44058282, 50470632, 124259434, 1043922082386640902, 466538561, 1007674853544128512, 823226809747652608, 765194110206615552, 523291103, 50769684, 986837094369824769, 74087670, 722304399691788288, 1026334564975820802, 191299014, 171141033, 976868447719251973, 932348398702796800, 802277389, 82538231, 990056115181441024, 1381161182, 2735190648, 739812492310896640, 31583882, 2912990047, 3282033720, 1049318365, 839543318321123328, 1273358966, 16129920, 232334386, 17565514, 63302020, 1394500710, 1245292034, 18511475, 887748229210808320, 15558573, 80725707, 17787815, 706639338268966912, 1368967027, 39346225, 2165583805, 802646542779813889, 497490225, 821821157892562944, 162436508, 3270369204, 2479394022, 249938810, 134146476, 1666272271, 16599296, 461397567, 840378550918176769, 1491083406, 2329066872, 19166519, 108998364, 26270971, 705271680084512768, 946811431, 2163519036, 32440623, 1360815800, 264503128, 807324591110680576, 21796378, 52557448, 82485774, 512277129, 53085908, 322232036, 1193733325, 36736687, 221168889, 42640487, 39568851, 241230333, 767777521362362368, 2862055063, 44988185, 2732544127, 712749181102911488, 415352527, 1081140326, 3749925316, 1610728970, 12962452, 2968709356, 52856957, 4247404887, 27189472, 351287640, 158777509, 23978727, 3040298927, 3153835676, 752736749655240704, 752692998643867648, 3031746741, 2464931624, 15407632, 2817382774, 89802469, 18587457, 20740145, 739999476996136961, 464620194, 2645602164, 3351698086, 236636515, 110213431, 1635077976, 19902330, 600402500, 1312524661, 305097344, 4578220339, 3010705976, 1582853809, 12266442, 12074712, 2696512056, 17369528, 30502115, 11403882, 5281191, 58425213, 4632467652, 103171573, 3313499418, 25766870, 15317676, 61707582, 22541704, 2518070053, 137670360, 18153969, 3240199267, 14594813, 1456087296, 221489199, 52998787, 64257256, 168156777, 106886465, 701725963, 2710021856, 3133732452, 45013575, 33283325, 18880139, 33043020, 373542836, 289506239, 122059354, 40577439, 300890894, 249217178, 67371195, 84596845, 2355338960, 89479750, 607354376, 48377911, 166825600, 33884545, 36951358, 40255499, 16877474, 122445728, 111691454, 33097856, 356963281, 149165093, 442927735, 1018537837, 17791204, 16589206, 145757211, 19397785, 97007359, 15279429, 70455160, 373490841, 2154875112, 365673408, 19927627, 26589987, 17002395, 1769551, 23674342, 1020058453, 16929600, 35773039, 15164565, 76056805, 33685045, 68880842, 500138183, 107821768, 2335379923, 3142787768, 2975678883, 619542447, 35977487, 2696196672, 7586362, 20681253, 13784642, 23187207, 2283857683, 529449127, 16686144, 14522546, 866953267, 12043242, 3601945049, 2969074335, 2905143310, 4069378594, 2463892483, 1631273994, 1297470902, 3067080123, 2466899838, 12011422, 1645511557, 6397742, 323912327, 1264324236, 78358336, 104504551, 64054704, 818249312, 2362905311, 245657148, 706169239028170753, 21631354, 102432754, 2752104457, 3067330368, 68998562, 105829807, 706344051214311424, 2966303374, 95764250, 627618082, 251433567, 526045725, 50127747, 472425359, 133309731, 57039392, 51546100, 84801794, 366606110, 42691888, 70497246, 16016427, 4254305253, 47214973, 36743910, 392061695, 15836200, 18676162, 1604931252, 129252801, 125181345, 23995748, 22986148, 198889287, 92148954, 314807904, 267921165, 15458694, 119968476, 225941523, 1345702333, 83671419, 87367079, 66464745, 364427442, 339791868, 2710304664, 218537469, 82985099, 279208489, 267189617, 130433467, 2253872310, 829887626, 238284486, 1161176220, 507761659, 2433667077, 15151221, 120174828, 571202103, 174059081, 1972853712, 36972997, 1096500198, 2837288912, 17965843, 52773171, 7996082, 15471824, 606776750, 2916305152, 257069157, 41380789, 158414847, 23827692, 4889940161, 82053525, 826740883, 20607518, 30350886, 140963882, 3317220703, 336338772, 2196938611, 17437511, 253809805, 40644000, 627949093, 406745433, 16402111, 82455213, 165952878, 118789304, 2894738511, 3245455689, 480819245, 16299275, 370871493, 15995155, 47819405, 54903378, 398933718, 6819732, 14602589, 805855776, 15217457, 91391436, 306529066, 20600084, 30821400, 127372092, 2563336933, 17995951, 19940283, 2301165391, 3443167339, 3438360070, 297193331, 3236802742, 3260940092, 2712462353, 6480682, 1891806212, 3401381777, 3337966048, 14275261, 2290283823, 1732633303, 2395769137, 1406315214, 1414144322, 194234931, 282569095, 71352778, 335972576, 69021780, 722759467, 595835171, 219768311, 118224151, 28421825, 260756046, 519072324, 20455887, 57212601, 98976495, 278286014, 197069093, 41851448, 7215512, 1451908375, 913447502, 559689266, 7593322, 121780540, 80858285, 335369838, 171496023, 32454672, 144000640, 2912008875, 1148545105, 3002233265, 2579014710, 2609157630, 23866949, 396641572, 1195220870, 93680698, 243770388, 46744125, 362080991, 309830208, 4970411, 3029072488, 50626996, 2815701638, 3918810861, 3400090159, 18130686, 59610899, 41640047, 2802755778, 555256097, 188899081, 2385508284, 19669207, 1682442806, 2649144518, 212292139, 14226882, 119235720, 891802760, 524396430, 214112621, 30364057, 55117855, 23544596, 39270820, 14138785, 256881576, 16973333, 16935292, 84358766, 2401816669, 16343974, 89701184, 6243402, 41569866, 18198603, 20774514, 6580122, 14792079, 7348612, 20715956, 19692478, 16812515, 14453649, 82132061, 21692297, 33726864, 34948184, 23643794, 24216951, 2257230446, 189682672, 104606039, 2880410307, 193498049, 3093853164, 48357126, 49238137, 572361431, 133817137, 80118563, 202178786, 15837886, 1571254350, 534503970, 3015314432, 14230524, 19329393, 47862165, 904105008, 1406424348, 69231187, 16153562, 14700316, 1610055654, 156868415, 319177396, 18038269, 14089195, 301137795, 28370738, 16622330, 15635191, 22001973, 80331801, 494414941, 21126842, 109266515, 17768598, 64268896, 369296756, 52558480, 542984026, 151319610, 42517526, 163483088, 283868552, 360870858, 41476705, 5225991, 18023887, 587871205, 32036992, 535707261, 364528766, 859727149, 806997055, 364771553, 20730749, 266213490, 133876144, 74776409, 166928603, 14755879, 348841636, 17471979, 974882070, 2884771, 14293310, 763841, 1155834775, 15898172, 248195532, 2224947382, 411735126, 1877831, 51241574, 39203045, 250444959, 18080969, 36843988, 15492359, 321263180, 79423594, 1296939102, 88262000, 301630501, 3459051, 1022147078, 20582958, 45577446, 59460397, 2745055902, 21866534, 2284552989, 30546557, 353018636, 5988062, 2438765688, 32938532, 52269488, 471634055, 216807756, 240378516, 23734018, 225162180, 2277784199, 15666807, 39774571, 95209383, 15726324, 28596709, 53735764, 22061737, 143173757, 306372993, 65184105, 15178186, 14275129, 3020099764, 2782696774, 199403686, 3089279291, 3045656889, 121183700, 2342496349, 13784592, 2829090590, 22699770, 198593420, 16012783, 16573941, 544344652, 1571781206, 5392522, 185931341, 41565803, 2932605346, 564353829, 1723810291, 53535167, 2424338376, 636683784, 336218991, 4325976913, 341759609, 142156370, 15737175, 124087958, 18327279, 230148473, 838926084, 43135722, 95431448, 38213768, 18363255, 351065668, 78518882, 189173151, 20479813, 24744223, 310596714, 208413101, 56697116, 36451998, 35804886, 23561980, 24840127, 63112528, 3108351, 6576492, 94194183, 12804422, 16517711, 23818581, 30031547, 16548119, 17469289, 17057271, 742143, 8936082, 2467791, 15723732, 15057943, 14677919, 275686563, 2890961, 50550768, 1344951, 26812993, 2266577936, 166881188, 972651, 17814938, 66379182, 2347857986, 2392458567, 94129050, 22059385, 45564482, 276565359, 810424, 865781012, 51080280, 47789228, 17075987, 3016901640, 1078010851, 42175910, 4846546514, 3090024162, 3363186575, 3744503353, 57553933, 475274311, 453388204, 112737515, 82124548, 394887079, 2802189378, 3180752696, 49518848, 50621225, 3180074772, 289773236, 56189085, 78085696, 79923701, 377949581, 122094104, 15625377, 10950372, 19404112, 17872898, 50390258, 29061810, 31060207, 1347036097, 1033662078, 1434251, 16966331, 2295056168, 34641036, 34553148, 1244357988, 54961149, 31239408, 2231786521, 53160597, 935982732, 121614910, 17631406, 139941011, 125324784, 75062636, 24242565, 244218738, 3415660666, 322108236, 28785486, 14511951, 20622594, 1440641, 101913496, 17768320, 1720868641, 16232843, 58970005, 54303617, 9207632, 33101982, 1519302313, 2859167786, 19236297, 308829713, 298199074, 109387470, 59599474, 2960221, 56436152, 17681513, 56599685, 19826509, 807095, 87818409, 50344152, 229334332, 1242561295, 73031274, 34613234, 14780915, 12609292, 2308164947, 259095741, 73201892, 71256932, 48981187, 3315278939, 127377113, 1330625646, 21713274, 15792387, 16688083, 46694102, 407042279, 70740986, 15485441, 15846407, 79293791, 1292376426, 412806234, 175180732, 62024240, 823031755, 1487025703, 2861354860, 2644697608, 1031786832]
"statuses_count": 131
"date_followed": "2020-02-14"
"obtained_tweets": 129