"screen_name": "natou50"
"id": 33590911
"created_at": "2009-04-20 13:29:29"
"lang": "null"
"location": "Ottawa"
"time_zone": "null"
"url": "null"
"favourites_count": 847
"followers_count": 59
"followerIDs": [235213723, 1192130546102439936, 1157367373936177153, 73117481, 253265626, 3271505581, 2432131828, 730194898368991232, 2336180246, 981970421061967872, 958374978545704965, 969949617738612738, 958200319103700992, 537427106, 779110866541219840, 875428608441012224, 904093281440604160, 19185104, 71321091, 845319972599611392, 845966223607283712, 2148477484, 104009310, 806558305762086913, 1140655063, 891377682, 735330798014959616, 1694248087, 197897304, 3146534285, 46227488, 3994605561, 50156501, 568856997, 486739641, 2336248599, 252394229, 166974200, 2875906876, 2839506966, 2719814288, 19397364, 190387503, 191661360, 178105395, 192962457, 1335354445, 109020178, 581850377, 453777564, 40020010, 111611778, 106203888, 378128157, 42175797, 124575917, 121237428, 58885819, 42980748 ]
"friends_count": 309
"friendIDs": [582081674, 388258064, 1364643937, 955482829860868098, 227788049, 57438972, 1115787313190191104, 16106522, 1180054884613316608, 628286960, 492408264, 214599007, 941587234465177600, 576011356, 1157367373936177153, 3317402428, 125507032, 2752812749, 1091545480784478208, 292057235, 821205552201990144, 861686077, 122178935, 40316065, 11348282, 768193358980272128, 987849932, 138060158, 738364579, 203207356, 114336419, 71321091, 38690583, 174780495, 835230594, 1725137533, 389438626, 2491702663, 550202880, 950341134, 2155215398, 461922813, 1414067689, 997452764706934784, 113057704, 544667332, 872526149968179200, 824724667265122305, 2474050352, 209103834, 733350019965825024, 346604217, 232015384, 191713253, 48410093, 16044997, 8736882, 203123011, 3163717636, 83529162, 1599888409, 612637793, 2612317952, 2742291760, 164418122, 17471979, 2966970788, 951849552, 883253580991475713, 25463750, 389229444, 36854939, 551980632, 332472738, 393145862, 405684367, 353929065, 999470034, 305202630, 373668249, 593888784, 117719272, 604009018, 38198625, 3317728282, 845319972599611392, 776139772150571008, 729719441940959232, 424216799, 2400163188, 489733322, 26710373, 1450983348, 2799669935, 4196389095, 326335548, 17373706, 468186996, 243135818, 257381227, 2178940357, 21405070, 1379662802, 104009310, 20058825, 18667907, 65672783, 620201089, 620193119, 2715115656, 120153772, 123326795, 30969644, 482150741, 29283877, 405793882, 50374439, 166739404, 168237066, 237822256, 95176766, 2812768561, 347759070, 97015204, 210991499, 21409802, 35020643, 36378660, 891377682, 120106749, 962964248, 24204481, 20828993, 52430791, 139772444, 312100873, 61535104, 516373188, 1946980148, 410457599, 4212999921, 19397364, 135553041, 1694248087, 109020178, 192962457, 46227488, 394739256, 380489682, 380491526, 596230846, 369091302, 386570675, 4787696979, 4795094974, 596261273, 1413521516, 40752044, 114610602, 197897304, 79016103, 10681662, 451591144, 252351829, 3079986094, 50156501, 38465211, 75050644, 25227444, 277155475, 140252240, 2097571, 202647483, 2155691491, 1395552968, 76710096, 271073165, 234395010, 270919752, 73121583, 363997684, 85334007, 212621119, 14260960, 2382876865, 1140655063, 277832353, 376927648, 21014439, 113152969, 28139112, 568856997, 235213723, 106854950, 486739641, 2875906876, 40020010, 428333, 98906397, 15224867, 204832963, 499073990, 318483157, 580919767, 171142233, 1060751816, 52422878, 386185818, 78648493, 38491229, 769691431, 757659228, 252657816, 191661360, 272975969, 300478904, 43173363, 178105395, 36998406, 381729703, 293623588, 190387503, 1638538464, 950361098, 1057939824, 304450679, 304453833, 33285177, 243768654, 20261843, 72905123, 62130152, 32717570, 32073913, 249154446, 42297347, 70728069, 177019667, 188039706, 55246492, 25319534, 113712551, 252394229, 74791999, 15846407, 30333898, 85603854, 114603953, 16579345, 16222584, 232400153, 226253322, 61312712, 14063612, 76987599, 257013116, 22146985, 449212449, 111611778, 36964862, 229901392, 106203888, 15451591, 42175797, 19329393, 30503160, 273283549, 24776235, 24133713, 35172509, 20755072, 90334660, 38887838, 67920551, 106369208, 58885819, 31353077, 92352911, 21525682, 184054918, 197554405, 121237428, 219243547, 86230406, 48871053, 12034642, 7401202, 36984909, 19038934, 16423797, 16087953, 74186967, 72927328, 81122301, 16185667, 14713787, 39640145, 20167139, 26858294, 124575917, 42672470, 141341863, 125028278, 29518466, 42980748, 28534252, 34041396, 807095, 2883841]
"statuses_count": 151
"date_followed": "2020-02-14"
"obtained_tweets": 151