"screen_name": "RanaLatifTO"
"id": 1217959363505262594
"created_at": "2020-01-16 18:58:42"
"lang": "null"
"location": ""
"time_zone": "null"
"url": "null"
"favourites_count": 326
"followers_count": 68
"followerIDs": [705086383124312064, 4875018527, 889940097923252225, 65626319, 2578918446, 347664355, 1138406805007028224, 2868869166, 262691448, 736035800735965184, 308719850, 2188063405, 97709361, 370695486, 41275218, 734311073151475712, 235216672, 296482561, 586808345, 326811204, 15763457, 3730098207, 1217541913403895814, 19376145, 38460582, 337424599, 459444512, 24208510, 155690539, 113120201, 2284100936, 249798002, 24043564, 19837148, 335916599, 92127919, 1207270800237174784, 1105605218690056192, 139736597, 337721015, 195971292, 763024688700358656, 1462550396, 108106506, 323309983, 563953932, 1167339060358275072, 905059567, 796416849781129217, 2776775090, 24772262, 342608592, 770079834634645505, 2417930749, 591062681, 856276376, 321381593, 127334655, 282320936, 194172085, 303549627, 1453964714, 25175706, 280251879, 1107719123331629061, 391782429, 2771424650, 4871998253 ]
"friends_count": 239
"friendIDs": [889940097923252225, 232665306, 794911555, 17629328, 836309335986868224, 1074667298, 1117813410916372485, 65626319, 20367146, 2578918446, 407959367, 131260011, 406421054, 736035800735965184, 3293825256, 232217983, 13686822, 48405258, 284573092, 281546499, 631958004, 1462550396, 248795646, 23074915, 39550095, 252594154, 17995712, 28421825, 22471301, 8511332, 20525889, 239368680, 40322986, 22134801, 33887079, 279116369, 26716388, 4836947526, 67109130, 296482561, 53028461, 41275218, 166588796, 135913074, 29196791, 235216672, 4354484597, 42090423, 1563151004, 97709361, 184866881, 277012501, 365070054, 14294699, 3730098207, 38460582, 370695486, 108289550, 19376145, 337424599, 459444512, 249798002, 113120201, 19837148, 351099511, 19127774, 3875096652, 2411324082, 2417930749, 155690539, 796416849781129217, 85991731, 436311589, 763024688700358656, 1858351962, 2284100936, 19875325, 2828228108, 563953932, 57983429, 14744074, 955185752131878912, 48817157, 788807222558089216, 108106506, 25175706, 490553037, 522519625, 357082380, 17222588, 25065495, 897378372, 174761858, 16351521, 789814988, 1684016088, 89760824, 1301185980, 1223101, 2803967209, 180153513, 2986367559, 18205484, 252351994, 163697807, 3043348840, 596386392, 718904833974124544, 33285177, 46120208, 85433625, 12848262, 768840308406747136, 795983277635014656, 2752710350, 265776322, 948343110, 842126673764057090, 3171045629, 3013302856, 771595850, 2457141516, 870356314148483072, 15763457, 591062681, 18663769, 755073516412755968, 2555914010, 19652610, 468896332, 17653466, 13301462, 158068692, 262691448, 1004348356523712514, 19000033, 1115298816759095302, 57741248, 3487485754, 484824176, 54570476, 179454616, 34933979, 136776311, 519024561, 770079834634645505, 281259979, 37938361, 47338701, 281481361, 3957834755, 25625830, 195971292, 152443417, 342608592, 1107719123331629061, 450069159, 2174639378, 11423372, 232677522, 380994740, 323309983, 806986093, 185588713, 735028489, 77228655, 95938864, 1085244786897027072, 2751121043, 705086383124312064, 2771424650, 1089185769510658048, 391782429, 1034554370057297921, 303549627, 711752002477412354, 139736597, 282320936, 856276376, 1062778436266180608, 586808345, 445811947, 31646332, 92127919, 126759241, 1920532658, 39564949, 194172085, 2375535828, 182381802, 16463984, 337721015, 14346031, 1482982783, 331203432, 339798950, 1732554330, 308719850, 321381593, 2280921378, 2776775090, 1571540088, 626696755, 382171562, 18811690, 118960960, 1044674111467909121, 1453964714, 2583650102, 842846732035805188, 1364643937, 423390146, 280251879, 94932505, 24772262, 347664355, 236544098, 2697059406, 388258064, 335916599, 24208510, 417945603, 123575972, 172352150, 348684018, 917137956, 368535820, 18776647, 357126037, 36984672, 143526837, 4871998253, 326811204, 905059567, 734311073151475712, 2615804557, 1167339060358275072, 1176200872902176769, 21889069]
"statuses_count": 33
"date_followed": "2020-02-14"
"obtained_tweets": 33