"screen_name": "sagnik_puri"
"id": 1200319528200105984
"created_at": "2019-11-29 02:44:26"
"lang": "null"
"location": "New York, NY"
"time_zone": "null"
"url": "null"
"favourites_count": 381
"followers_count": 43
"followerIDs": [1071898587498471424, 997013049549570048, 1008400462855450626, 988231323721625600, 3502400774, 941174985694908416, 999624659564941312, 319233872, 1070395429060112384, 1179955033053417472, 950439057883987968, 1498792400, 955415182397845504, 614100988, 1193477046535626752, 1133538582017318912, 883619466, 92507654, 1009425880668692480, 1053976044175347712, 893137389870129152, 1089038278001491968, 1213737678895632385, 984282376699170821, 1197262644295520256, 1132372030295199744, 975404011, 1008400001347698688, 1399090832, 1017043348845047808, 1176157152391651329, 838482403660201984, 1120615005127413761, 1715654340, 11874152, 1106910355106811904, 597252007, 89477135, 56391919, 975915324, 188405253, 3306192132, 808176514055356416 ]
"friends_count": 881
"friendIDs": [921715874318385153, 291878771, 2194565641, 971099892662726656, 1071898587498471424, 2959505712, 53399760, 475306547, 361301678, 14291684, 114505454, 549174712, 36427373, 62762183, 256881576, 1221476605333127168, 222748037, 2163039523, 1210282661672996864, 1177684189, 1088949722, 16753540, 2844599041, 630597781, 59248704, 394797065, 1182011854303854593, 1181932215447498758, 804414007377416192, 248892096, 159385254, 1111827739, 1008400462855450626, 42009421, 131223120, 77577036, 1265095442, 848390172450443270, 1109624111234457607, 47328760, 78887411, 19240983, 46060845, 2846526329, 990805158543200261, 2906700936, 727360270377582592, 52318373, 1158032920109445120, 1168401251127611392, 3502400774, 1001296605692096512, 731872199380869120, 1019202604595798019, 44111018, 78940377, 1144766651377864704, 841253076103122945, 4267109549, 3086862471, 14075250, 399729566, 890535183442739200, 895224520981786626, 904911446, 448514779, 20608366, 278693248, 26703365, 1901350285, 52286180, 1220748373822599168, 1070395429060112384, 2999447739, 467381638, 788948276850651136, 2858799003, 2386960260, 1354498824, 65354167, 435969548, 2193197946, 275582669, 319233872, 53297738, 1081569420147707904, 2733511321, 2743417297, 119688901, 2681954239, 999624659564941312, 87244205, 851678476994191360, 1067279655940411392, 1211978758665555968, 17986699, 2930935453, 256495314, 372677761, 355989081, 1205851928992927746, 81868526, 22891564, 1476133082, 1008733970035609600, 792728574, 1179955033053417472, 37412873, 232602648, 563296550, 140025559, 877016443, 86776195, 172115039, 21925979, 242064724, 816704593556078592, 18229081, 2283857683, 749714912, 39270820, 2797166390, 1213812904413122563, 50701663, 1199393903192883200, 1185548865727938560, 1521840468, 1043924144084176902, 3254780865, 3386134167, 914559737529806848, 167697315, 354570003, 1217390495707672576, 415860281, 1214456673605165056, 1134059457191776257, 1220657416108269569, 778054615577272321, 1498792400, 1158539311916232707, 808564163366662144, 26224478, 1364643937, 583643503, 2397437311, 4461484274, 882648290147397632, 773437207, 22624441, 955415182397845504, 1422438084, 1076465126, 387338003, 102659539, 1029024535058808833, 40200685, 122928781, 94040732, 3580499833, 2911916804, 4440892694, 34677800, 1010027868858941441, 14728486, 1055907624, 231510077, 2176574563, 1210645781226504192, 225746893, 788963971, 160136283, 2356922342, 1097734761949216768, 1101359707669827585, 77714977, 2251531916, 1153710900, 2575398432, 614100988, 76869601, 3303117168, 116372682, 1028932141718151169, 1135547819538784257, 1204080451184254976, 1109861666987085824, 1094247636142641153, 92507654, 3782810959, 1001498767525335040, 14281466, 50073784, 347219414, 883619466, 1021931379637067776, 2849869065, 961229480395239424, 246565746, 997286900795871233, 550336019, 2899595379, 315675025, 1010193639308439552, 87416722, 7587032, 1994321, 612473, 81597779, 34590070, 1009425880668692480, 1010438474158301184, 1054216531553398785, 60916002, 783214, 36563808, 4255936218, 60840919, 15656642, 561335546, 851732592948908032, 29958928, 245687754, 488341452, 3251376228, 799184737919238144, 1110518146321002497, 937648703891939328, 259611023, 4858072134, 1091223617088745472, 46678624, 24343809, 1118907948711829505, 2218274526, 2707085628, 36052760, 814380817451544576, 1123795146, 2574389166, 28114735, 75246331, 161634802, 524262813, 3150940290, 56670878, 255351295, 178719304, 582941136, 1472101243, 81132890, 38649374, 1204098331, 119304556, 179221949, 103086579, 248584661, 229216461, 1141185272006107136, 712611752207319040, 828426302709313536, 791902335299485697, 1110929231494569984, 1197805456472674304, 108252113, 721093982042791936, 125679865, 768019865777139712, 2910117595, 863987277046857728, 62029966, 1003249980985958400, 893353379421802500, 1112381521258823681, 15605619, 36206094, 1399090832, 841329784726540288, 748094143755333633, 1074974079390633984, 1132372030295199744, 1197262644295520256, 109001646, 275894778, 1006419421244678144, 972087821405249536, 951457762835337217, 1380308034, 1421497854, 276424879, 835046725823819777, 1094941615502823424, 975404011, 926315443593216000, 87818409, 469182585, 1374163010, 1048510162527559680, 96900937, 1447949844, 18839785, 56304605, 2574072036, 359317196, 254913934, 2240664289, 414946220, 757570286451564544, 38647512, 20751449, 141080858, 2982269822, 2647058209, 1544202002, 1106910355106811904, 108577950, 1657730988, 34507480, 37034483, 997492075909275648, 364708934, 70355674, 151432737, 37005435, 888940591, 20374624, 19230279, 1207901819978035200, 968482448253140993, 21014078, 336611577, 2341741537, 2248872301, 606776750, 2885543426, 17376893, 29770501, 65698096, 13393052, 16935292, 65045121, 23839835, 130557513, 2329066872, 35039490, 16076032, 611986351, 388983706, 16589206, 2916305152, 1694040764, 44329545, 27966743, 69550173, 289240879, 854270772893831168, 968399519821058048, 2915766225, 40284258, 2869169468, 199749793, 3317165306, 750217665688563712, 757460358110056448, 709365558051876865, 3229612231, 2345541342, 3028682573, 773471226, 50456813, 1133538582017318912, 1084866586245124096, 1302149646, 75854417, 126849108, 1080069534, 1432507759, 395848183, 21669123, 32774989, 19651284, 18021496, 213295930, 27987687, 59502660, 18916728, 31583882, 21692297, 21713274, 19608297, 1143519079527067648, 39482703, 22003610, 20067215, 21769704, 17445514, 135192835, 24870223, 18900771, 16627805, 18804364, 40261565, 15019821, 137638516, 20583188, 14504859, 2331578142, 493941377, 918364382622392320, 2162320788, 911666137359724545, 1034723822774222849, 984036162020036617, 953509981990498306, 1200289068182982657, 19760270, 3404495986, 1008400001347698688, 1199565953127698432, 76858507, 956682699812622336, 727165841356238849, 964033698348744704, 195414179, 26997136, 1017043348845047808, 185101650, 1243126304, 83487731, 954537278478708737, 4112031734, 4488388692, 83332133, 20031083, 20247035, 18448699, 1004091739, 65418411, 87467437, 2842001268, 59019388, 3141243387, 44112871, 48900049, 950439057883987968, 825187945304911873, 750438641785147392, 377822619, 725451416366682114, 86010326, 417661952, 1030149362, 1054285699413958660, 973982035, 74323323, 229786929, 356184553, 16812515, 41990757, 122059354, 89479750, 82985099, 2294769438, 351579402, 770310096228417538, 339791868, 1091086616, 829398156412588032, 135108797, 136326921, 1914087050, 15325768, 2783987918, 81542362, 124302756, 373683618, 46090688, 3175764741, 1063284455635247104, 523035294, 268676434, 1019469630, 83795099, 2193296227, 157981564, 104277809, 4970411, 1020058453, 148529707, 13850422, 17137628, 20596281, 20646711, 14361155, 14499829, 2097571, 16129920, 822215673812119553, 1976143068, 14260960, 1084676322700406784, 982638553321607168, 1097413476652208128, 1011584752753577985, 2507163397, 3005244794, 1018936000121225216, 3186379322, 1151017367536721921, 749837419869048832, 717238171709235200, 848629688343830528, 990510953497214976, 974351137494196229, 1012276389305712642, 197826618, 1097049719618990081, 2559440532, 1627681676, 1334937428, 256982871, 1089038278001491968, 1077846593343172609, 891980403854237696, 927015345163927554, 1889138671, 437708442, 51426896, 1434251, 71256932, 16459787, 26679748, 790124268, 68711813, 30015168, 1066995239209091072, 1094609278068051974, 2677678832, 1083854065, 2810286390, 1326784556, 3576760161, 2784254377, 171815084, 1522459350, 728203389717327872, 529605052, 765912343482163200, 35571315, 1921404018, 1442166859, 786845959129014272, 182776102, 967799923566694401, 4092006988, 807961437188587521, 823863245861699584, 4838554503, 1064769618592612353, 956718440483573761, 1179759033370198016, 3298296577, 377821433, 1148534417666793473, 819554481612484609, 15111876, 1154137369118834688, 31101943, 708670738295697408, 1064500985190477824, 1715654340, 2898221802, 1069304066386255872, 882659351256813569, 119368691, 115887279, 799642214406246400, 86478153, 338976553, 2433276319, 945598393, 941691251132452864, 926622800873484289, 1342698367, 2435317801, 612398854, 462125535, 373471976, 15876845, 2801660021, 4048508309, 532172035, 945668010, 2652735404, 1064004793964920834, 705039372429750272, 1022158776, 624524941, 1079183912, 620086556, 474163035, 93710519, 27654368, 106690828, 88713234, 58447954, 111282426, 22152013, 249358056, 31543179, 82409187, 17995712, 292983306, 325439798, 1577754864, 87476507, 608184976, 474734704, 627561625, 1377989341, 260299253, 122106341, 61444480, 214865541, 70680697, 280516992, 912154765, 1160223266, 587506769, 957592284, 125736077, 209043047, 239861281, 1363995978, 951851858, 409138943, 140868624, 1910651918, 6519522, 16153562, 18213483, 69231187, 14700316, 33933259, 14159148, 39585367, 15460048, 5695032, 7717612, 24894213, 14884486, 17369110, 248795646, 18036441, 5694822, 33474655, 48289662, 80295867, 2892809359, 2253148681, 4053162792, 2284802828, 123822668, 68138422, 4042896438, 113895712, 187934432, 890504720686743552, 190694949, 11874152, 786958314, 2526794479, 166739404, 26723698, 2655419276, 799218992594288640, 1112946625754824705, 2709665839, 714806387684032512, 526345087, 820934786395099137, 1022902322580672514, 1593887718, 360936366, 725816161317724160, 3683221274, 913866623081172992, 1364280583, 732615925476655105, 1104673245071065089, 1126981581850202114, 577047486, 1009509720019886081, 976926473515872257, 3306654832, 712317698202603520, 858007686, 2156220947, 600714541, 909743718575611905, 317356725, 2924559488, 1175798203918290944, 153151272, 1878576403, 17169076, 1019603091048599552, 1032496623476035585, 2790045996, 1045465034, 756108545859448832, 761266874696867840, 2584552812, 194022170, 1546101560, 283916211, 207888272, 3863605355, 734251515209076736, 1051162756265795584, 1017108088615292931, 1097809297, 1073898502189654016, 1081283471623024642, 1080003000985444352, 138044104, 958333646066388992, 91478624, 5988062, 14677919, 14511951, 2836421, 2884771, 14173315, 15754281, 51241574, 2467791, 1652541, 742143, 14293310, 28785486, 5402612, 15012486, 428333, 759251, 807095, 701725963, 1634248890, 170254080, 20219585, 80889502, 19940347, 465046121, 72198806, 17494010, 15764644, 29501253, 942156122, 1082086081238102018, 1080539438508400642, 1081222837459996672, 1068273911224094721, 216065430, 31013444, 1080584229510172678, 1079769536730140672, 1082334352711790593, 435331179, 783792992, 138203134, 216776631, 29442313, 939091, 970207298, 15808765, 357606935, 226222147, 1546684633, 8026942, 370847676, 22603577, 329557563, 3246549444, 145589307, 1133307222669180928, 45116820, 47685065, 14582087, 94022742, 4482105679, 975915324, 90973658, 914572502847840256, 2247560024, 1104969686960218114, 56391919, 188405253, 1110629412, 1004750329873723397, 1062720092, 1049246784126636032, 931986712607145984, 3306192132, 625393841, 632789885, 865535499506601984, 1081458551069917184, 808176514055356416, 882824928034258946, 1606048885, 2183611873, 274606076, 1049851990040227840, 894520403787436035, 4164221524, 624155877, 209057872, 312956611, 166535822, 14834114, 1712279742, 878242055322914816, 1053976044175347712, 24705126, 19929890, 813286, 134758540, 25073877, 874254050954326016, 1920286988, 806519636598595584, 769647572, 1117325713646841858, 838482403660201984, 1662546799, 983646386183966720, 942611539042877440, 997013049549570048, 1115663444777111552, 1129947596267540481, 597252007, 763590154250489860, 3901349294, 762707062165954560, 1134007620124069888, 824091906942574592, 338509715, 893137389870129152, 1012185288381116416, 891308500659257344, 763306198703583232, 3123724248, 1197023409034543105, 734004143694745600, 2600137321, 1652391944, 1006500687667052544, 750008389195931648, 3060887929, 1020172755923349504, 1002237963152035841, 515344912, 2888146268, 89477135, 18210579, 849712760174723073, 372346211, 248561955, 1006838047030177792, 40398683, 739719424882548736, 123481777, 1123264044675338241, 978410575, 955151888307011584, 33915298, 3812575693, 2581878650, 844955172098969600, 562746998, 4446761654]
"statuses_count": 351
"date_followed": "2020-02-14"
"obtained_tweets": 344