"screen_name": "SAPrivateWealth"
"id": 1110211077101576192
"created_at": "2019-03-25 12:05:22"
"lang": "null"
"location": "Toronto, Ontario"
"time_zone": "null"
"url": "https://t.co/2r5cHX4ZNF"
"favourites_count": 272
"followers_count": 209
"followerIDs": [884329153700429824, 99674560, 752034165336449024, 1072227909794811904, 16707004, 808051518242979841, 2858838669, 897464898493591552, 14066896, 3130808597, 19941313, 761095507749982208, 22822027, 963783227503726592, 219516257, 393591731, 1185132948854575104, 1178347435086815233, 1212778708173373440, 1049611745805754368, 4509509174, 1162750759437512704, 9603202, 751455330, 630598436, 1106560843796398081, 23381636, 731456974890635264, 1007275795105112065, 39975891, 1170838610544922625, 3400422675, 453548744, 1195369648876900352, 626000206, 790813847347093504, 1169625515617148929, 1466294186, 289383371, 1065408909731606529, 969190911757438976, 244557699, 2358191826, 702944894797651968, 873604340359057409, 1083611473673252864, 546401847, 775512463920001024, 1052901973035548672, 921921682838765568, 4417486815, 1195612173558525953, 984819122537205760, 64055164, 47668714, 24170969, 1156418188856430592, 3313830595, 814701502447153152, 952295653090177028, 6449542, 250178859, 167735563, 112201881, 34146256, 26133036, 44131917, 1187064296540377091, 115521098, 1172877854109052928, 409222165, 320732134, 1043438419530182656, 17726339, 1155880045208133638, 1151365443917103105, 36505930, 93648635, 1029954964125179915, 1170066379464220673, 1174426667181326338, 210409570, 45142433, 2243424289, 1150078869245956099, 2913084271, 1178480378312609794, 819665758221467648, 1125036330470268929, 1159271167095652352, 2673203424, 1677058597, 4063995733, 772638014732394496, 42695540, 1119988940625211394, 1134488783552991232, 905727526370201601, 1108909515271856128, 911301107393159168, 87710468, 606412878, 1138085214096384001, 1077752436, 18049517, 230247320, 4480713558, 1105546751501627397, 3274736762, 105809679, 740866707410018304, 1097199976889761797, 1051976692275826689, 453166683, 192232796, 1138098903507771394, 1376199925, 1138227517431529472, 821522934820847616, 2964836465, 968295508530745344, 3028192475, 1433906814, 760305388776337409, 1164425968397803520, 256596956, 773726738, 1003813814, 1021026908304216064, 1213768045, 946029362058477569, 476053480, 735541920940855296, 1158549965402247168, 1023827179057033216, 2698805244, 932857288905261056, 726015048259407872, 1153276885612277762, 83209472, 904696338, 295778428, 95921488, 1097564274111774721, 1064616700501385216, 3906457993, 1001745079394942977, 215522915, 1026179748643389442, 843925915885322240, 334908706, 2918937612, 888490466181861378, 50094285, 1102986764086595590, 1103815301391663104, 134200043, 1030170088215732224, 592914989, 434000146, 4566111133, 1060028549405523968, 1120709478805012481, 758645578972614656, 799933976806703104, 1059195900311023616, 3909556154, 2813791335, 150159837, 64777861, 1023127348558942208, 1120748627268255746, 954913840503779328, 18424799, 53904797, 498935866, 898678664551739392, 739134640808566784, 832787596472246273, 352021414, 14864150, 45955305, 52211679, 772926434, 1066996093018357760, 2532127677, 863462723589472256, 746780437956038656, 314358128, 25762392, 3421728237, 1078740561945903104, 1105170900549357568, 3346073897, 3005014565, 591008264, 927257852003065856, 762708386550992896, 1112734852716077057, 263498163, 793061571010232323, 2269731542, 996724815204667392, 135251922, 1100541637326000130, 4380251120, 4835379069, 18149467, 260449926 ]
"friends_count": 275
"friendIDs": [349089944, 2875950113, 996818258425761794, 1632884738, 4864855223, 475807912, 391691231, 987625356, 1584681991, 109471519, 728328302214168576, 2609985302, 2734507117, 1089219843759525889, 3883586075, 1072560775, 185290543, 19392894, 19320426, 115497325, 1054221217, 19625721, 1182073651887255552, 765708661192667136, 1186681180055228416, 1186709180826079232, 1180386274236141568, 360092216, 48048639, 4175659637, 406548343, 751686504, 38116248, 1215343785833484289, 1216035458079174658, 1179209910367723520, 1521454866, 544667843, 1217794558483808256, 29983704, 53939054, 1072227909794811904, 992512963515994114, 1161324257894256641, 1094420397917958144, 26135122, 28720744, 958433925180809216, 808051518242979841, 2858838669, 13291572, 557996780, 48054141, 159064294, 108883065, 409997594, 4374719908, 897464898493591552, 2233513543, 20792210, 18507505, 19492746, 1099110153901752327, 1214226793877491714, 237727693, 1070126079858200577, 414995310, 294282969, 3793780573, 394394873, 835718951464235009, 52269655, 3130808597, 14066896, 3383830576, 23548575, 18928837, 44416854, 837042307, 1219344274929655810, 19941313, 1276123381, 14244337, 728758628, 23095574, 14216681, 963783227503726592, 64728009, 4921978355, 4723957344, 22106843, 67110686, 133623952, 30235089, 518121774, 370695486, 224063162, 213369249, 20286373, 1364643937, 41949178, 47276769, 14959912, 337424599, 459798048, 388652075, 808932103, 369686816, 22822027, 6817032, 17948003, 285259894, 591062681, 2981513967, 17331954, 941315234328989702, 24089166, 335917896, 1339277328, 254886130, 219516257, 2990555029, 3857635781, 4750627044, 750160883490254849, 871766822487568386, 400915989, 441279889, 2951272553, 3246419184, 767396, 18886185, 753166153275572224, 630598436, 1209416173038624768, 548747112, 99226276, 321522350, 1170838610544922625, 10342142, 790813847347093504, 1163174272883482625, 18164340, 106171345, 626000206, 708397720252366849, 1106560843796398081, 1466294186, 453548744, 751455330, 46936339, 1213219425190436864, 3400422675, 526706232, 1195369648876900352, 1169625515617148929, 1007275795105112065, 3670786335, 212448046, 845953820, 3980, 731456974890635264, 1162750759437512704, 39975891, 786570666560458753, 249155346, 131996258, 14166901, 290071256, 16152553, 11885172, 1675514845, 101036734, 414726461, 313296480, 378461777, 194563332, 14661313, 250764047, 19741076, 15030907, 23381636, 1179946125882744832, 1211856103765508096, 122418054, 289383371, 969190911757438976, 2358191826, 546401847, 1052901973035548672, 1195612173558525953, 3313830595, 952295653090177028, 167735563, 6449542, 112201881, 26133036, 44131917, 115521098, 1172877854109052928, 409222165, 966816668, 1187064296540377091, 2587560271, 331877987, 2616117276, 2370973057, 556960953, 93263825, 17726339, 861237626266898434, 580873182, 167523165, 833878578, 379369884, 9603202, 820690584067260418, 210409570, 45142433, 82425801, 68574981, 19347252, 1125036330470268929, 1178480378312609794, 819665758221467648, 2913084271, 42695540, 772638014732394496, 18949452, 606412878, 3274736762, 740866707410018304, 105809679, 1097199976889761797, 1138098903507771394, 1099664488712699905, 3028192475, 821522934820847616, 1376199925, 1433906814, 968295508530745344, 760305388776337409, 24643919, 256596956, 28164923, 1213768045, 1003813814, 18049517, 773726738, 932857288905261056, 726015048259407872, 14864150, 1075553191129825280, 2698805244, 735541920940855296, 2292445237, 83209472, 295778428, 1023827179057033216, 904696338, 95921488, 1001745079394942977, 334908706, 215522915, 1026179748643389442, 2918937612, 55649877, 888490466181861378, 1060028549405523968, 4566111133, 1120709478805012481, 3108351, 8736882, 145720861, 157073389]
"statuses_count": 319
"date_followed": "2020-02-14"
"obtained_tweets": 319