"screen_name": "VisualCultureR1"
"id": 1210279051564322816
"created_at": "2019-12-26 14:19:57"
"lang": "null"
"location": ""
"time_zone": "null"
"url": "null"
"favourites_count": 20
"followers_count": 12
"followerIDs": [1185861396954632192, 2767482542, 551240721, 933155532, 1959366282, 2528885694, 1175947147616935936, 1213124130712645632, 257053434, 324573946, 3016681148, 15939644 ]
"friends_count": 61
"friendIDs": [1364643937, 802646542779813889, 386390577, 60037975, 2740378147, 28148421, 23636580, 20856455, 3016681148, 12804422, 16517711, 7614292, 33860739, 18130686, 5402612, 1032578329302499329, 1179708733, 259234553, 1108040048098848771, 219937318, 69577884, 1033170589, 2225631650, 898299396, 31560768, 1074609820538408960, 894778970377523200, 15939644, 3064068897, 854276575654760448, 24211425, 36584651, 13598262, 851928439, 3436070188, 2437409532, 164700688, 109432152, 317429351, 115721324, 34607715, 190152326, 33945558, 921284598, 501327663, 214222965, 19637165, 1433606978, 293611387, 625504821, 54598832, 2375781866, 395374677, 381149705, 2767482542, 18169053, 23992315, 816009980604203008, 64054704, 81783051, 203063180]
"statuses_count": 217
"date_followed": "2020-02-14"
"obtained_tweets": 217