"screen_name": "kimjdej"
"id": 2881087613
"created_at": "2014-11-17 09:40:14"
"lang": "null"
"location": "Ontario, Canada"
"time_zone": "null"
"url": "https://t.co/7pmlEqrsyW"
"favourites_count": 2313
"followers_count": 184
"followerIDs": [3432301025, 949131277, 3892240289, 23286936, 255141820, 2868001134, 776373172325220356, 755044262857826305, 1198609606676606976, 3314247009, 1021481403161214978, 1208134367777832960, 4859686958, 786406535907999746, 827571744978395136, 371889666, 1078295144, 235213723, 4440431, 1415646014, 1095380123140919298, 813800346740867072, 3956879655, 3384577168, 185420688, 1182037503731228672, 1168169960717336576, 1029488205886832640, 2704715387, 20286373, 1215142459833028608, 386353278, 234479129, 1154629112201392128, 1382108304, 727865330, 248980568, 3307093987, 2353588993, 758881342310318080, 256122330, 1219289115688042498, 3889668862, 862766966062370816, 771085641186697217, 1097531188338552832, 282206148, 2439322652, 1035879617050095616, 1202871052583526401, 777700652981956608, 925888177080061953, 20347855, 2291439157, 81732724, 4030604773, 1050972588, 743134583315562496, 1726748293, 1092955439132753921, 56470841, 3620455520, 16015434, 493355885, 1120012676766343168, 3000270741, 997620077599035392, 277507874, 990112098, 29750958, 1183937738, 481419511, 188731528, 388258064, 68451113, 2325042374, 928264600478289920, 1098971611, 57429088, 71712128, 2372055768, 2398889106, 1283910666, 1845651990, 132522933, 15944544, 3401027248, 226662699, 366260851, 427545472, 1226577054, 286171117, 3957905968, 130845991, 1199017603223760896, 1201711490597892096, 330419360, 1119068837473730560, 21775719, 27585982, 1242224281, 1595621418, 4128383800, 1954983738, 176862423, 2900581634, 215869259, 973539382610288640, 2926010169, 120897038, 801210634629218308, 796098735050805252, 1210053006, 1134603897132265473, 107067877, 40492322, 62718381, 2444040222, 25700204, 558631570, 718921028, 21015697, 891106476, 16878863, 966770448850546688, 377316736, 917257206, 224652287, 2806082735, 609815535, 318597388, 196778217, 791004243650052096, 1400478980, 582081674, 623226593, 3402171525, 1083542415389192193, 943580404942024705, 1171799317721616385, 164348455, 1159148130077741056, 3259305374, 2328139243, 1007648123626446850, 900709628195074048, 16739177, 161549673, 618713593, 1131995849888882689, 1150415978, 2802928508, 847974303136133120, 852582988323971073, 3222346069, 712727513995350017, 372631354, 110441210, 384667789, 3069913079, 1124915776626888704, 153635231, 198194549, 17823761, 1099197128, 4466889034, 1064617582047780865, 741423097874649088, 1006548287296598016, 1945045538, 884787100423520257, 931698260, 386807528, 228408326, 88610060, 864581624633192452, 3033401549, 4830572008, 290034595, 2153748644, 94162230, 902246790, 1527507236, 894173736 ]
"friends_count": 584
"friendIDs": [4322902001, 90670300, 254539505, 18040413, 1060845785686949888, 3432301025, 17292623, 22028564, 801356947, 1082300096350441473, 538409644, 197987694, 221635888, 579390379, 949131277, 324297518, 554526935, 342117543, 43252170, 787396885741010944, 4354484597, 43054046, 937749788895821824, 87922834, 330574021, 2868001134, 776373172325220356, 20679494, 100265627, 800459756292882432, 896536798519861248, 32343249, 29754743, 2904953395, 1221221234580561920, 150592308, 1137082767454420992, 1127945119565479936, 235764167, 960308769472352262, 706108149174939650, 3003891309, 42142139, 857338975090085891, 268416076, 920579188142362629, 711928305671409666, 2820679172, 786406535907999746, 355537379, 1138860186372673536, 1082000847368679424, 958196173, 2280019405, 106539218, 4440431, 14075928, 1485078272, 813800346740867072, 3956879655, 1063586615329792001, 821081982314676225, 1086336982635159552, 37109075, 1155497149, 877507352915832834, 1029488205886832640, 2704715387, 727865330, 2187350806, 39496009, 22790239, 425510058, 2443567364, 1147687408479195137, 213689248, 1106207457146228736, 760866413645029376, 900829339456946176, 933366808970592263, 15237481, 55080227, 248980568, 879713840119861249, 100063958, 2395444820, 3307093987, 1134059457191776257, 15639858, 1175099881129742340, 363953741, 788225600, 1023219374134624256, 2481797670, 132231788, 811585433343823872, 377446227, 3000270741, 1097531188338552832, 335759893, 85867265, 770827677515280384, 4111281, 282206148, 1146569636714037248, 467924781, 48842195, 2291439157, 4030604773, 437809838, 927973915632291840, 1136184569567285249, 2360469583, 102511088, 69311120, 803590182628970496, 856104746674946049, 413802355, 743134583315562496, 936017682, 322229130, 1596141996, 912867764, 1111436311213297664, 1021737944200171525, 4925160399, 956952596413067265, 1726748293, 80210714, 1092955439132753921, 371889666, 19290052, 48339058, 386353278, 280354655, 16047950, 267721687, 3201131333, 339055191, 198502879, 146198816, 179555829, 179551512, 351099511, 226955938, 3430979080, 14399455, 14982804, 2685918781, 900709628195074048, 427545472, 226662699, 188731528, 3401027248, 113152969, 1183937738, 159955958, 1155143942129750016, 39547629, 1007284936720740352, 1128073127840215041, 232217983, 1096547763993669632, 14911886, 36969470, 8291622, 628765360, 189618679, 990112098, 22846853, 30354991, 435331179, 783792992, 138203134, 142359854, 481419511, 163802435, 1082416027260968960, 2165131938, 716432228, 39977710, 1281227490, 308407719, 3223426134, 276051935, 3060489838, 197987636, 29750958, 1145152027498078211, 1487898889, 466783875, 42429755, 95703081, 278617398, 3620455520, 12413032, 1098971611, 862766966062370816, 1069945971876999168, 1029381459369512960, 2808259087, 1253405990, 68451113, 1095380123140919298, 56470841, 928264600478289920, 2325042374, 1123031329124171776, 701773918684762112, 57429088, 2646234542, 2551424977, 2372055768, 1640797868, 4898843075, 2398889106, 46191743, 1018447908, 710139438769283073, 2871257213, 188072248, 91185351, 966770448850546688, 796098735050805252, 2966727298, 1131610519972876288, 1002476080165543936, 24998433, 373974495, 38465211, 309941157, 1283910666, 1845651990, 132522933, 879782073329790976, 236544098, 388258064, 292057235, 249187824, 96589894, 21342582, 331803536, 366260851, 613491958, 407395156, 137759637, 394348863, 109315305, 231952307, 2579133678, 825569108649340928, 10716292, 1201711490597892096, 2549047974, 130845991, 330419360, 1119068837473730560, 4128383800, 16878863, 224652287, 107067877, 1134603897132265473, 1210053006, 801210634629218308, 973539382610288640, 973642470507597825, 170254080, 18393773, 140690796, 204805338, 176862423, 296873851, 46789306, 1226577054, 286171117, 806182132322336768, 2813341027, 185420688, 277507874, 1242224281, 27585982, 149235535, 718921028, 781558474857668609, 89452000, 2898015592, 1595621418, 60603296, 21015697, 215869259, 704415980810854401, 3247015809, 871376903046823936, 2740840004, 449152396, 2467226497, 987849932, 794481732, 30004264, 2444040222, 19715924, 1199017603223760896, 943760796, 120897038, 174268150, 70556576, 59850876, 49652810, 201087781, 459315164, 25700204, 302048010, 1411570974, 948506076, 480196886, 314389531, 3957905968, 1156234219850543104, 891106476, 110267961, 758881342310318080, 143078402, 609815535, 427541176, 869563533834338308, 153169787, 88735060, 180047613, 312708944, 935511275324497920, 963862120935907331, 883462424, 47327954, 305620345, 2301638287, 3235858371, 135553041, 168712343, 326977760, 577412009, 917257206, 2859871870, 1167255002, 3198238343, 76989377, 744212347519115264, 271073165, 1096313731, 139525231, 196778217, 558004480, 464236147, 242857494, 2790275154, 281568444, 193319585, 318597388, 3892240289, 274644460, 2806082735, 1150415978, 1131995849888882689, 3402171525, 791004243650052096, 30527194, 220226736, 34924826, 42165042, 2788151894, 2740937502, 623226593, 1400478980, 582081674, 192372179, 1007648123626446850, 161549673, 3259305374, 1171799317721616385, 1083542415389192193, 164348455, 943580404942024705, 998534191015956480, 1027260213475323909, 2350395900, 184827475, 1039367530387660801, 904948448264204288, 1159148130077741056, 3222346069, 16739177, 763510188401889280, 16017475, 39885375, 481943972, 720228997, 485109912, 3883416257, 1372200414, 607242500, 2849941169, 561516853, 340613443, 45704206, 84321709, 16465385, 4898778447, 83750839, 285808305, 599535866, 1652541, 1877831, 34113439, 788524, 786764, 194347664, 22032817, 34317032, 50414448, 12609292, 44966845, 29516220, 44553548, 148815591, 18237848, 22809165, 322791909, 18726942, 28611814, 97701898, 36439939, 16191793, 857248664166727681, 4822509477, 1268333353, 2433954854, 234801509, 27024872, 19767193, 95431448, 16564324, 136733323, 116749635, 107391777, 58838415, 2690759838, 1544005236, 30290965, 16298447, 16630098, 14199378, 189253902, 19540483, 35306978, 473089502, 835828592, 206255645, 15092914, 96102210, 838464523, 37710752, 860158302, 8963722, 11348282, 17471979, 110441210, 23814999, 171151716, 3994314623, 704361202567278592, 14441010, 14499829, 2795142624, 197444578, 487833518, 14834878, 32372834, 14647570, 76332033, 2735426588, 229601954, 44699893, 205195655, 15460048, 15808647, 17248121, 15521075, 15862891, 234479129, 13787402, 384667789, 712727513995350017, 80344952, 712755030005325826, 976936604, 2926010169, 2328139243, 16044997, 6433472, 742143, 2896377939, 952919861138804736, 3069913079, 410334710, 246034329, 26933789, 3298078102, 2802928508, 15346695, 17073913, 188007231, 253340075, 19725644, 978954991, 978944851, 395477244, 823692327831146498, 48500662, 153635231, 18206318, 139959617, 241209647, 19710792, 133389033, 57709461, 1099197128, 16015434, 956969476829908992, 2426062710, 17823761, 606616737, 1024100569412251648, 377316736, 372631354, 2775951641, 260795359, 140252240, 618713593, 502228585, 637152838, 2478430086, 351618021, 847974303136133120, 1209477954, 2288217764, 70849773, 2482155613, 4466889034, 2863471231, 1064617582047780865, 1021481403161214978, 852582988323971073, 906436104, 198194549, 24889586, 1945045538, 1006548287296598016, 741423097874649088, 884787100423520257, 931698260, 386807528, 864581624633192452, 228408326, 3033401549, 4830572008, 3301593370, 1090780668739637248, 1006419421244678144, 889225584370483200, 3047226776, 3576869295, 3095909921, 94162230, 1527507236, 1498302914, 290034595, 1705588100, 1726622636, 894173736, 902246790, 851875370, 168336018, 88610060, 2153748644, 235213723]
"statuses_count": 71
"date_followed": "2020-02-16"
"obtained_tweets": 70