"screen_name": "aazanebilal"
"id": 1332437316
"created_at": "2013-04-06 16:41:11"
"lang": "null"
"location": ""
"time_zone": "null"
"url": "null"
"favourites_count": 3103
"followers_count": 156
"followerIDs": [1611774104293588998, 1558941576562446336, 1146637974471401472, 1545720411568087042, 1564328820483788801, 1499605132358651905, 1376533165821493249, 1591413593823657992, 1519617542771388417, 1491247826382299139, 1582790404998676483, 1570101435156791296, 1584453767008763909, 1502381562297466882, 1498555264399974400, 1536578332048994308, 1569649420718981124, 1591092953635868680, 892524141341003776, 1565010119695417344, 1269689436276736001, 1524868645310152744, 1578226063322365952, 1583393482005159938, 1469685873465864193, 1475445354250346501, 1546135075145875459, 1588233952199933953, 1558440207531352064, 1397274724149993472, 1282264993208119296, 1572086223828566016, 1534014083804057601, 1501153150773907458, 1533350395510239232, 1452943585339482113, 1370335057160863746, 1490928924272037891, 584475991, 1516247037465055240, 1306230070793601025, 1399856269469622272, 954986948652863489, 1519020862338383873, 1513284954716844032, 1516008981013094406, 870764818818637825, 1506982295349178372, 1517743511273185281, 1335224774658838532, 181839761, 3885257595, 923034571, 1310051635587149825, 1485592621695262724, 1365692365281898505, 1190915532222029825, 1459459596683206656, 1257809984, 1434209129300647936, 2207014067, 939759282886725632, 2800057245, 2194187730, 2685124795, 1158426999049687040, 1388804829485670402, 1025064766426030081, 1050776398930042881, 447937285, 118852195, 1100397574677241856, 1100495618366152705, 1379478603377872903, 1511058854267785219, 1422648912620494852, 1199709078890541057, 1264983587969028096, 1652131434, 1493416657444032512, 254754678, 1154426975584489473, 1488379668348739584, 1236581355569451008, 1418927565071396864, 377109039, 1410793731360321539, 892418992790491138, 1491758702525034497, 1316347672534683654, 1438897512732102662, 1492455519646326786, 755503765, 1348106458727149570, 1274383838421057542, 1491349908196139009, 1460678037603770371, 4326111613, 1238096824633827328, 1042678518994358272, 1322413954677747712, 1494243717452021760, 2938900584, 276176449, 1028517243653644288, 4620959541, 1492487374013894656, 1367555655964520455, 1443460248640147462, 1493664857501151232, 1357362332406591492, 1432973420497625088, 1376092577905180672, 831082023720742916, 1313943483577708546, 1050679528413122560, 1390754399627137028, 1430475190190886915, 1368169502660255757, 2188734284, 418029464, 1301039054658711552, 1241053713084616704, 375511974, 1422652597618499585, 1603069590, 1379773655467634688, 77947405, 1145845317843214337, 1481885268512759810, 1154507635380633600, 1002345660694384646, 1482304898033197058, 1024313190186926080, 2426888647, 341357558, 891549373414481920, 885521486295035904, 806749947039072256, 804977396420116480, 794188644521275392, 773435401587552256, 701595993117163520, 4236424096, 4135295195, 3504281476, 3985591217, 3529288640, 3478685000, 2924399406, 1377760404, 3307336547, 3196544269, 719594818, 3092742696, 1457466049 ]
"friends_count": 851
"friendIDs": [1284441283466010624, 2911890638, 1025948356789514240, 1383832730065018881, 72076018, 1494795480848429056, 155659213, 7180132, 1485754438233083907, 1413766296962048001, 1452929457484926981, 1223204117851639809, 1545720411568087042, 1558941576562446336, 1610344445781606401, 1063731662763294721, 1564328820483788801, 1499605132358651905, 1463986809294274569, 286143732, 1496901249035350023, 399971163, 1535595781406588929, 1154861191996612608, 1591413593823657992, 934091216207208449, 63414073, 53615126, 4083072315, 2781572533, 1519617542771388417, 776528756, 1518392369011380227, 1491247826382299139, 1582790404998676483, 1582780626356371457, 742807154, 929862987438886912, 369128114, 1263920809887834113, 1263913712391421952, 1263917256783912960, 2674972830, 1376533165821493249, 123575972, 1519882797170757633, 1488993575966842884, 2971454271, 827745566616584192, 1554138381369896960, 816201761291640832, 100324206, 1584453767008763909, 1154383226842046464, 1518873505210712064, 27589515, 1591092953635868680, 980843395, 1497914234889453568, 100917733, 1565010119695417344, 249473400, 55156489, 22332114, 635271418, 321161060, 328541805, 1973335188, 39820438, 511722793, 1216994855307464705, 1498555264399974400, 136297538, 247653244, 1269689436276736001, 114961445, 1362701219182034945, 520273105, 1034665663, 59233473, 1111555688436822016, 2386973901, 176462613, 69356087, 1448894138, 1085482728647262208, 556500789, 935428644, 398035338, 2342594371, 751575668, 2586112855, 995932153467850752, 1493175262795677696, 1487644959775903744, 1473871274115887104, 1304702573799182341, 2862677498, 3226167544, 1546845423943434245, 1502381562297466882, 2540062825, 892524141341003776, 1524868645310152744, 1070347307193896960, 2930678239, 744135689655169025, 1516771573251805191, 1398944481530023937, 459304818, 2399967935, 848133807790211072, 4856348633, 1537196245651177472, 1417416289031790594, 1573862581, 917317304513376256, 4843685989, 723868523076919297, 919310497714982913, 3273083665, 4015845196, 1275449356489875466, 1850548656, 1098471758745739264, 1693310455, 908366213507682305, 1463322429846171649, 1123565206871973893, 1155172867388203008, 1578226063322365952, 1370059886688620551, 1327571082799411202, 1469685873465864193, 1583393482005159938, 1546135075145875459, 577961482, 1037429486713810944, 1463465467, 1176457391837257734, 1475445354250346501, 404766510, 836424398, 1558440207531352064, 69807765, 3306615491, 1142119103777398785, 1478481677164945413, 784792574754164736, 60280313, 60489018, 1551963233237475330, 1397274724149993472, 1282264993208119296, 4165680436, 1518081428273070080, 1385369326040096768, 1521602795505336323, 1510645219129184265, 1528596652042465280, 1502887698834460675, 1495521162872373251, 1291067406400528385, 1412410409664094230, 1578030519517790215, 1534014083804057601, 715092872618500096, 1252553359426572294, 1365297503860445184, 1373181620975505410, 1527568353212366849, 1484607723236958216, 722574932, 60433092, 1574966879952596992, 1241921318699892736, 1442715724821245957, 971340164143316992, 1316297102939521024, 1385560324183494662, 1529008640589299712, 2850578535, 11192142, 1259415739150356480, 2450291, 884964705021960192, 1442695382992146432, 1427710843, 2905924871, 1538150509, 1542694161329291264, 1186566030904180736, 1481106816255905792, 1540464596456185856, 1532024260603936768, 1445531453798952960, 973554540, 1246066460251680768, 979002841888100352, 1377485573791739906, 2539091210, 1164386229749608454, 1471083586828873735, 1579071965163388928, 1514251292889260040, 1346182484, 1532403136295469056, 1430821992735911936, 1567947445056700417, 1462372567352635393, 719196405789822978, 765735432592195584, 1179215284126846976, 562281433, 1019409817, 1066366112475033607, 1452943585339482113, 1494231593502011392, 1532770520755802112, 1550434638941851650, 93240161, 704042000622944256, 1311121186496143360, 976090300228743168, 761429102, 1370335057160863746, 2760797071, 779625457922797569, 1513961456156516353, 729582793576042496, 2480601578, 1330142416930738176, 1520270029635428352, 1021789748317368322, 4705509450, 1490928924272037891, 429335913, 1286518657, 1685684521, 29142798, 264654787, 1467119466177826816, 1517703939658973184, 1209572717462245382, 4607065693, 139118162, 843870462870507521, 723082700991676416, 275564493, 1251051638938316800, 1225736797185024002, 1513284954716844032, 1516008981013094406, 1506982295349178372, 815415600117911554, 181839761, 181364931, 3885257595, 1310051635587149825, 923034571, 1485592621695262724, 1365692365281898505, 376953535, 2426888647, 1492487374013894656, 4326111613, 755503765, 1492455519646326786, 1438897512732102662, 1316347672534683654, 892418992790491138, 1410793731360321539, 1418927565071396864, 1321835239669407745, 1154426975584489473, 1493416657444032512, 1652131434, 1264983587969028096, 1199709078890541057, 1348106458727149570, 1491349908196139009, 1190915532222029825, 874850981401546755, 1459459596683206656, 1120937417215762433, 1257809984, 2207014067, 939759282886725632, 273665342, 2800057245, 292186254, 1280847172649594880, 1200227379395923970, 1370437879365840897, 1173652135881445377, 870764818818637825, 116503030, 1457326344115732480, 933979842, 1572744151, 611003560, 3234829770, 2685124795, 787057488, 2227635418, 154576845, 447937285, 415161746, 932181454573981697, 1050776398930042881, 1158426999049687040, 97552529, 2826454520, 470768994, 234353244, 118852195, 988030718, 770362893988663297, 1459468249985388546, 18307408, 1379478603377872903, 1277913650683142149, 2767034360, 1100397574677241856, 1054828708731740165, 993350907785089024, 326349185, 2194187730, 989890124178690049, 1434209129300647936, 1388804829485670402, 3064887481, 1506502251019489283, 1025064766426030081, 1100495618366152705, 1047293062626664448, 1317741420803989505, 518607976, 95164983, 1444163374619693057, 1511058854267785219, 599527201, 1166530237, 2814927409, 1478646790765400072, 1074936998119530496, 1305738206026096641, 1236581355569451008, 1422648912620494852, 1357228512856440832, 818078280242827264, 1206557922546913287, 1459789706464485376, 1270716742818357248, 1387410841167974404, 4908404205, 3564832036, 133193514, 1281557686081990656, 908336091073302529, 1209178119804006400, 2415481247, 1371105533420265489, 906874393, 281408168, 205712608, 3235367534, 1377592761109471232, 1586740195, 1488379668348739584, 732565024619802625, 377109039, 747949338593198081, 429254920, 2458207764, 2628741241, 49312457, 1011126520209985538, 1474014314260402181, 1654581096, 1074678046605656066, 2286728202, 57579512, 1034180386736295938, 2526480081, 143395943, 4908027275, 4915849862, 509744485, 1375431331103047685, 1031601975924875265, 352184105, 4285547543, 1377002137, 2396063839, 1040146057093627904, 1133920393, 899315671821168646, 1491758702525034497, 1370480962425999360, 1326512888, 906185222357647360, 1052435137160335360, 2248524593, 1439906110232793089, 1243122860555751425, 1461375455727136775, 1456151695419924480, 954986948652863489, 1460678037603770371, 890651609323237377, 257179355, 601119468, 1320735534269059078, 1393912541957529602, 1267845320928628738, 2571517080, 1101904485251719170, 721252645453885440, 1458587865915535365, 856494355, 2768817696, 1419639708028710913, 1968668647, 1238096824633827328, 976453096388907008, 1486647363741573124, 1058995644097052672, 1494243717452021760, 1042678518994358272, 1272773527943462913, 1322413954677747712, 1230509725059551233, 718748141089132544, 2938900584, 885086560848400385, 276176449, 1008771351044411397, 1354081628985978880, 1028517243653644288, 1429121094347370501, 1443460248640147462, 977073370108919808, 1492861985280692226, 1272135312437850112, 1357362332406591492, 1305548304676249600, 1389189320892981249, 1367335675272585220, 1272118964638961665, 150409172, 831082023720742916, 1313943483577708546, 1432973420497625088, 1283784639442755586, 1376092577905180672, 1439554340, 43617831, 1358731752026615813, 1387478496729993218, 753466566256300032, 2297931259, 312620934, 1200854705720705026, 1050679528413122560, 1303074655008423943, 222022987, 1434741161541918720, 1346424801179693058, 1274383838421057542, 1390754399627137028, 1400902826302316550, 1345914671560323072, 1367555655964520455, 1306230070793601025, 1457965346279858178, 561751545, 929139134, 1197811501022797826, 2914163297, 854906390, 1430475190190886915, 1131465805097447424, 2911862599, 4620959541, 1413746105146355713, 1453746385933774855, 1386726009182081026, 1164937093656862720, 377238059, 101811845, 99329240, 1399741399730372609, 752129370093973504, 1133651678694035456, 926351455644250113, 164876037, 1298446463312125952, 1164940374374330368, 409761401, 1432719858978992128, 1300989561724702721, 1350323855366234115, 1241053713084616704, 885948747729039362, 77947405, 1003075652487188480, 375511974, 1481885268512759810, 1379773655467634688, 1090855855606640640, 1422652597618499585, 1145845317843214337, 1603069590, 1301039054658711552, 1002345660694384646, 418029464, 790820476608253956, 1154507635380633600, 149818636, 1032365862, 2987073216, 286788237, 551397930, 2177139587, 1008599230557155329, 912116150, 2985881041, 4276575322, 1042673832656560128, 723309166782255104, 1482304898033197058, 1193935983005327363, 1327802689036701698, 1374024221106573314, 1324989372970627072, 1364319487017689095, 1365653224330391556, 1352765549759975426, 1414907818679877632, 203673087, 1028213145964298240, 1349435910, 51561167, 1290616482129379329, 45075214, 1151995616, 1216717885286109184, 1012924520364216320, 98442210, 1012251259569614848, 782859326323101696, 546580892, 1030499496558514176, 1009292269168615424, 15490633, 811505937911517184, 1086590550, 126966274, 57617762, 756445038259863552, 1244602586, 805043684563709956, 805050366740066304, 804434513837191170, 111519701, 61559439, 591646425, 1330124042, 714996735, 440547399, 314047113, 1091722262, 2729275633, 1642809697, 1454557225, 341442663, 94758424, 62710586, 2886363931, 2155032720, 2432070745, 2892686341, 496343379, 87225089, 1156489574, 248863939, 612407465, 2833837928, 790196587859415041, 758519672488726528, 1019455962, 260688830, 267463438, 3304604481, 783214, 29165756, 14589119, 36670025, 16273831, 251060309, 36967334, 442641158, 87775422, 261101576, 1017158666, 1228093296, 522083802, 238207394, 34893273, 164245338, 1124867118, 419905674, 840086576, 4389702695, 4236424096, 3478685000, 3529288640, 4612243528, 428389640, 4819128838, 1041238519, 188669444, 605306321, 362330967, 634594307, 80330381, 1381874149, 185159449, 102296197, 149495617, 1948994742, 19929890, 137289189, 446172529, 233557996, 113286385, 277382418, 323257462, 98342860, 174763116, 244619342, 492573124, 21734241, 249022032, 132493630, 61155779, 22127823, 3280879274, 149516743, 165796189, 99458922, 102355805, 1430793200, 6017542, 2884771, 13850422, 11856032, 11855772, 8839632, 86141342, 28785486, 14511951, 14730894, 10774652, 16032925, 31540671, 1367531, 14173315, 15754281, 91478624, 2467791, 3108351, 5988062, 1712867886, 92503159, 3259577442, 1129336100, 3257667530, 3248535926, 2570701735, 409941587, 69329527, 440662588, 2358945534, 156651229, 487118986, 338906109, 234092394, 1877831, 2097571, 87174678, 5402612, 51241574, 87818409, 1652541, 742143, 4970411, 3050279601, 958325040, 2439990679, 291960419, 823305523, 1850982410, 1684265582, 2456026298, 281616947, 1401704990, 261291738, 2722231789, 719594818, 14499829, 326359913, 27844479, 185314895, 15279429, 30364057, 14361155, 2959687406, 50393960, 457554412, 14293310, 85603854, 1642690830, 20596281, 14677919, 342560704, 14159148, 2800434769, 309859435, 27830610, 2256443155, 23497233, 2824817802, 136361303, 452293307, 2898105876, 33933259, 169541711, 274119641, 40076725, 28201743, 2826441116, 18091904, 982361916, 1443427579, 23375688, 1377760404, 2367911, 21111883, 127483019, 196795202, 610683601, 378197959, 115485051, 27260086, 268414482, 19426551, 90420314, 20322929, 14920785, 27989078, 125944392, 30973, 23617610, 759251, 79293791, 101928415, 247884504, 16303106, 236699098, 23613479, 19397785, 10228272, 35936474, 51376979, 14230524, 116362700, 2214112296, 34507480, 32959253, 157140968, 95023423, 807095, 19923144, 2669636582, 26257166, 26565946, 97537762, 25521487, 25365536, 303535030, 21447363, 113419517, 23151437, 101695592, 813286, 130159846, 145125358, 23083404, 31348594, 56631494, 81048495, 18681139, 2557521, 15485441, 27195114, 17919972, 15846407, 428333, 187897893, 132385468, 19441756, 101311381, 62030459, 450504440, 131763362, 1320350810, 434071161, 577459091, 268420958, 210792232, 1041453240, 223080656, 339040963, 453507741, 624896628, 127059347, 136932734, 481156800, 300162606, 39927901, 304596131, 298959564, 9959702, 589921934, 54610518, 615983648, 94628304, 256556724, 28985686, 286042531, 84352985, 56650317, 452830010, 122453931, 505196587, 213539531, 104141949, 903495284, 754613281]
"statuses_count": 2329
"date_followed": "2023-01-17"
"obtained_tweets": 2307