"screen_name": "Adambrahim4252"
"id": 1451883503998615563
"created_at": "2021-10-23 08:10:38"
"lang": "null"
"location": ""
"time_zone": "null"
"url": "null"
"favourites_count": 8
"followers_count": 0
"followerIDs": ["friends_count": 79
"friendIDs": [1250454814993059841, 1519882797170757633, 36344640, 519209472, 88708920, 219294551, 1334928384, 1107036293245095936, 1354776830608347139, 1070877486, 3972378495, 2433483350, 569138069, 789605024, 86037380, 197493438, 115618402, 550202880, 366592246, 461922813, 728592182, 734492654755577858, 816154566, 2491702663, 1964571728, 158487331, 26809005, 155659213, 1725137533, 1448869862, 2239961994, 1020668620517576706, 2600210567, 398797997, 23424509, 18164632, 2341888057, 1994321, 138369105, 1394568577622188034, 317655205, 1168167671151628290, 1234520612724498433, 973323973596532737, 1293363977578328066, 488080242, 145935897, 921079005780037634, 1903196666, 1290553015, 1068447043318964224, 1389705439680634882, 2216872019, 843360326724829184, 2827824935, 4821435801, 1122358075, 80528373, 1976143068, 3353383450, 1384912128226770945, 1078269933539258368, 558797310, 2155215398, 243381107, 32861321, 864639395806228480, 330262748, 14872237, 38164846, 627673190, 96951800, 34613288, 725581819, 452155423, 1864354675, 229178711, 22910295, 19583545]
"statuses_count": 5
"date_followed": "2023-01-17"
"obtained_tweets": 5