"screen_name": "cacgoncalves"
"id": 2338662326
"created_at": "2014-02-11 11:44:53"
"lang": "null"
"location": "Porto, Portugal"
"time_zone": "null"
"url": "https://t.co/7NpjsA4upb"
"favourites_count": 1591
"followers_count": 163
"followerIDs": [2377129394, 386805485, 1576589445125521408, 1537867267832221698, 66109256, 1060264448, 1596905647316115460, 1588998310895181824, 2229557912, 1569088286672420867, 335961335, 1586905105143861250, 2194731500, 1454733211, 1539154088113356805, 1534853830562684929, 703066824, 1539556572602441729, 1117816387, 1163553433, 1520537230229573632, 2290210915, 3178124804, 1565321742259814400, 1437663992449798150, 1068526300103491584, 11546102, 889491115, 761625675396681728, 403836534, 2471464812, 1565789045959139331, 1170342929937903616, 1507843511944728582, 388226349, 1556975791942127616, 508475795, 979034550692122624, 920391962720694272, 2445615709, 1527643359141146624, 1103417387821367296, 33576352, 978886543, 1552167595, 1353307951348543494, 19039411, 1543703168902635520, 191556441, 761827557138427904, 1499936759014170628, 1522119193562587138, 23500457, 3971883682, 1247886722068647936, 20960664, 1340406074395004930, 1168227245338628096, 147296158, 3992488191, 231726620, 1301605148, 96726920, 1617495366, 2518403174, 13870942, 879970452541714432, 3209364489, 101897322, 186847337, 4764439822, 1172078714101870593, 1287782419542814720, 701938717141966848, 844603132877455370, 134675469, 1418366756, 2976506031, 1388489699099037697, 1885454688, 2353800734, 1129430161, 1089915388253691904, 721660141402267648, 499760470, 25525670, 2911591749, 1323094561, 994864045839781888, 2820687161, 920084812114857984, 245888947, 896248280362995713, 748516089567535104, 2461055676, 65918498, 85601001, 854491660612505601, 847890126772609024, 124134761, 808366162241261568, 14910961, 824422659375173632, 2483780779, 461369185, 467701381, 3242559879, 106228786, 1337038824, 795065818199506944, 555188075, 122090498, 791209888017969152, 779312226138193920, 267679963, 752793490388582400, 3313800774, 3383934593, 23301209, 28531621, 407328284, 3093642227, 720718472238526464, 135221947, 599741995, 116473059, 4705435227, 2784554674, 19794878, 30494847, 2162604842, 436186161, 3010759353, 3352086125, 3245626272, 93147038, 3115423876, 17386103, 3030105305, 576775721, 173643652, 183189379, 204110713, 2988244771, 1389444205, 3000937503, 703155414, 60606177, 2517442550, 1053713102, 1004995584, 19827886, 737275321, 2693810328, 211810133, 403073306, 1504055156, 2382415494, 2373545604, 934156141, 1931562732, 161722721, 967480334 ]
"friends_count": 714
"friendIDs": [2377129394, 17709531, 1605602400768778247, 3033091043, 2670726740, 1297893588794314759, 2666100224, 738005129752891392, 912304420356067328, 1263090568441233410, 979176124210208769, 1519882797170757633, 3741460097, 903697458332610560, 1271291858, 386805485, 269903119, 258935500, 32475266, 806863549524021248, 18776647, 1583287813, 831167796801372161, 21723731, 1424130695606284299, 4218594640, 1057250169954152455, 110729352, 17579312, 572470115, 727059918507892736, 771383605, 34255829, 20511502, 65918498, 54896883, 752476225621336064, 894559948516012033, 596845308, 793809107736289281, 904872157, 1060264448, 66109256, 2229557912, 22498011, 554321363, 335961335, 4514934989, 814518198603317249, 24099041, 480196886, 1454733211, 12964222, 938013194173534211, 292640545, 6858242, 1956737652, 730837435, 3301565402, 15378754, 65761002, 1385479186270195714, 732927824328200192, 703066824, 1191849880773246976, 1117816387, 557109347, 238914779, 78609700, 264114463, 1099289327199227905, 30474272, 1386743494602014720, 1167207910948179968, 622356817, 1520537230229573632, 1186024545301467143, 1140943170, 1354959009174974475, 1363776209897873410, 51545868, 2290210915, 1134047191, 3178124804, 16569045, 905803198228725761, 140137815, 3028252336, 220595143, 59395632, 4894432691, 1181552105296936961, 52168441, 74618166, 410865089, 2667911525, 1170357682802429955, 16777774, 1437663992449798150, 614429745, 1068526300103491584, 34324846, 1200167485137440770, 1309503350912757761, 2649071191, 733024864353845250, 2858850268, 2274769160, 963823401713524736, 1329354835032989700, 4159768852, 1488256749136134153, 857277629862424576, 889491115, 761625675396681728, 403836534, 2369239353, 14260960, 22959763, 87818409, 14293310, 3131144855, 1168968080690749441, 2812768561, 803694179079458816, 36042554, 14224719, 26721122, 1450502353208102919, 2471464812, 1170342929937903616, 328980753, 3310538931, 1507843511944728582, 71872963, 14313489, 2515412931, 52129399, 1471074880129019914, 388226349, 2864132765, 1481952166260711424, 508475795, 885953601067208705, 781147092089700352, 979034550692122624, 609413, 1054888071181688832, 920391962720694272, 2445615709, 1527643359141146624, 1103417387821367296, 33576352, 978886543, 100605030, 417134425, 1552167595, 1072187272815149057, 34317032, 299481070, 1353307951348543494, 246560945, 865592744231682048, 34936539, 835252426265481216, 14779408, 97738079, 1229837593975517184, 79749258, 912278708349698048, 1525559407420899328, 1501951934047014912, 1270698246122409984, 1662057727, 1127871384993107968, 467373252, 2353800734, 2645248999, 919699806058053638, 6107422, 1086378912, 1543703168902635520, 19039411, 153291592, 1639748756, 22140392, 1291707339788242945, 841301185206321152, 712788734068940801, 3024573323, 2609260128, 1354334915844837377, 725866657, 253998571, 20344328, 1405886484, 103121268, 48406195, 3292982985, 1288765892424282112, 102157523, 1068337838, 897849118072209408, 1400109118422196228, 617513148, 1168245025517514753, 20058825, 21783395, 1024326426, 21302527, 19247625, 191556441, 231703688, 254807872, 116820742, 600248355, 112037009, 1240589214720200706, 774311683456106496, 15608677, 20712514, 4816540349, 142686336, 3059509636, 718009445863788544, 1247886722068647936, 819299024, 16958346, 78600745, 2409488466, 1079443074, 19918353, 40001204, 223416400, 3971883682, 14050550, 371313804, 20582958, 430886729, 89719937, 3352086125, 3010759353, 436186161, 2162604842, 19794878, 4705435227, 135221947, 3383934593, 779312226138193920, 791209888017969152, 795065818199506944, 461369185, 467701381, 3242559879, 847890126772609024, 854491660612505601, 748516089567535104, 896248280362995713, 920084812114857984, 994864045839781888, 2911591749, 1323094561, 1089915388253691904, 1885454688, 13870942, 385271751, 23500457, 1163553433, 1013807526549295104, 1492948005900668929, 761827557138427904, 20960664, 21786618, 211953429, 1340406074395004930, 1168227245338628096, 533158285, 1126938265955835910, 3992488191, 231726620, 1451501124880568332, 1267204929615101952, 39262778, 8665852, 804835172663382016, 1516341793402597380, 69231187, 816592081200279552, 1301605148, 2518403174, 100189549, 4875859415, 1219976890297016320, 272454390, 84617181, 33386326, 329378944, 1617495366, 879970452541714432, 1255540899121180678, 3119642681, 469856965, 305270930, 21782572, 925525916, 1423860361, 1516873986, 60747383, 330749926, 1176826435639681024, 241100784, 101897322, 844603132877455370, 1047829487973543937, 2220391902, 1364540780426252291, 195496780, 1242066123006324737, 4764439822, 186847337, 1238084359221137408, 1212299466083975168, 930696849564028928, 2420321862, 807518836153024512, 1172078714101870593, 21982720, 1193633291506724864, 1193451447398150145, 894479913922777089, 1287782419542814720, 966562959530045440, 1331528215899344896, 175001271, 19713622, 897799889790357504, 1462787006363312131, 79470038, 18733603, 20014863, 14588121, 20790580, 17026589, 62648354, 422355017, 1491083406, 1189728422525915137, 637196658, 3119877934, 15941862, 596567128, 147296158, 143592532, 357916553, 1146329871418843136, 168841729, 1112903145838071808, 23036228, 15793788, 4639195224, 787530283, 1349149096909668363, 421070110, 1366756586182574080, 18170672, 894647433178820609, 80908670, 1388489699099037697, 138203134, 1924071992, 787300813, 331170213, 331182593, 1129430161, 1139094176115695616, 95517903, 2589423894, 336705676, 388926860, 17386103, 499760470, 1030385005401436160, 957735466106843137, 728710062, 169426475, 80803819, 206717989, 36329597, 880706810671484928, 448354599, 873813494, 2820687161, 21655866, 2461055676, 110671626, 122090498, 322658873, 858924511, 820992327460196352, 819585948556136450, 766382293627863041, 808366162241261568, 824422659375173632, 14910961, 811229675758505984, 3019516486, 27229080, 136956135, 2517797606, 2873586551, 2499701880, 4017720581, 2930512348, 3209364489, 1337038824, 721660141402267648, 793915075, 789870402310959104, 809346187581095936, 106228786, 2483780779, 2457829147, 4328512222, 586350595, 849182941, 227084736, 14955620, 55797987, 33104288, 14499829, 1418366756, 752793490388582400, 84944278, 3196325879, 14159148, 347308543, 555188075, 155659213, 706130333201203201, 2978326684, 3354894748, 2999481201, 3119988399, 1603943713, 30252794, 20667335, 407328284, 66873350, 3030105305, 537935638, 2517442550, 2237424960, 213762981, 82368427, 331555701, 3093642227, 720718472238526464, 2918397394, 2976506031, 303816620, 1564462009, 3092024423, 263597537, 87451926, 3313800774, 135863153, 219348272, 465367852, 2255198948, 3104143767, 1427301018, 267679963, 26566469, 1229670240, 278041114, 626369027, 1168580852, 599306348, 2810147657, 3502539923, 83867258, 219971530, 947642688, 848071555, 438346114, 366037745, 602644694, 50363573, 2292799628, 501750909, 89545649, 93601153, 424096801, 43353986, 151472659, 4283824815, 196991444, 15018633, 19255050, 941758188, 875314117, 74688411, 823905, 3088404646, 222114558, 23301209, 40139016, 384547760, 241278287, 428333, 23263743, 21390437, 2784554674, 1652541, 15279429, 804820808, 2909197534, 12723412, 3150775803, 46751590, 93147038, 295707940, 3554721, 50442843, 291792721, 436034524, 50952829, 18427592, 19639085, 482308944, 286193868, 168796584, 254131086, 215039673, 199809849, 117010608, 45132254, 1469311387, 273984889, 126095512, 48568199, 863791458, 174807917, 1683438342, 1109100919, 96726920, 195787235, 95703081, 5056421, 147700153, 58566933, 1344951, 56510427, 103985634, 1933042237, 229385617, 200293513, 284544447, 116473059, 531121825, 19769848, 523537052, 16313140, 950179734, 117662694, 208612098, 183189379, 457013628, 133172049, 158145014, 168579828, 360874005, 1061136283, 2774271739, 2867419320, 134675469, 44128516, 2425746756, 2292840362, 106364904, 852424560, 15248067, 1190505763, 204110713, 813286, 18023887, 309670970, 96657398, 590238807, 576775721, 599741995, 3000937503, 1389444205, 2430209882, 117805892, 352350844, 501689217, 339754094, 21238039, 278617398, 1241018640, 76006669, 58521743, 258790331, 21201942, 211750102, 28158136, 28531621, 234696832, 1136966275, 20460547, 187457899, 16353994, 19404869, 176767978, 304876789, 67339136, 300759996, 312028258, 2378061895, 252232485, 180505807, 2425527295, 299550149, 9313022, 115304519, 41078554, 123679702, 331722019, 2294735089, 119049214, 112474129, 567272864, 43867397, 760165981, 1662822656, 2317534586, 89665190, 53361561, 91109236, 47207043, 22196902, 16625091, 21919812, 331803536, 92528082, 22140254, 19881931, 70740491, 2561091, 20591744, 91685353, 17285007, 326180854, 103333627, 35718347, 271234292, 821069359, 293421856, 190317049, 211810133, 75742264, 106494679, 24150634, 77588374, 157981564, 245888947, 1452578348, 110405142, 9639502, 30494847, 124134761, 564467424, 1504055156, 334592763, 38146999, 1139295860, 386986599, 22362552, 508860586, 14760692, 934156141, 191000751, 38152023, 2325983978, 807095, 403073306, 501953395, 271668829, 1053713102, 234317518, 703155414, 583816919, 836669852, 161722721, 40198757, 221687470, 1931562732, 1001390960, 266185448, 128624339, 255193131, 301435835, 212278421, 76047856, 43175123, 171074067, 399321659, 244538448, 361309410, 55825358, 261764399, 1083709123, 967480334]
"statuses_count": 582
"date_followed": "2023-01-17"
"obtained_tweets": 582