"screen_name": "DoraAntwi10"
"id": 1244642503279742982
"created_at": "2020-03-30 11:08:16"
"lang": "null"
"location": ""
"time_zone": "null"
"url": "null"
"favourites_count": 24
"followers_count": 0
"followerIDs": ["friends_count": 123
"friendIDs": [757518084273954816, 1072270926, 126372875, 54904679, 786937495, 14260960, 325703197, 41353531, 47391648, 226840448, 2893374305, 813941110938726400, 91193025, 3148529391, 469643942, 1519882797170757633, 210568127, 968453116067831809, 236113338, 4375041622, 343627165, 737231421358641152, 16201775, 2463511302, 1145137598379282432, 500859226, 18605897, 48488561, 51263592, 25629019, 939091, 628448503, 979655125412302849, 370020217, 92349337, 266025901, 1155920655608680455, 44196397, 747826014621949952, 30354991, 42519612, 32660559, 66927021, 19088665, 813286, 973950143803412481, 100649666, 4537552402, 274609150, 25365536, 459033261, 226493139, 15993650, 32372834, 570267913, 803694179079458816, 1368507991499149329, 39660670, 314730382, 187890050, 1001446171620118528, 26216972, 612473, 66000793, 19583545, 19923144, 91966685, 22910295, 215052012, 69570047, 807095, 714377713, 14086764, 330262748, 22178780, 383173078, 58598187, 1733220096, 2530363285, 265902729, 56847778, 627673190, 414129354, 28047668, 138203134, 464441662, 247217109, 2233154425, 1114311810, 18055279, 44670915, 108568373, 4033989881, 23083404, 105137891, 104872280, 404248454, 251838519, 20646711, 335501334, 27955127, 91478624, 38990369, 23151437, 610124383, 264316796, 866953267, 23617610, 22662342, 14840869, 26074296, 40668005, 20322929, 74518740, 19077044, 118518057, 393562221, 1349149096909668363, 890891, 20265254, 53817066, 2829932277, 192947735]
"statuses_count": 6
"date_followed": "2023-01-17"
"obtained_tweets": 6