"screen_name": "nutty0005"
"id": 1274526022839525377
"created_at": "2020-06-20 22:14:57"
"lang": "null"
"location": ""
"time_zone": "null"
"url": "null"
"favourites_count": 329
"followers_count": 1
"followerIDs": [1325527466425856000 ]
"friends_count": 63
"friendIDs": [95625959, 2785832997, 3301972365, 106470258, 16295454, 1519882797170757633, 444024772, 23796987, 26872682, 1507836560192028679, 1702364144, 98667396, 3437532637, 130104041, 390030483, 137388423, 2688047946, 72582613, 1049987860131020801, 1066064184, 842434250272079872, 3492240913, 1301945427097350149, 1407351012, 50573483, 283880163, 277434037, 2097571, 742143, 4970411, 1156750543, 1349149096909668363, 113352671, 939091, 16404141, 803694179079458816, 339473472, 79692602, 30354991, 111872402, 870366536, 811972460560019456, 778470710574329856, 2650172756, 471741741, 340814070, 1058482904, 18839785, 60937837, 1419020654, 70343586, 66334209, 432568931, 1273599942179713025, 87484569, 707048490, 60023642, 97865628, 91193025, 4575856758, 4573405572, 19636948, 813286]
"statuses_count": 74
"date_followed": "2023-01-17"
"obtained_tweets": 74