"screen_name": "Abdifat53386866"
"id": 944678027790651392
"created_at": "2017-12-23 16:16:07"
"lang": "null"
"location": "Kitchener, Ontario"
"time_zone": "null"
"url": "null"
"favourites_count": 2748
"followers_count": 9
"followerIDs": [75885562, 1024872584054231042, 129835871, 3820482132, 1201159446816346113, 1158159284745756673, 1103349228191928320, 1055153974272176128, 889444027124383744 ]
"friends_count": 224
"friendIDs": [89760824, 16708161, 14499829, 166583739, 395292285, 1626294277, 2910241293, 122453931, 257610637, 253059865, 75885562, 743764063180595200, 413802355, 25073877, 1024872584054231042, 848211110, 3820482132, 545663382, 600080403, 3291659136, 53643297, 3225971468, 155674676, 339241519, 1546561830, 269552973, 15900167, 1872440785, 123602922, 84321709, 969625647260762113, 2329054350, 837817949352230912, 560480120, 841211876776259585, 4847016285, 19564719, 48748777, 27015752, 266135518, 33641612, 483071005, 1158159284745756673, 2810984968, 253340075, 2809959174, 256360738, 444982388, 549587666, 2279776304, 376502929, 2752812749, 122115475, 272216658, 373061397, 284944250, 1047501689253650433, 1465346472, 364969671, 12848262, 21660529, 18965790, 19038934, 377022152, 66694922, 203123011, 102448827, 18638090, 240819734, 90717794, 302691750, 588486669, 80480330, 30976343, 382177545, 83691020, 908601887628328962, 6433472, 8736882, 69196802, 348774484, 2460144058, 848222227, 780209204145623040, 48062810, 811944717097271297, 353104685, 373571376, 54904679, 222554496, 2902892083, 701332632, 19923144, 23083404, 35936474, 42562446, 26270913, 289459240, 750693409795477504, 11348282, 43351262, 309605903, 244638898, 38534980, 375906467, 2908491535, 244746430, 2902892041, 254777206, 190817371, 889444027124383744, 348138391, 103948050, 862275918, 357714405, 2491702663, 213416643, 1679581723, 837326477830074368, 4706474654, 273538402, 29479000, 344275698, 725581819, 219294551, 309340221, 79293791, 344801362, 366592246, 60865434, 158487331, 213745334, 138372303, 19583545, 140070953, 22910295, 34613288, 8159472, 558797310, 789605024, 14573900, 343627165, 627673190, 258758307, 34949757, 183387449, 813286, 112764971, 151123001, 96951800, 152987149, 185827887, 426738834, 136007061, 142204481, 90836187, 224223563, 328810158, 73412535, 216586703, 248714917, 28568222, 52818366, 22797240, 27658349, 62894963, 41468683, 15751851, 16397147, 2459609448, 19678937, 363997684, 18625021, 85433682, 308686769, 164418122, 244211904, 55594930, 17293921, 87299430, 262161277, 269342626, 328246894, 184964515, 39728435, 17389318, 367566714, 38491229, 30013357, 42672470, 445138206, 132240374, 75050644, 28066436, 73406718, 43885373, 487756534, 2301691662, 58990464, 23002923, 14260960, 163562125, 2456684617, 303806325, 28033953, 48471268, 197208081, 182623903, 16143507, 818238024, 35084169, 18676177, 122261841, 327553884, 40918282, 106176977, 7401202, 22956018, 14713787, 471608994, 31546254, 24026321, 186154646, 24224425]
"statuses_count": 140
"date_followed": "2020-02-14"
"obtained_tweets": 140