"screen_name": "AmbicaBhatnagar"
"id": 330215273
"created_at": "2011-07-06 04:44:05"
"lang": "null"
"location": ""
"time_zone": "null"
"url": "null"
"favourites_count": 21
"followers_count": 107
"followerIDs": [1192130546102439936, 1331093568, 3011940932, 452311118, 177683639, 151363212, 4712470334, 120988190, 886546437827330048, 59518724, 2481931531, 878052518063882241, 294824662, 613654148, 2678979078, 560755075, 844574720980729856, 841020532501938179, 827401108565876738, 56184736, 815150308934426624, 121333214, 792553579135528961, 2934875780, 3490248432, 115473580, 3065876130, 3052574803, 3037598821, 3016990445, 2800824946, 300227832, 2282224857, 2982075323, 2968972725, 2956330844, 2181843792, 2799624960, 2712759764, 434962355, 21195954, 1487421188, 2544289291, 1003618548, 294143261, 281905955, 1382363683, 2345384523, 278341424, 313471903, 116746003, 2216225389, 80809509, 394633578, 626620320, 1459232893, 448058723, 310095002, 1416177570, 1441278476, 112463289, 282986668, 13749772, 547150241, 149914506, 70924587, 949838892, 333779728, 943262784, 14131963, 284716207, 323506645, 796273974, 153097603, 227167978, 91413380, 30478304, 382162538, 521779868, 744804318, 582704800, 717713460, 42571303, 383165010, 52318487, 564420157, 339614302, 590688451, 485409356, 556607690, 508777571, 98827387, 549876859, 80780506, 14256251, 128193854, 420109107, 311851506, 145932959, 102071094, 327282191, 74088851, 144957454, 79712659, 17093617, 451414293, 120264585 ]
"friends_count": 250
"friendIDs": [89760824, 19377913, 500231605, 19025957, 369789785, 266275545, 1029092401262948352, 961674368358035456, 8736882, 55594930, 6433472, 12848262, 19038934, 74186967, 48062810, 729932426, 340238864, 96728819, 611480120, 436694720, 77206797, 582485507, 1032919226414247937, 742143, 5988062, 20571531, 61542667, 1282946089, 381909397, 2216225389, 1003606522272894977, 89690502, 251683729, 76146780, 3188629370, 790427108233269249, 380847666, 17833687, 3000792859, 15364071, 16901691, 50623693, 14548475, 55214134, 19440535, 40173976, 14657031, 173864873, 41329146, 233418418, 408655981, 538984228, 582575475, 23085995, 300360969, 2215976798, 278573198, 263113526, 2534368692, 942799489, 19397785, 15846407, 34036028, 2700390937, 146758871, 294824662, 37009612, 267939430, 85221650, 2933312618, 22910295, 14573900, 19583545, 34613288, 558797310, 627673190, 343627165, 18071358, 1056850669, 37034483, 529374380, 4573405572, 1389693252, 3625455013, 83182871, 47995732, 878518667339845632, 16631172, 94530194, 23034673, 101796109, 715399527264423937, 2861143598, 17670652, 42570003, 3139224583, 3648492738, 335790588, 2854271353, 56972099, 81789684, 727662488, 47459700, 2544289291, 1261669128, 445492155, 203538995, 330231224, 18133187, 278341424, 205803180, 149078122, 313471903, 70924587, 547150241, 394633578, 58462770, 72048003, 43158428, 90774609, 16193578, 37916167, 18266896, 44892510, 943262784, 372757576, 112463289, 42571303, 12956412, 284716207, 14131963, 39181367, 323506645, 80809509, 11797022, 796273974, 339614302, 564420157, 741473322, 235295182, 348427175, 77671318, 191130346, 343315270, 44371267, 60924419, 112931996, 28779447, 8421322, 21195954, 67861229, 13749772, 555693931, 72500512, 149914506, 300227832, 30478304, 91413380, 153097603, 227167978, 143766231, 6509832, 19897138, 134758540, 52318487, 146551493, 25716539, 142567496, 80780506, 36327407, 18205527, 555953716, 361095547, 46864800, 16156062, 102987028, 298071370, 56304605, 47753886, 75714954, 4322971, 14586462, 14315601, 17839493, 145932959, 128193854, 25441644, 2884771, 11006362, 102071094, 271833830, 17216088, 406358940, 311851506, 14931934, 144957454, 46739467, 106051124, 56184736, 91072361, 177683639, 43281172, 55018841, 20225209, 141161926, 16997048, 420109107, 327282191, 14256251, 98827387, 20536157, 14293310, 82827734, 11348282, 84316208, 19929890, 77888423, 807095, 22205952, 15749983, 14580438, 471741741, 10228272, 83529586, 8156152, 27025414, 17673635, 177643755, 452983009, 108252113, 47562301, 216982389, 16803227, 2803191, 17193794, 17093617, 84555845, 130684893, 87168132, 145125358, 19900778, 78569316, 91316071, 105150819, 120139738, 65022541, 40858075, 120264585, 135081817, 74088851]
"statuses_count": 46
"date_followed": "2020-02-14"
"obtained_tweets": 46