"screen_name": "ChrisConeybeare"
"id": 1020610603633729536
"created_at": "2018-07-21 06:05:04"
"lang": "null"
"location": "Tokyo-to, Japan"
"time_zone": "null"
"url": "null"
"favourites_count": 63
"followers_count": 8
"followerIDs": [1228669553951039489, 1222819686037049346, 872801852252971011, 965366960962744321, 100920785, 844129544114180097, 296281335, 1108034289642303488 ]
"friends_count": 94
"friendIDs": [1228669553951039489, 548384458, 17881732, 414233117, 7401202, 198947705, 15411998, 19697415, 267246312, 813286, 89760824, 428333, 15846407, 14260960, 69289287, 108140192, 2412983768, 2459609448, 16434613, 413802355, 912988142, 1228307488560205824, 233398732, 372536101, 774407512598704128, 510464011, 1219915261450440704, 262161277, 328246894, 700785040397971456, 382880375, 1119016960589565952, 1419209502, 2156228456, 27947088, 573565184, 485182129, 96792326, 703284374779895810, 51933619, 2565759464, 860653448, 2344396645, 2828781408, 85944752, 1212709463502667776, 29450962, 48471268, 369911953, 14230524, 182422417, 246120229, 190359726, 1198406491, 407904252, 1656505459, 42562446, 35936474, 1059194370, 23083404, 822452480, 326198498, 2243966900, 21660529, 18217574, 47650483, 119106683, 54791458, 194439261, 1139338577383288832, 48432961, 217518231, 27760317, 180821354, 234053160, 1108034289642303488, 32453930, 3081743456, 1054945630919905280, 911687581061935104, 24888632, 437556046, 266278428, 296281335, 1067753211933667331, 2513528542, 452492767, 881444318, 380134849, 3271916118, 2816520589, 965366960962744321, 984575895082954752, 100920785]
"statuses_count": 32
"date_followed": "2020-02-14"
"obtained_tweets": 32