"screen_name": "ConflictBeGone"
"id": 1360543051
"created_at": "2013-04-17 19:00:06"
"lang": "null"
"location": "GTA "
"time_zone": "null"
"url": "null"
"favourites_count": 966
"followers_count": 396
"followerIDs": [3058131, 35006971, 928270095196962817, 2468426262, 1924955312, 2370654211, 3379622255, 3353590875, 1719488922, 245044805, 3047347054, 264168143, 112810791, 1212703171153285120, 429032976, 1131960465305874434, 104008116, 1205559171216744448, 1194059473930858496, 1031616958859538434, 2843633411, 1094009417014624256, 2757048200, 955669701757210625, 1129792087627587584, 1182566086987960320, 582947981, 1019967972205645824, 401620532, 49615785, 2862830166, 9552842, 572942560, 1163844853287051267, 1170765086912385025, 29621622, 131610821, 394828093, 1167077089155125250, 214499391, 1036356973011365888, 910172981288161280, 389544294, 2466500058, 1670920885, 2221878903, 251530485, 1536477649, 1156648039123214336, 7489582, 938780443884834816, 1104118857965469697, 1059229842460340224, 316970336, 1047861280193875973, 1083053776800489473, 1259766757, 1193158483, 899680784889630721, 1134167745065566214, 1134161585742766081, 1038089886295842816, 33015367, 1133055691931955200, 42602780, 87269548, 34741965, 811229235654393856, 1038686539, 590830164, 1116634517584924672, 634311986, 27311430, 433335552, 543843435, 582264238, 356049086, 991069572, 935240059913166849, 90941965, 855644724, 4313287708, 107221672, 903632964583645184, 446749722, 203543496, 2556921990, 942064022681251842, 21962300, 903575967112843264, 2493411936, 910857393663283200, 1038252013258194944, 2732164182, 905553787070406657, 116641323, 611854750, 880532149270609920, 718557073, 780939487, 1089113005, 20190730, 3531770593, 413695378, 821554825, 1202479470, 2260373173, 2266858435, 127142398, 997198200707649537, 2899352211, 617231566, 582112480, 954548352, 985891775914086400, 959134081039642624, 3429881050, 971439078087553028, 802947551930552324, 4675528153, 2189233386, 161928577, 934504185223176194, 911228982112157696, 2591131674, 3226638448, 187258723, 107193160, 931875154317205504, 316045552, 935436218690662400, 1635591025, 22056748, 933505795425107968, 219464960, 929718804468379648, 383016123, 787335078024060929, 26599001, 905528115149107202, 917089592284635136, 758673523242049536, 788005879, 346239362, 2811300066, 3428044271, 37601026, 1297364256, 885612338392567809, 223228899, 4105083352, 1411624230, 905848700794273794, 24817258, 3184279888, 1159942195, 1917278958, 899305133925912576, 25513102, 892748947512578048, 272358160, 882579178117361664, 853784891959398404, 896682095099170816, 393738615, 893296143823765504, 317317076, 2750128888, 21812962, 132553656, 738202183305433088, 427555101, 2767744836, 10250762, 237081388, 887234734727680000, 884630449250873345, 710378702664765441, 473054754, 810477226223345664, 2813554790, 3013175108, 258358878, 17404132, 3434521989, 2440921177, 336300621, 105267610, 3081739979, 28971401, 381213305, 465047660, 1940538595, 2759553456, 720636470, 294379663, 133796103, 3428254552, 2472807902, 326501705, 2247460777, 1117117524, 19185980, 18138986, 2970885250, 3110420314, 142489757, 1072887799, 839903545, 369611278, 994276046, 857266559492005890, 419874168, 702496707150528512, 811024648481673218, 1614278605, 480729913, 838993802673143808, 3472284977, 809307429846454272, 709439182309949440, 232955167, 819228790962450433, 1101381162, 3471856577, 714654781936001024, 3687980477, 773239940964573185, 491459930, 1341821994, 133540326, 33272254, 4902676392, 2857447733, 3428469221, 2328164046, 40014732, 2276317554, 4852636420, 4214542636, 11673662, 2570691503, 61934476, 27188645, 3275702648, 15381485, 3345602693, 751455330, 599176930, 128262973, 15484894, 1877300707, 2951615053, 2303708604, 23135992, 16248319, 2968444252, 1979641712, 1573219585, 2810836596, 2731483993, 878102862, 160950203, 17942597, 2335588716, 94536721, 472599816, 37338565, 247840483, 1631125136, 1230075776, 16929085, 2448008215, 2524696086, 2500548529, 47383061, 184453967, 1658480564, 993565879, 90719213, 19534969, 2472691458, 390192329, 584016075, 16846753, 2451122220, 93472873, 621414080, 5660312, 2230463474, 191727864, 74984424, 17457389, 2465849034, 2422793468, 14954908, 220379095, 114866527, 433482970, 2448095972, 2432003858, 168461808, 19973100, 82170603, 2398608594, 370424351, 262250919, 37002399, 701474408, 2155383606, 25545209, 2309268860, 1270447056, 1948472432, 2188228097, 381879366, 1534722890, 1917626288, 162244032, 229608997, 34917628, 249371008, 700096446, 512589147, 176178958, 259796666, 210529296, 1938704306, 1248959648, 41446780, 429260312, 456674320, 114088860, 27591919, 538316273, 80154277, 1090292352, 33509437, 24781118, 1418087814, 5828112, 487896526, 232712748, 531291518, 366823916, 20095021, 19863994, 1481224292, 1546462226, 1550146201, 22166341, 155168002, 94317337, 394624540, 445853132, 108179041, 1280006102, 260886873, 383657777, 18642314, 1447244222, 559874072, 41193857, 1602508219, 22701957, 271033353, 106429260, 103047213, 19191651, 1577194003, 205950055, 27067377, 239495914, 955655612, 862361370, 1480391701, 395464167, 728634540, 16263835, 1525838346, 627714589, 15747743, 1108133629, 18108382, 421877501, 1495200074, 1410442027, 541258457, 20858400, 176924539, 1452112812, 495746808, 146106406, 1288585226, 217160046, 1415745422 ]
"friends_count": 339
"friendIDs": [89760824, 3058131, 2468426262, 1924955312, 1415745422, 112628643, 1053037460773572614, 2370654211, 3353590875, 15042770, 3226638448, 3047347054, 905945011354832897, 1719488922, 737804363352145921, 264168143, 112810791, 164254668, 245044805, 695095168538513408, 928270095196962817, 225231108, 966676073961357314, 429032976, 1131960465305874434, 124003770, 216462453, 15175368, 90941965, 6708432, 21962300, 756981511, 2757048200, 1094009417014624256, 2843633411, 2811300066, 237723662, 2914219438, 2813554790, 12848262, 1045688532688351235, 2711911358, 958005736008769538, 2491639206, 582947981, 29644499, 1019967972205645824, 1047861280193875973, 933505795425107968, 572942560, 9552842, 50246735, 24781118, 2862830166, 3001820844, 1170765086912385025, 3298326365, 907361877876809728, 3379622255, 29621622, 1036356973011365888, 214499391, 910172981288161280, 199432764, 2915144220, 1536477649, 2466500058, 1523681, 389544294, 104008116, 1670920885, 1161657503802961922, 251530485, 1163844853287051267, 1163218419002630144, 2221878903, 226070358, 1156648039123214336, 254075936, 2209234944, 2863026326, 738080573365702657, 594799503, 2876926259, 336281779, 7489582, 18840659, 15224867, 346637837, 10250762, 394828093, 473206940, 1104118857965469697, 16423797, 953035282143727616, 1652541, 35006971, 131610821, 15695886, 1083053776800489473, 2773605799, 401620532, 1031616958859538434, 704795779676971008, 899680784889630721, 892748947512578048, 116502194, 73406718, 33015367, 131286593, 1133055691931955200, 1067349048, 18368680, 87269548, 372895128, 106423302, 1071903464, 1202479470, 731330334760030209, 415773647, 191915993, 31792400, 804776705198063616, 949869355, 89231317, 811229235654393856, 465047660, 845625653974175744, 1038089886295842816, 95665759, 590830164, 801393944, 95480170, 942064022681251842, 28405946, 1416566430, 146198816, 558965400, 813286, 20609518, 701725963, 14075928, 15485441, 10810102, 1059229842460340224, 2375867210, 1944728803, 339055191, 237918222, 433335552, 543843435, 582264238, 759251, 7401202, 19636948, 319490776, 977358543106920448, 487558156, 789239960624771072, 701700079, 2542132494, 97729358, 106578674, 991069572, 227682918, 35002876, 252751061, 4448568809, 905553787070406657, 203543496, 903632964583645184, 3806669836, 1038252013258194944, 903575967112843264, 271033353, 446749722, 910857393663283200, 1038933833045950464, 2732164182, 1002611405835694082, 211868703, 413695378, 232712748, 356049086, 938780443884834816, 880532149270609920, 709439182309949440, 1551006529, 2278131338, 366823916, 614723944, 293063938, 14777884, 47620214, 269812167, 2899352211, 997198200707649537, 905528115149107202, 617231566, 473054754, 2759553456, 2750128888, 2266858435, 780939487, 107221672, 954548352, 24063265, 959134081039642624, 277325075, 3429881050, 4738689627, 934504185223176194, 191158810, 191434404, 26765788, 17826999, 30041336, 26689687, 23266548, 788005879, 193749426, 179248364, 1881304950, 1029506743, 1269829099, 489987418, 170072117, 26599001, 20190730, 885339669457776641, 783695616, 917089592284635136, 168942187, 24817258, 582112480, 12766892, 4105083352, 1159942195, 847506104, 272358160, 19038934, 109350515, 7144422, 317317076, 893296143823765504, 821554825, 40918282, 84407301, 611854750, 2472807902, 132553656, 1917278958, 1433676300, 634311986, 2328164046, 113486797, 87971828, 326501705, 393738615, 82170603, 14260960, 1117117524, 773239940964573185, 336300621, 4214542636, 381213305, 1940538595, 133796103, 3428254552, 758673523242049536, 131035262, 19185980, 3110420314, 2970885250, 579874531, 72621255, 59110732, 1653637472, 351758018, 80389369, 112526865, 89749876, 251621815, 37931225, 186192802, 466604020, 59230963, 247388185, 32156206, 92313771, 109947367, 153490587, 122172487, 289998339, 18965790, 14216661, 1473174745, 310999597, 3471856577, 16299275, 4056114239, 39584473, 2469655808, 1297458470, 419779972, 15693493, 49723417, 245841182, 917100433, 258358878, 472599816, 19000033, 159911429, 427555101, 718557073, 79783264, 3687980477, 2303708604, 60462205, 28334733, 278249128, 8736882, 42837353, 476366739, 1248959648, 126750761, 5828112, 1418087814, 17818131, 19031069, 49615785, 1426723531, 22465084, 18108382, 480729913, 17566680, 27726303, 17813135, 16044997]
"statuses_count": 1864
"date_followed": "2020-02-14"
"obtained_tweets": 1855