"screen_name": "CPSletsimagine"
"id": 3002226894
"created_at": "2015-01-29 15:17:52"
"lang": "null"
"location": "Mississauga, Ontario"
"time_zone": "null"
"url": "null"
"favourites_count": 27
"followers_count": 146
"followerIDs": [1300665330, 773721603536486400, 1199894624212520960, 823291212706750464, 1069976354467274752, 990708741073985537, 2621778790, 738873203788001281, 371288369, 822783540492455937, 1176507955, 981893589079863297, 1089918530, 926623297, 62603888, 610411737, 1103773184233562115, 2533528096, 1081168814, 4036829772, 2908706253, 1077238904, 788097444823306240, 2300623023, 1141456058780704769, 309867151, 1095546889590788096, 1277705706, 726485185152294912, 161913170, 768556346, 2790706130, 1042133384129064960, 914680109579333633, 991894003892146176, 991084887506644995, 961213776237350912, 912347597431549952, 3407289552, 904734777294671873, 576441909, 366312352, 900640176397058048, 892368491474542592, 401439271, 1064788682, 4836113337, 879875906847854592, 4692056760, 863826047619530754, 857028962198970368, 1155107245, 816232413659590656, 700530183095320576, 3020699223, 518069291, 2792133919, 282345119, 807393047038357505, 552399483, 800417608390447104, 775754557783695361, 783618114231627776, 793619072919408640, 2148154237, 787829276829704196, 760102410694057984, 4438680447, 4251522760, 3109048511, 1425540163, 1705659318, 220154946, 3332614857, 1040855910, 2530075465, 735249647351025665, 2408234598, 304996440, 544801265, 4868083827, 717524259610959875, 4441380915, 2758379098, 834141884, 2218587728, 2783134556, 4708689915, 4700689106, 579539781, 4504936605, 2489029218, 3988396811, 2869987173, 2169279249, 3066060225, 523981478, 2482494181, 2565455569, 2518331167, 3293514136, 67706048, 739293, 505935095, 42602780, 1199306046, 3344178913, 34758846, 3405077392, 786074678, 2666842110, 3349404315, 613922306, 1253175385, 2779599714, 3167725577, 2548971330, 3164336073, 868623007, 2792417634, 3089135705, 21940590, 1426615076, 3013203040, 1426060302, 3033537639, 3037993882, 2990133543, 18219671, 606703263, 811613611, 1907669119, 919017738, 498832620, 3001626316, 189005896, 702368400, 437595553, 880483837, 3019004277, 2770802600, 2148025398, 2974963367, 2781484953, 1692596316, 2869686662 ]
"friends_count": 393
"friendIDs": [1228487045888323586, 38491229, 16397147, 742143, 14705603, 89760824, 17073913, 1223101, 54904679, 637220899, 25365536, 380749300, 19000033, 3343526057, 3326015151, 3353036295, 366604652, 2209597267, 1930626264, 1095936109, 2151508856, 2401591254, 1489227696, 2218321995, 1300665330, 415842198, 2450322853, 773721603536486400, 1969815936, 2151338779, 45975888, 24492921, 1199894624212520960, 575552921, 2790483939, 2621778790, 738873203788001281, 610411737, 991084887506644995, 741728903392174081, 1601696828, 1176507955, 34084314, 359896071, 2518331167, 18219671, 3271748298, 27429539, 464666467, 330397813, 371288369, 168010887, 1277705706, 1103773184233562115, 2994245663, 2376391178, 356883687, 2513585740, 408688501, 1081168814, 759785072, 4036829772, 32072838, 1004354604, 579539781, 1276123381, 2908706253, 43609211, 425549910, 1077238904, 971180676, 700530183095320576, 450725700, 304996440, 2908147246, 219003291, 2300623023, 1160899703443218433, 425080993, 1064984438063263744, 780809962771451904, 309867151, 2226247829, 3020699223, 2790706130, 772850265955467264, 2801621949, 316041604, 2161648040, 1155910868, 904734777294671873, 3407289552, 50374439, 59949396, 27042513, 19058681, 31353077, 18948541, 16303106, 115485051, 90420314, 85603854, 970207298, 939091, 23151437, 50393960, 1330457336, 31239408, 409486555, 1339835893, 158314798, 84279963, 181561712, 34507480, 268414482, 23375688, 16409683, 14230524, 79293791, 21447363, 26565946, 15485441, 15846407, 19397785, 3846509903, 482347578, 4836113337, 1392973700, 889068103, 1570845210, 40140191, 120129298, 104609076, 46117888, 366312352, 857028962198970368, 116227920, 299234126, 216748895, 1372141952, 115465588, 1155107245, 1368532988, 72582613, 1329765764, 719928335, 398469540, 1416875094, 36715350, 3173976785, 266152142, 1222486764, 2325962143, 36860764, 567802728, 2530075465, 2863106426, 104514398, 1410818863, 552399483, 775754557783695361, 14216661, 19038934, 26872682, 73406718, 3075713986, 2211678944, 544400895, 304998231, 2248963417, 764850661, 34758846, 1705659318, 20845747, 1349941, 728673609955348480, 30602016, 3374295154, 813286, 2447957106, 4868083827, 2408234598, 3109048511, 728287407917912064, 2515520339, 2511474366, 1746348115, 3013203040, 2910209898, 858043633, 2769944732, 14260960, 934865882, 1732960092, 2538296858, 20564713, 1154815874, 3260391482, 1326873326, 3297897437, 1942800823, 455488487, 1716424285, 289402589, 2169279249, 2482415748, 3066060225, 2182238636, 1061444269, 1761497077, 8381832, 427572119, 52160659, 2178219181, 172779883, 564066195, 992253180, 1854478118, 161913170, 478967596, 69231187, 68462484, 734051970, 16153562, 14700316, 5402612, 16869351, 2482494181, 33933259, 194378740, 27081171, 51241574, 783214, 17207024, 759251, 428333, 14159148, 20536157, 18244358, 807095, 14293310, 36843988, 117662694, 17842366, 15492359, 2565455569, 54236760, 523981478, 17471979, 427051849, 2299953498, 20437286, 38500966, 11348282, 1375614548, 20196266, 186154646, 581925271, 15147042, 35821820, 78068854, 3293514136, 2340531421, 18777269, 10219982, 1710791299, 1636305450, 21118985, 67700256, 291449395, 3019004277, 1374579895, 1307800026, 1074153397, 290005996, 1716682213, 179248364, 14369901, 185397767, 1665531, 179555829, 62133901, 550395491, 2177248662, 42602780, 1688872484, 1860376082, 35415477, 1706033214, 519071841, 1719079116, 1935096966, 1109626068, 1109882388, 1247436350, 1732545992, 1708649647, 1947442094, 1711255524, 457952040, 18368680, 67706048, 83691020, 505935095, 382177545, 3611048177, 518069291, 3547730897, 1954828069, 2803964244, 786074678, 739293, 204055159, 1872028092, 717651249, 1355086644, 1355562944, 778613971, 1418747780, 1429175576, 1426615076, 2718294864, 774557654, 811613611, 2364461647, 251332947, 177177601, 37710752, 606703263, 131035262, 1601279437, 1315437661, 36429302, 796293236, 2753183474, 323570718, 2779599714, 2155021100, 1115768599, 498832620, 2533528096, 2218587728, 2824116079, 1426060302, 3001626316, 1009418576, 437595553, 1253175385, 1722882739, 189005896, 1907669119, 858805765, 702368400, 868623007, 880483837, 419647129, 2666842110, 1089918530, 32062804, 2306829624, 217120349, 1731764216, 2337582326, 2792417634, 2869686662, 1339667966, 436734388, 608811000, 1293170132, 62603888, 882760063, 23796987, 89803097, 846213428, 1425540163, 1730161856, 568313696, 2148025398, 926124428, 40005993, 2461873554, 2758379098, 2770802600, 2774073008, 2974963367, 2208219479, 1692596316, 1902934238, 2468111719, 98743158, 2781484953, 919017738, 2513679302]
"statuses_count": 115
"date_followed": "2020-02-14"
"obtained_tweets": 115