"screen_name": "dbaddest_25"
"id": 463983433
"created_at": "2012-01-14 13:10:37"
"lang": "null"
"location": "514"
"time_zone": "null"
"url": "null"
"favourites_count": 6
"followers_count": 44
"followerIDs": [832670905302032386, 706814251713757185, 544427001, 4858072457, 887018036271747073, 826143128939806720, 818180040210792448, 406423017, 35341703, 2584649683, 2204074112, 514727608, 377387535, 1033204435, 266595688, 261659432, 473553455, 781319274, 2692584552, 480298459, 46401226, 11378222, 213671271, 717962116112728065, 712948409095823360, 1949433781, 1229520061, 3057724463, 570448580, 420354158, 633031199, 2888219895, 1221027242, 536494521, 814171526, 218670789, 25515947, 215166141, 469490644, 451548450, 417918231, 210137727, 228483723, 407993424 ]
"friends_count": 1230
"friendIDs": [19377913, 89760824, 21660529, 25375962, 4753784437, 1286161147, 21131149, 1444316371, 1048802927756922880, 4627236323, 777449463656902656, 56001656, 317291424, 7940892, 1154663018, 305719661, 7432862, 291935324, 508329953, 68881642, 34092207, 15898362, 16122216, 14221917, 16083576, 14787713, 15755669, 1488975356, 18391051, 399058061, 303898942, 24258355, 759786534, 15950681, 2329066872, 40353407, 25375836, 3438358100, 948946378939609089, 984819646082797568, 2344067390, 53219503, 324703658, 839512842453807104, 54417706, 2381079758, 346681040, 1158439782688677889, 21812653, 129356386, 41859939, 581971753, 33995409, 23083404, 16302242, 26588937, 340324914, 237827096, 21099064, 172904695, 47773587, 36197161, 339787006, 334410595, 532552543, 235441031, 260523318, 27821859, 71468442, 325044863, 36089053, 12513132, 265758015, 24586611, 24478346, 73177902, 24903274, 19494203, 18208354, 6539592, 139162440, 66482863, 42153941, 28097850, 114870265, 2461810448, 15764644, 1080584229510172678, 1080539438508400642, 1068273911224094721, 1079769536730140672, 29450962, 36686040, 787373558, 40302336, 815733290955112448, 1082334352711790593, 31013444, 783792992, 435331179, 14356067, 368434779, 92338086, 120225476, 389611526, 389606376, 31460850, 235387800, 211241330, 238275015, 72740377, 24158215, 246732771, 266031138, 16058854, 246288568, 237871545, 17220817, 1922004823, 18925261, 66590132, 73406718, 48045229, 16737406, 304603978, 316389142, 46335511, 14652182, 13683952, 39512482, 69060527, 69060064, 31444568, 18396319, 338985020, 38142665, 8350912, 68440549, 212657985, 20445088, 36084926, 1108050829393707008, 24209167, 898125853, 897886992, 887418059501305858, 15441965, 16378486, 382685028, 234186830, 1383272101, 861390829, 56447187, 839226269627621376, 742453163098296320, 1665917761, 4456594039, 66244710, 22448617, 462169232, 892275857779118080, 807176238, 210450261, 89206624, 130557513, 21733692, 2780215928, 15159913, 57371662, 25694156, 144003355, 2573480784, 786309892990574592, 929823128259387392, 20094409, 454071012, 548384458, 860123351154556928, 771388593130483712, 860555190, 19947114, 1634248890, 780206406024691712, 200514238, 39364684, 16145224, 2869531, 16422358, 774407512598704128, 209375837, 27075032, 3306241383, 30354991, 21059255, 15576928, 246939630, 165835233, 336665303, 471677441, 93261603, 1003781510711988224, 138203134, 223223376, 1467580478, 1604444052, 319225490, 71064895, 632687052, 1725137533, 800707492346925056, 818564412852367360, 36711022, 15309804, 877591374, 121489431, 391360032, 257056269, 19084896, 2817144043, 203201412, 300510109, 26659703, 926620369, 102251724, 1128886760, 180107694, 68758745, 2440926542, 3145365276, 823249202494980096, 26006232, 463011876, 40933223, 21303251, 20930194, 35725276, 20074510, 74472499, 206796466, 248855840, 15473958, 22760252, 438966901, 108668795, 108352527, 246843595, 225265639, 69181624, 14569869, 21866939, 22240612, 87416722, 18424289, 7587032, 380648579, 918169628, 182398325, 247852986, 16868756, 1382159546, 590195750, 132496568, 34903365, 38584206, 119464925, 442870573, 32567081, 21388284, 24111487, 41501555, 84194879, 16379018, 21232507, 243291022, 769641584, 46817943, 20109439, 322603418, 267921808, 22650211, 7744592, 79827261, 25300308, 56223278, 86141342, 8839632, 42958829, 17134268, 450941680, 205392468, 361342191, 17112878, 34310801, 1375289149, 547860279, 728248697654415360, 3308352436, 16027546, 3119449389, 16878156, 594911608, 14342564, 20031296, 1002288440, 69480815, 22149851, 897856607186554880, 75797367, 170861207, 757893380, 2434051392, 41692369, 32520659, 2174696743, 143882311, 635608354, 18018355, 70511174, 3375809956, 15765991, 79743108, 119491006, 282545479, 258885469, 33919343, 126722715, 14246001, 9532402, 326255267, 85131054, 39155029, 19186003, 407013776, 13524182, 86129724, 59331128, 15893354, 77032777, 217550862, 31058145, 21252618, 407396556, 17074440, 22799750, 30043495, 108617810, 18637396, 159655293, 20744708, 21212087, 244571847, 164450726, 335336611, 104909075, 259863796, 80373632, 102867492, 212255099, 31016461, 31016249, 85334007, 92858317, 126387479, 15458694, 5741722, 18767699, 11856032, 16815644, 13850422, 564111558, 14514804, 15905103, 1399071, 19110632, 14076231, 11856482, 24016767, 174377718, 10933662, 173992307, 21887420, 36065771, 1774391, 16031536, 16365636, 15066760, 14363353, 17219108, 36184220, 16211434, 21334179, 11744152, 372536101, 63188873, 704967105402114048, 713839291210792960, 18464266, 15464697, 244655353, 131497030, 14515799, 22129280, 22771961, 299802277, 32871086, 19568591, 325385270, 27947088, 382177545, 445138206, 47475039, 373564351, 875029068223315968, 15220768, 22187085, 1965420800, 2863996955, 834081571493785600, 65459725, 87210710, 20065936, 257367223, 27055034, 53938203, 3449701276, 27187343, 459872442, 30959290, 30699754, 160640883, 33924702, 14193993, 19196229, 14247572, 16743886, 14304462, 167024520, 186755547, 30924507, 2889924959, 498549828, 48492831, 23908002, 16051471, 71294756, 49204865, 52070270, 18622869, 21844854, 14962779, 59031230, 97474887, 91180720, 48802204, 205864193, 182503471, 158426909, 184136149, 17291393, 14251225, 254117355, 18227519, 15463671, 18678924, 21619519, 16129920, 19107878, 14529929, 21481343, 5392522, 124302756, 34735936, 14606079, 39279821, 17354377, 4248211, 874916178, 5920532, 260907612, 22536055, 15519886, 54904679, 14135350, 28406270, 1020058453, 17243582, 28061932, 18228898, 29501253, 14155907, 20772763, 90420314, 19877186, 44039298, 30364057, 1396161031, 498177610, 1204567627, 118482503, 16879936, 15846407, 16303106, 26642006, 237477771, 15816595, 126990459, 487736815, 43042353, 525060895, 110445334, 122226401, 31957479, 24024778, 35069260, 4207961, 50325797, 89820928, 224320485, 297532865, 12354832, 130496027, 215207998, 37590426, 39000115, 61734492, 289342771, 217064621, 19847765, 148653311, 569446928, 469509327, 23330998, 18025377, 34570323, 34294667, 34867057, 38395124, 24744541, 1994321, 794633823623532544, 826151098205478912, 23539099, 28724035, 134162047, 62513246, 197483134, 3333055535, 607747504, 204844864, 15474531, 475454826, 15359578, 3108351, 742143, 612473, 20543416, 150078976, 110610806, 162749920, 468661937, 114530313, 14159148, 13393052, 240282893, 81600161, 123030244, 24837182, 20266894, 46555511, 21156033, 593866493, 419995383, 222185665, 45882011, 118245138, 20963461, 52529345, 1051396218, 32733162, 14118292, 2557592940, 109451593, 737448396, 50548354, 133452472, 191692374, 189274859, 27774639, 21106414, 19003664, 63177215, 14216661, 8736882, 12848262, 19000033, 14705603, 12993222, 13896552, 17659340, 19636948, 203123011, 19038934, 24000965, 36490075, 26548315, 950531, 771160003793170432, 33627581, 276846158, 237845487, 4091551984, 3130710477, 3272408635, 14377605, 55253922, 366027659, 16102081, 402821982, 23255247, 1397342508, 2313894266, 48120914, 755113, 2424569809, 1582853809, 14844867, 104692306, 14211946, 29442313, 41814169, 252531143, 33451168, 596744235, 228794007, 97082147, 16245822, 23962323, 621573, 21581503, 1435461, 8963722, 19658826, 15147042, 18665800, 117662694, 17471979, 14647570, 15862891, 487833518, 32372834, 19402238, 16895274, 17842366, 34305774, 85839993, 136441843, 286166704, 19612279, 45892981, 770376067, 91508945, 455195671, 44516935, 37106040, 20899023, 1321427316, 78105431, 20998647, 313537605, 1446255144, 586909317, 454313925, 299798272, 3087895499, 2566535282, 294120248, 1639530362, 37656289, 334079075, 69343363, 415985101, 7900962, 16228398, 17579312, 406423017, 464136514, 970207298, 57600343, 14260960, 28747544, 106575148, 369911953, 48471268, 47650483, 378047108, 12034642, 318091093, 575014349, 32382050, 32134081, 19050461, 2957214987, 19425947, 167155452, 50464559, 49883265, 360099026, 281703857, 157157264, 374188235, 26053643, 145346276, 61619762, 397610743, 254098644, 30047168, 783214, 20536157, 2735591, 14800270, 16896485, 19407053, 20562637, 18949452, 4898091, 621523, 1754641, 28140646, 624413, 15110357, 20402945, 2836421, 1367531, 15995155, 2097571, 4970411, 87818409, 16343974, 16973333, 1630896181, 397823963, 234521957, 25121410, 390800843, 370706157, 484190186, 1151855768, 3406040487, 182495200, 265902729, 16435731, 42956737, 15729027, 273060588, 34998642, 19750789, 346611655, 1726529245, 23946417, 234826866, 357606935, 60924595, 262746604, 292777349, 80700514, 50393960, 6480682, 26553086, 52551600, 17169320, 9300262, 5988062, 8936082, 14677919, 45564482, 1947301, 2467791, 24277551, 14780915, 526316060, 939091, 20455625, 20479813, 2884771, 14434063, 35773039, 21701757, 16581604, 1093090866, 1330457336, 1364930179, 1339835893, 14353392, 23827692, 26570717, 5695632, 1536791610, 325830217, 133880286, 11856892, 1951639321, 55146602, 216776631, 759251, 37710752, 12133382, 17220934, 204832963, 84653539, 11348282, 15165493, 21436960, 8295072, 24129206, 22167056, 74608856, 15138087, 220922265, 238319766, 15750898, 57700994, 22657153, 416963802, 46268275, 171872461, 20732143, 33875677, 54218347, 32931188, 32908126, 53993942, 259375460, 23501022, 36139166, 14984030, 90959399, 19735580, 23481561, 29062886, 42987732, 278694321, 21841004, 88763317, 87954771, 1376059765, 3009573404, 15764415, 126439764, 8283082, 57062178, 26828977, 21093744, 17244973, 133711992, 420354158, 15754281, 19562228, 20015311, 394918271, 1595561010, 845012778, 61830970, 36362259, 32135704, 55307193, 22675606, 39313314, 122980375, 39542432, 32765534, 633031199, 749952350, 21898041, 26077026, 17393790, 22708797, 15566901, 890891, 718799630, 19722699, 227837742, 6433472, 16664681, 16012783, 487602166, 102481836, 18936161, 69534677, 42396534, 59394230, 54343442, 220998706, 154476881, 142254821, 230567975, 145684236, 146509611, 122394817, 138388408, 93710746, 144105150, 103821088, 138075737, 219294551, 136005512, 142256733, 94544423, 140062928, 104105131, 188018043, 122615163, 286197712, 394083728, 407632095, 399681579, 280518595, 243175199, 350118701, 296235573, 404097912, 389438626, 370765440, 365518627, 341639219, 465811969, 330086731, 255804181, 310250796, 418660916, 323461881, 360668525, 1058342240, 620034505, 1205123202, 550811350, 606431590, 607961459, 512493959, 835230594, 569138069, 477799117, 475671755, 595719169, 543582873, 550202880, 553655895, 978688232, 1136676000, 749570539, 950341134, 467490909, 2463145584, 1252464876, 1964571728, 2550652224, 1560098432, 1288933381, 2497039255, 1927577275, 1500752648, 2541999628, 1419276193, 2415076698, 2155215398, 1269913086, 2528536557, 2506947680, 2491702663, 2463398424, 2305714605, 40197535, 199110089, 23875419, 133021515, 16403943, 159113258, 19725644, 242982376, 16825289, 811533451, 361150095, 158452328, 26264020, 494286783, 26259480, 25093616, 115764455, 1895278116, 230240193, 94409059, 271130230, 192667532, 139092348, 533085085, 183330212, 57100687, 47848627, 348590880, 337308306, 349297814, 69677863, 119106683, 242313837, 438550809, 1358062944, 54791458, 1428219750, 1470975265, 1482304957, 837131046, 24224425, 627673190, 991417442, 25553638, 385473825, 91478624, 17308428, 362051343, 33584794, 9763482, 115754870, 14138785, 19230601, 14885549, 64643056, 15332636, 13213122, 18091004, 138749160, 69329527, 14293310, 51241574, 552803420, 807095, 788524, 34713362, 125567504, 28785486, 14173315, 7309052, 1652541, 6017542, 15012486, 5402612, 428333, 27195114, 10681662, 15836703, 10228272, 14511951, 19159726, 462487731, 85654185, 564159387, 35184346, 18843019, 754585519, 1113747361, 18177126, 1152279248, 22292529, 1148951203, 978908012, 105147032, 123417995, 1363520268, 372509509, 436702610, 824386405, 1362212724, 279390084, 1221027242, 1260366252, 227216207, 1059194370, 63133026, 22504089, 22323319, 266841184, 117216619, 95023423, 131948686, 174533632, 45055696, 512613427, 277161300, 23778898, 222365692, 85386834, 16745015, 157099032, 51263592, 413386786, 26664274, 19752348, 174746799, 488751763, 790136510, 536494521, 20416406, 814171526, 21740090, 15224867, 37774152, 71876190, 34767359, 53922985, 23541812, 85398638, 498961017, 252663106, 39706174, 315364624, 218670789, 74221293, 99852849, 587593372, 20950232, 215166141, 587698033, 746650963, 606743320, 737944310, 554818467, 565179618, 135249573, 245494691, 110839423, 43404609, 53853197, 45112524, 356825060, 20575752, 45118247, 61277941, 25521487, 58693822, 164048140, 334976030, 6796502, 24008967, 303794396, 56705653, 54084665, 34085078, 177335809, 34430522, 42384760, 326683259, 50096544, 248900032, 27031710, 116362700, 276715917, 469490644, 16672159, 18948541, 31447081, 21586418, 400494922, 417918231, 422178777, 303860333, 25515947, 373466025, 271219664, 260310093, 130734452, 813286, 219683269, 28370738, 36240413, 96915603, 27892854, 99806132, 133115088, 12513472, 21506437, 15693493, 31451408, 110485995, 39922782, 66981416, 50532092, 25235080, 25389599, 210137727, 228483723, 70896608, 115485051, 3004231, 459602372, 17910878, 91208190, 34701524, 260600105, 23382777, 115597898, 138134695, 270949258, 132389474, 105211981, 441193367, 441951136, 378857345, 407993424, 254833195, 303806325, 19678937, 30465594, 84353161, 35936474, 28870086, 22159122, 50004938, 284089166, 16812787, 39288259, 17461978, 17299063, 130997057, 120943272, 2557521, 26257166, 23508439, 19362299, 19426551, 31126587, 21454322, 45605747]
"statuses_count": 525
"date_followed": "2020-02-14"
"obtained_tweets": 476