"screen_name": "DonnaMcelligott"
"id": 1223695284921724933
"created_at": "2020-02-01 14:51:15"
"lang": "null"
"location": ""
"time_zone": "null"
"url": "null"
"favourites_count": 13
"followers_count": 96
"followerIDs": [3167622495, 1126026707771650048, 496590536, 237281828, 1145953309754351616, 862167372, 20854579, 117484983, 206796466, 202819393, 711028394, 375727231, 121483664, 222902415, 1097531188338552832, 559921999, 1089330601553932290, 749650176, 90949148, 40824514, 286014324, 507864785, 1275209472, 261001666, 124817702, 1198194971280658433, 57201411, 17194367, 772326630, 1217475635200823296, 1224665795160133632, 736600128505548800, 383014734, 1140140947927265280, 33432137, 61394175, 18062054, 1163583384, 1730897000, 1702579824, 66820511, 634127197, 275979196, 158548992, 21094005, 470802436, 858458035089440771, 128386185, 16917579, 25377135, 199876983, 17157142, 1152617744069799941, 967838497930293248, 75742264, 53993613, 2347118736, 389067673, 3138193305, 149584593, 246443187, 125202835, 121881752, 129712334, 626648496, 4763699791, 32405267, 973116890, 27133489, 98487877, 860793234, 19875325, 112341453, 21528815, 166035887, 728359328881614849, 282681711, 1216263449040343040, 61527398, 17524392, 36984909, 19148711, 461693745, 996207487, 66371891, 17389318, 781526097557086208, 1199203263259779072, 306435370, 22201829, 265763563, 2849240673, 721190828, 467137030, 381174013, 393186235 ]
"friends_count": 406
"friendIDs": [18999809, 16161679, 2891740872, 16129920, 89760824, 2809959174, 9300262, 40316065, 12848262, 1652541, 382219275, 20854579, 16302657, 22997830, 862167372, 913718987346923521, 382097257, 43389546, 3158295595, 145369414, 117484983, 33637597, 202819393, 711028394, 22996759, 17948003, 22192440, 15984676, 211518112, 44223159, 3082096919, 1291291, 206796466, 291534939, 29230237, 546200258, 26631387, 166723101, 57555058, 18177392, 195899568, 89265769, 18732993, 18559001, 20028418, 369901017, 248850628, 247364252, 903100790, 18510548, 161358630, 239044308, 234827422, 18741571, 234535486, 204951406, 227717774, 930386257, 1307791, 121483664, 272172091, 34041396, 402285996, 19604599, 1097531188338552832, 222902415, 140945140, 90927065, 1073355187, 90949148, 40824514, 237281828, 4834357679, 375727231, 90732175, 415773647, 2820217755, 232519990, 329867707, 115872973, 300410202, 19103646, 237842283, 86960389, 131466176, 99401353, 240760525, 193031832, 749650176, 807787995940036608, 1089330601553932290, 218333534, 193315480, 246723540, 14691203, 61737886, 559921999, 548399832, 286014324, 80374392, 1192074145, 190814558, 124817702, 428333, 203123011, 19038934, 2926136996, 74186967, 19957392, 16423797, 261001666, 227389952, 353903334, 19203412, 26354403, 596201340, 23191561, 1180120220, 4192414240, 629701728, 4208164872, 507864785, 62679369, 96646729, 96837197, 2791988124, 77500023, 22462339, 1275209472, 155029126, 16099822, 19240337, 38949890, 772326630, 26307306, 47459386, 16311530, 17194367, 82120358, 24120793, 1586235684, 184444620, 190012537, 271445418, 75742264, 27446069, 170774815, 488748887, 736600128505548800, 61394175, 205916039, 241226103, 15949042, 121853848, 33432137, 63383628, 16219502, 22658254, 410175234, 1537565070, 1702579824, 18062054, 66820511, 16917579, 12034642, 634127197, 228529107, 21626814, 18060714, 14231419, 119530217, 1309153880, 470802436, 1163583384, 576270319, 394897516, 57201411, 275979196, 1730897000, 21094005, 129895929, 858458035089440771, 199876983, 3152354474, 25377135, 475186162, 16580153, 508132071, 723746255990452226, 1651690723, 337479489, 2198625848, 3144977469, 44070432, 962734359689117696, 995884704573280256, 264908467, 932481038021926912, 40325284, 2317959985, 1100899588997705728, 3008712379, 38229627, 4785461485, 175446400, 511021343, 365549928, 15966995, 344254333, 284722083, 14747628, 31512260, 1005090338, 413802355, 140252240, 18654401, 215632349, 16307818, 27013347, 53993613, 197074546, 1173791168, 2347118736, 15769858, 23538570, 153566964, 389067673, 14892665, 195903035, 248361545, 132294267, 16153506, 2828525516, 3138193305, 149584593, 24782816, 179986211, 2963597856, 1539978391, 121881752, 102119821, 125202835, 25068722, 111772723, 141336408, 27931710, 308062165, 1087315136, 37443066, 201809699, 246443187, 166035887, 12992772, 2809494591, 600679694, 21731008, 32405267, 81122301, 39812267, 16338550, 20878297, 84368341, 16909646, 626648496, 56619099, 4763699791, 822215679726100480, 409486555, 25073877, 813286, 1006419421244678144, 435416709, 29518466, 197554405, 180887271, 373683618, 376927648, 60637549, 124302756, 24215395, 2484721754, 61527398, 1014161438603186176, 973116890, 98487877, 26347394, 158548992, 860793234, 3078704766, 19886297, 145480842, 19875325, 394234331, 16747307, 27133489, 43280157, 21528815, 169259398, 42557343, 282681711, 728359328881614849, 112341453, 151669116, 42568295, 833911266263474176, 22532501, 3260680316, 851872297136926722, 11394882, 15698452, 3008913119, 3255042949, 506216849, 749907618949263360, 17524392, 70315912, 32257623, 15933148, 75065396, 19657809, 577537761, 36984909, 33798654, 461693745, 289498966, 75050644, 19148711, 16106522, 14260960, 92132362, 66371891, 61638283, 1707636642, 912988142, 996207487, 17389318, 781526097557086208, 22201829, 845299284388040704, 3261867146, 15019119, 138798346, 17157142, 87265598, 1000996812, 410014727, 2849240673, 393186235, 467137030, 1543923926, 30244420, 306435370, 117155939, 27355366, 381174013, 208109042, 265763563, 721190828, 42836999, 1131557235652325376, 3079986094, 82447525, 54791458, 36211088, 324051630, 23670746, 194439261, 14803951, 29442313, 2467791, 742143, 18982486, 8736882, 889602767076995072, 2155691491, 7401202, 833988769, 21525682, 256360738, 145647271, 203132018, 89522068, 16621410, 14538949, 27823555, 16690722, 27380224, 71285235, 253340075, 232427887, 89900807, 932779154084417537, 36065127, 14713787, 190817371, 55687338, 19041310, 296553576, 27260086, 36490075, 34747812, 1339835893, 28370071, 242827267, 16397147, 212621119]
"statuses_count": 17
"date_followed": "2020-02-14"
"obtained_tweets": 17