"screen_name": "ErikaSWang"
"id": 61038867
"created_at": "2009-07-28 18:30:50"
"lang": "null"
"location": "Toronto, Ontario"
"time_zone": "null"
"url": "null"
"favourites_count": 5521
"followers_count": 126
"followerIDs": [998762671120973824, 1220726333686370310, 1220088992273580033, 186988198, 1225125476496297984, 972040928419557376, 906181962607583232, 1224333740169711616, 976483813672005634, 45585604, 1190424351457366017, 1216395034129510402, 964617100588232704, 333480629, 1049586465477410816, 1115652257813368833, 1211864550661734405, 1168686832004943872, 1220494160299483137, 3080591340, 901483342377472001, 1216047372007948288, 1155516590718410752, 987845919499530240, 1019967819729924096, 789270766718156800, 1288510117, 1215954831535460352, 1203933506218295296, 1214155163448987648, 403639352, 2403338826, 1146194977527074827, 1211693247992434688, 769764088847011844, 739509775650705408, 841412475748810752, 1398262142, 1173305374730067969, 15444168, 35009819, 349039168, 1204638185164132353, 2774243821, 1203016980053319681, 354759709, 203454935, 1197488584011534336, 3644307138, 2869844368, 700881499327897600, 1183596187812814849, 762521397172264960, 1188983269410275328, 1330873741, 46098391, 1170723715149176832, 878650598043856899, 1177074667393290240, 1181227084720549888, 4276052473, 35124924, 1155874239301464064, 1368478189, 1151686610527719425, 942871695379062784, 1016569259084791808, 9946842, 452876197, 3389674132, 1144184900683087872, 1147208489741295616, 1154437383292633088, 1145687010696466433, 823283730055774208, 1152151292317437952, 995187202475749381, 926386375573803008, 1119766666898886656, 1139162176357359617, 1126464520698957832, 1009729937346039808, 19790013, 822844627191373824, 958342004194398209, 1129068933548527618, 819386430208217088, 180153573, 339752588, 378401999, 905131059418996736, 1118285571590369282, 1094880200544768001, 1115075855934476293, 1114427024536363009, 1110559060330512384, 4586679193, 1110916282608697345, 1063143781279653888, 1108989413957222400, 1072797458714034176, 1108594506935365632, 1110213425978925057, 1107163864569925632, 218423826, 1072003760, 1105870326347505664, 49081015, 1106617710442696704, 164269447, 1105143603976945665, 24159762, 1062098689257164800, 3187123097, 33923443, 860576955271323649, 833266879020032000, 702955776646770688, 85293919, 838886494479794178, 4279965201, 3225084991, 367858661, 759283782, 74296039, 59649180 ]
"friends_count": 416
"friendIDs": [89760824, 782973815496192000, 345522684, 214537859, 2817144043, 2216675940, 2469417955, 77307153, 20094138, 19338715, 492891267, 18918698, 9234352, 193843928, 2252642910, 1021204587154268161, 237548529, 100605247, 243680331, 24691376, 174593833, 1224020416634793985, 2836421, 2960062013, 1188366960259719168, 1040802288363683840, 40042231, 976791657810100224, 44409004, 348217747, 85603854, 33550291, 1594580336, 1115652257813368833, 3898598357, 25135956, 16510540, 884220431888023552, 18103148, 804386021647544321, 168374159, 199299110, 1108412548200714240, 520445177, 63859619, 38981543, 1149159932777730048, 1144515589395734529, 3390616899, 2783025822, 19907840, 489628922, 1163535207888248833, 283056496, 183854047, 831877804602032128, 16843780, 46238000, 793476872097107968, 1164891405346660352, 36149833, 31569357, 2956846467, 789270766718156800, 172399356, 4885277053, 913203265466257408, 568731463, 222514422, 47705588, 1155516590718410752, 872623296, 234270825, 716621850739085315, 7846, 1214593497077972993, 1213638018415788032, 434738846, 403639352, 53238154, 411889287, 384675577, 3861433641, 3079963342, 1213573140141334534, 1602273902, 50374439, 39592639, 16808453, 63812039, 20246228, 2267500531, 1255110902, 873462901960359936, 51131004, 739509775650705408, 841412475748810752, 1398262142, 848232607, 529404902, 772802441716854784, 15846407, 804194142393802752, 1083017774178492416, 1069953299590262786, 14983499, 2869449032, 291951344, 725413623871332352, 14423351, 25797905, 17654134, 12880012, 870230370163335168, 183749519, 292409371, 4919272975, 55574124, 352717632, 45585604, 15808647, 434782832, 110308521, 14469246, 2246031631, 55017297, 1101852233933770754, 2185519721, 2455019419, 2774243821, 1194267639100723200, 157011259, 14173315, 1188381386694111232, 476258341, 33640905, 17142897, 17424053, 915879847, 21123853, 1615983650, 178203295, 2384269582, 1924178838, 762521397172264960, 16537989, 26585095, 97739866, 631478663, 373471064, 20108560, 436266454, 1154155010608861184, 1033444447042846720, 20456251, 1060978099146260480, 1079749615082033152, 1130021685351079938, 554510636, 730945941788729344, 17874544, 12848262, 4356530115, 284278132, 605012771, 3284573533, 23995342, 109533585, 214283265, 28179079, 57134042, 14500608, 4060962886, 87628316, 83901762, 1108411436412350464, 55050269, 50826280, 134228659, 2496408438, 7130402, 1330873741, 2896637001, 186973178, 296993214, 1170723715149176832, 730921073827516416, 443471788, 351814578, 4823705386, 794535386781458432, 17540405, 26040944, 47435469, 32213049, 378401999, 9207632, 727338733423464448, 878650598043856899, 149282848, 19923144, 305652035, 59953036, 1013634584448196608, 15358891, 127110633, 25029495, 51654515, 110620846, 8839632, 93465042, 4196983835, 953691495361662976, 37819073, 1141832704570216449, 588258653, 178580925, 761195815, 4693705326, 1347713256, 508766581, 1098907423, 19499640, 3830097076, 50323173, 2409206101, 452452428, 452507479, 432570714, 28346181, 36724576, 59497438, 785631337021571072, 26257166, 16302242, 20570290, 4700789424, 822844627191373824, 4416500843, 106170894, 18638090, 1120499970149371909, 831470472, 1265726480, 17071048, 7684882, 68718961, 14577706, 27083523, 339752588, 14879097, 12, 745273, 410493309, 50393960, 817816935542956033, 2504854829, 1105857771889520640, 282735852, 267921808, 1604444052, 65733755, 39633585, 3282859598, 3260518932, 47459590, 126383762, 44163738, 1094880200544768001, 114213282, 600435408, 27467807, 14738561, 14869478, 926269727663673349, 56736161, 38705388, 3073349892, 2370627199, 14452313, 605106202, 2698198633, 971407531972186112, 4917945098, 248917209, 130636009, 27628345, 84194879, 846137120209190912, 219766491, 1098667082307330051, 762799939395158016, 4020532937, 489066301, 21238524, 29873662, 3363946175, 18538268, 18537709, 2924593731, 53112502, 17393790, 25092348, 218423826, 14709355, 84396121, 85371279, 87594778, 48464759, 17002395, 18999585, 17918663, 13787352, 28160998, 10791192, 11856422, 25928253, 203123011, 19636948, 12993222, 7144422, 2735591, 215952307, 17134268, 2380019724, 2791114682, 46652264, 1072003760, 29236490, 28535982, 18819574, 97513564, 14825399, 1000849345, 24024778, 409486555, 15984981, 15846527, 15763995, 401755277, 1016107212, 19110632, 22650211, 7744592, 13251272, 860237030, 117662694, 110365072, 21445747, 1297751, 24016767, 4698456696, 1774391, 15066760, 36184220, 16211434, 17219108, 28144343, 29546945, 19472585, 18131961, 41468683, 73406718, 25589776, 107546283, 568825492, 19711734, 164269447, 1223101, 1523681, 40918282, 20710809, 159266887, 15012486, 28785486, 15224867, 38531995, 18170896, 52554306, 2536453699, 16135536, 71016845, 35009819, 25374040, 22515362, 23786152, 80943051, 23080244, 19397785, 813286, 62601419, 3226282347, 46155808, 387975974, 7518252, 972651, 1344951, 745600340, 16896485, 19407053, 68784803, 398092540, 15492359, 17813135, 27726303, 14800270, 14293310, 25053299, 20562637, 5988062, 22836731, 16422358, 21769127, 18913121, 2869531, 180066380]
"statuses_count": 2280
"date_followed": "2020-02-14"
"obtained_tweets": 2274