"screen_name": "femmenoir56"
"id": 1366061378
"created_at": "2013-04-19 23:32:05"
"lang": "null"
"location": "Toronto, Ontario"
"time_zone": "null"
"url": "null"
"favourites_count": 711
"followers_count": 29
"followerIDs": [17953041, 4893394992, 21777306, 1162900646741315584, 898619192, 1069249215262613509, 811133437511946240, 4240032923, 814185985399345152, 2509373653, 2308494877, 705420245054271489, 3224502311, 2271719764, 2340103825, 4176772283, 257364283, 3299844889, 2766540421, 2983737086, 1398888858, 1099405968, 2741963089, 3117206169, 2548719391, 2553342332, 25798234, 49875262, 479613930 ]
"friends_count": 59
"friendIDs": [89760824, 19711734, 18870182, 866953267, 382177545, 4200834237, 1053450787, 3421904413, 17073913, 253340075, 89014429, 22677397, 2359926157, 66369181, 115749048, 39384517, 2292334368, 4893394992, 21777306, 898619192, 1162900646741315584, 1659676272, 1139166385966374913, 14625398, 822215679726100480, 25073877, 1079769536730140672, 435331179, 26270913, 428377986, 190359497, 220236101, 614550795, 783792992, 87849193, 19777398, 42680258, 1394399438, 402446977, 25798234, 2308494877, 2509373653, 2553342332, 49875262, 4176772283, 257364283, 259404451, 2271719764, 479613930, 2548719391, 1398888858, 2983737086, 3299844889, 2741963089, 1099405968, 2340103825, 3117206169, 273469546, 2766540421]
"statuses_count": 245
"date_followed": "2020-02-14"
"obtained_tweets": 240