"screen_name": "jaibirsethidel"
"id": 192619252
"created_at": "2010-09-19 13:44:06"
"lang": "null"
"location": "New Delhi, India"
"time_zone": "null"
"url": "null"
"favourites_count": 37
"followers_count": 16
"followerIDs": [1207967732383277056, 977109931026518016, 1212632656036298752, 118010484, 33876571, 2647849370, 720242544387338244, 4671542414, 190624222, 224961966, 3157432862, 157413762, 198400422, 532811732, 192619585, 192618880 ]
"friends_count": 335
"friendIDs": [16311530, 6433472, 8736882, 12848262, 19636948, 12993222, 17659340, 20059181, 19000033, 19377913, 89760824, 1164168810150207488, 193053327, 199125203, 108361938, 23774837, 22445157, 21213416, 16534576, 28346473, 16334659, 78614459, 389593324, 18999952, 41177169, 151916517, 25358734, 19444027, 718557073, 113486797, 269812167, 87971828, 49615785, 2555308646, 337479489, 27740261, 2395566877, 8698862, 14308180, 180306960, 2776396662, 1006817674599510017, 3066007731, 19519947, 105733665, 215704224, 1669854782, 2468019493, 913649829150183424, 3155037822, 978503435405295616, 870366536, 386137123, 45533881, 2907739345, 3016185331, 741899470997094400, 947144339326566402, 718341246964658176, 252018855, 1356664908, 1054143836, 763629353968234496, 974254088325160960, 2428796856, 732859828071071745, 108852592, 2583539371, 321271735, 4824317152, 4848500474, 42606652, 727165841356238849, 2574072036, 101494182, 24338525, 3097503906, 722081805445177344, 4882673862, 1317076194, 3171712086, 3150940290, 138822469, 3184454384, 2259895735, 2378585124, 1206067189, 101695592, 195245563, 2572925208, 132992534, 123231276, 2242595274, 192618880, 192619585, 118010484, 532811732, 198400422, 157413762, 224961966, 190624222, 4671542414, 4824185974, 4672462093, 44425241, 2395844923, 113571686, 268676434, 561335546, 2930935453, 194022170, 2284802828, 298625735, 11647412, 17733956, 864091009, 53136407, 102719975, 849455943893090304, 1095392641095745536, 3240717258, 2704587164, 115361965, 2240664289, 267861878, 1255161552, 67577895, 212489633, 1243126304, 415860281, 4202728213, 24705126, 1368467810, 2275714236, 3316161572, 1444078693, 948568031042486273, 3310721342, 54463072, 14162012, 17239667, 171009315, 15338256, 1109129574, 17097223, 86479411, 375474419, 759881206745923584, 20609518, 132842939, 720507705618743297, 21062311, 3123339037, 609884455, 75237089, 168093372, 1001304641701892101, 824563508226379781, 299839648, 108464201, 138654777, 2467791, 742143, 807095, 87818409, 116768508, 243736120, 813224618236538880, 3124092129, 1626294277, 1022587060224372736, 817802951435685888, 1292538672, 769108935726997504, 318673863, 2924521080, 720844501804167171, 84559968, 957742375, 911872545787330565, 1089549978102423552, 325967359, 993215163405811712, 1105421196131295232, 554607259, 279975283, 953163893223731200, 3292206619, 1044825516891607040, 2647058209, 913677240042266624, 906912620371783680, 2957682932, 1401726968, 99276987, 1572436363, 3138727082, 2196922086, 722710541467324417, 703162128669102080, 719862243735773184, 1066064184, 2961297390, 2966532212, 2650172756, 2597666894, 815473030868545537, 843824493088849921, 732556006639566848, 4675822614, 106332579, 988311101459877889, 3267170774, 797752235962736640, 41278211, 1116103911314792448, 4677056844, 129316882, 720242544387338244, 956927711582347264, 2839297267, 906559765915910144, 427401992, 3155527466, 1100680356334878721, 2352910975, 1079272916397699072, 2770779258, 1022275367556403200, 889337362509058048, 1018557175264894977, 593036448, 730832653268713472, 702954625746358272, 2647849370, 33876571, 3065383507, 65064006, 922803638350655488, 786917648860753920, 774974364718477312, 1043373249956962305, 2742042061, 703278093662728192, 966624663282515970, 1604006720, 803318314495709184, 977109931026518016, 2999468328, 1091061314334703617, 2199515206, 887513111447478272, 3043061584, 919217903920021504, 1040943795284529152, 871725921803227138, 3155633030, 25073877, 256495314, 107927797, 859409030, 2686834802, 143766231, 36327407, 626218913, 1850705408, 67611162, 703148336723787776, 2902336668, 478432912, 2556266221, 814822978810580992, 717225578718343168, 868661563661533184, 741222815853076480, 792968166251061248, 3287325307, 760929801897062400, 885487044243238912, 4112311212, 2615251201, 3241214268, 897819527508926464, 4131677414, 904959738756177920, 130104041, 2585154385, 19929890, 83529586, 137780376, 296612629, 301398093, 1288175774, 2785480981, 1461447398, 2613904818, 2253142422, 1227253801, 2534310320, 240649814, 441636351, 2616994128, 722822490276253697, 719814610686255105, 77732185, 1072993274, 141208596, 347035710, 97217966, 1324334436, 2222673457, 58243368, 1471579316, 4759090754, 1447949844, 1346439824, 2183816041, 18839785, 471741741, 149741178, 1469206214, 1645072988, 417517544, 277434037, 1109038549, 40101400, 316671079, 22412376, 148649814, 17290549, 119600592, 176497091, 405427035, 57001839, 45904973]
"statuses_count": 29
"date_followed": "2020-02-14"
"obtained_tweets": 29