"screen_name": "jokerkillsu"
"id": 1199505034154786816
"created_at": "2019-11-26 20:47:49"
"lang": "null"
"location": ""
"time_zone": "null"
"url": "null"
"favourites_count": 2760
"followers_count": 194
"followerIDs": [1205151612639076354, 790212812480143360, 1203714155368181760, 4344578961, 975271710764216320, 809686585, 151880913, 1227386562402492416, 1217938519513018369, 1216902065655513088, 1153700374714507264, 701876771675906051, 2548428661, 3255221881, 1213088247003279366, 1221615651850268672, 880140535838781440, 631500061, 1219394173717090304, 1224928990248357888, 1225447763736956934, 939672416556584960, 4720683508, 2769194550, 938382506033692672, 2181071294, 1097459981996249091, 1198604455001939968, 458159100, 4103989216, 1195874787823742977, 2764743117, 21370195, 1212897293222854657, 3326017151, 116833503, 1214660636237545472, 41186704, 29043963, 739906650, 1063437289802686467, 1218894350156881920, 700616133607444480, 1129929082131668992, 1203312439317745665, 1087439721628758016, 894563101, 1219613413770395650, 1126157041268068353, 753902520871837696, 1219015075035521029, 1194494209165627392, 1053002513081933824, 3290736533, 1065548155540905984, 1219279751455629312, 1215976607380193281, 2769569470, 1204992087374123008, 1189445812012474368, 1032027907496009728, 358734699, 1213217245750411266, 1187274934545813504, 1199984366509625349, 1159597340765958144, 1169999686268325889, 1092159541280677889, 1024041884979580928, 552896075, 1203506678165114880, 1145410792692625408, 1201710050210963456, 948037779002310656, 1195708266329722880, 1216021820995973121, 1188131915880001547, 1045038303836344321, 1216861178753777665, 942667053420437506, 1120510441032179717, 888846679721562113, 1195067586700042242, 1151259608511590400, 1193615184235040770, 1182318677238128640, 1208255460219875329, 1183977037695991809, 1156559288875343873, 381150570, 538410752, 1212822216477302785, 722611840757288960, 2564913031, 1161147659035373568, 1032691452244099072, 1077450422619525120, 1153892365821718530, 1159109503469662210, 815361968752197632, 1309297050, 729009167181197312, 2714427646, 1211306069546299392, 818011898176147456, 1045666017563824129, 746190705064742914, 1191437007945375749, 564435747, 1480719775, 1181665816712024065, 1192398854555152385, 383117373, 873758137823645697, 829754767631073280, 1170203185807446022, 574023889, 166288089, 1194079040149303296, 1183565974315790336, 1186305921405935617, 1197550276577779713, 1151376561364451333, 1165112853151588352, 1028853334336131072, 1198876119438647296, 1109630670194655237, 1202436377725587456, 1200082918766501888, 1041434313227689986, 1379953818, 1105867812550123520, 1193236883326849025, 3350726409, 1204091586851815425, 1163054331672846336, 2271725286, 1068259489760141318, 845578858040483840, 1122130230175588352, 2764666765, 1201411881992216576, 753296288892858368, 1113345847507521536, 822640062450044928, 23696757, 1115108993398001664, 1407555138, 4794861138, 1139140819754082304, 1147212842296365060, 4883466691, 220582346, 2532492336, 3223046826, 795829791031226368, 2859821231, 1001471683637727233, 400394295, 2932275801, 1196694116417052673, 1192144949627764736, 863961589254307840, 717128048622092288, 1197753393219067904, 1040231046, 1167213145825382400, 1012449307373527041, 2609001092, 958362321528729601, 930829227670343681, 1141765344362582016, 1178780856858681347, 1195072568744718336, 1159259651797467136, 1193373826949795841, 1183080777149505536, 1188912423505465346, 1156712467118116870, 1181249120834658311, 971862380652187649, 1198285358821257217, 1191764862554329090, 3247143412, 1191590673100632064, 3514354235, 1190779916075380736, 1194345239663841281, 887080354166820864, 1187450181433856001, 1187643241149034496, 773088500455387136, 1122204857740484610 ]
"friends_count": 1183
"friendIDs": [865778967596285952, 2244953047, 808549201156022273, 27106139, 2206540824, 1107664911226814464, 752714339535163392, 740971879092097025, 980498321142898688, 203123011, 14740219, 12848262, 89760824, 2584213500, 76102930, 2180301955, 4753784437, 410364882, 3188090096, 1101937811349880832, 1223061773340880896, 1137771868939726848, 16894839, 1103072829199826947, 1071385740137938945, 872951645424033792, 591476259, 1831598136, 1046112978846855170, 174990349, 2226496302, 1094462006, 3139992870, 3272694428, 1184286255338668033, 14681605, 1182041806294409221, 1162406671311888385, 1188229290808299520, 282392576, 1220409040901148672, 115875996, 1200046261518270464, 1205151612639076354, 790212812480143360, 1203714155368181760, 4385720292, 2828181574, 619426066, 3719577859, 3060373697, 2825200346, 1022655568744464384, 83954413, 736723282355847168, 285188454, 1213493847432392706, 4050922152, 846181023004135424, 905496959611531265, 2882224262, 992806539948896258, 863983865513127936, 741669040892973057, 1256091205, 1211752726540931072, 4344578961, 36672409, 1177489160489189376, 3378320993, 1143754770391298049, 809686585, 155620016, 732234071389184000, 2939451880, 864045391, 763026805964083200, 1072944174448685063, 260838091, 1051016109913202689, 1049445999968743426, 1227386562402492416, 1216902065655513088, 701876771675906051, 4207333342, 844190549125074944, 7309052, 18840896, 23504870, 788792639890006016, 134191803, 1215454766974799872, 1969855525, 812123994006704130, 24668317, 3255221881, 538397458, 3385411094, 2781147644, 1216944602214694913, 1219286896154558465, 1221615651850268672, 1216534974993719296, 1213088247003279366, 880140535838781440, 1200240023586639878, 1181246493316878336, 305694283, 475155970, 1153700374714507264, 1185936910864261120, 1212245336988643328, 1219555219241078784, 631500061, 1219394173717090304, 17874544, 36585887, 1225447763736956934, 1215976607380193281, 1218894350156881920, 1219613413770395650, 29043963, 1214660636237545472, 458159100, 1210187979945197569, 2769194550, 607243327, 801537175, 13298072, 34743251, 1023478844005601280, 48488561, 432570714, 1030190500329009153, 15561776, 67799200, 451251405, 28574769, 17507250, 18272699, 939672416556584960, 608751926, 555653709, 2352361094, 41509142, 4720683508, 725131849, 290097288, 818351785303744512, 748581347116064768, 5943942, 1145069645671620608, 1399753748, 3298260008, 1005811311953969152, 322424820, 1075074344575918083, 1153483398289252353, 1044270713194995714, 2823328108, 938382506033692672, 150662904, 1118050782509539328, 2575159699, 878982466274549760, 1133541804819779584, 2305780417, 1082638474635825153, 17915334, 460116210, 205415788, 17828988, 377723724, 405205681, 231209225, 214537859, 87164440, 250000410, 2951262427, 2181071294, 1097459981996249091, 1048884539442036736, 1143793153859715072, 853466077455581184, 1132409927274778627, 1148941653098598401, 1198604455001939968, 756632213681209344, 746038829312708608, 878772700990320640, 4882452669, 1148304171218530304, 1548977419, 4103989216, 17446621, 1017877931559972864, 133880286, 413696296, 1223556169580601344, 102278356, 570218986, 624056226, 2715115656, 47285504, 47786101, 835223590144368646, 874701568351797249, 998998959598260225, 2764743117, 717384915, 876876260378628102, 21370195, 1164239532449042432, 3326017151, 116833503, 3433486881, 1130026470, 825906379743432705, 720370748439683073, 841836226072186881, 1165742506786484224, 312854231, 3152262758, 90230360, 628190327, 350982914, 929159634417434624, 62955775, 787637796, 2850181816, 276168280, 21573865, 797931580383596545, 972114451854839811, 3253374182, 3186892842, 1201639822990827520, 1458596750, 1185878204244021249, 1173384624103247872, 1162556243984228353, 781001275894861824, 1162737548747333633, 504843842, 1177454652301791232, 1198795108596043776, 926575703746805760, 1096463042928406534, 1089685896587292674, 739906650, 44446988, 700616133607444480, 1063437289802686467, 1200143957436633088, 1193015369310593027, 833110094581690368, 1222220052608552961, 863367240, 1179860193250889728, 3012712880, 976500332145594369, 1086308275472064512, 446175857, 2196704858, 17136315, 1102628118962024453, 1129929082131668992, 118997695, 1187987428323123203, 1190280544602349568, 1191658845044535297, 769070819649675264, 1142960173, 963204890842615809, 879080273413103616, 858335921703337984, 1107222054, 2393444864, 894563101, 1072703789910519810, 18524364, 52551600, 183310940, 1126157041268068353, 367771939, 381841868, 213156469, 529652205, 912922907688542208, 263530667, 25636680, 1170863081616039941, 193087383, 1609644661, 211298587, 41186704, 1216049635992707074, 1217938519513018369, 1193615184235040770, 1219015075035521029, 1058880545281712129, 344681318, 858376684784852993, 1604088654, 402506166, 18498959, 730364630166441984, 4420126168, 948303209843642368, 1195412004174909440, 1080897955501129729, 769726314949517312, 1194494209165627392, 1212897293222854657, 2899382697, 753902520871837696, 267425142, 1049649290853765120, 1053002513081933824, 1051975376077873152, 1071434958986592257, 952266135059263493, 1049526096197079041, 886229269126447106, 1041432519898488833, 1017200669466324992, 465694668, 1196111680431951872, 1175773054544142337, 1127624855229222913, 33150951, 3018612063, 956552919549206530, 388638119, 3188364762, 1085258544067342338, 265066056, 3004231, 28209292, 19671129, 1196544240366637058, 1219279751455629312, 731278720124616704, 905996618431942657, 950124833366474754, 3310691463, 1023861840953192448, 16206688, 1140300241876467713, 572240095, 2400891055, 831362850446798852, 358734699, 2168886610, 1213217245750411266, 1077129821845626880, 1204992087374123008, 1196515807280422913, 1032027907496009728, 597942286, 872270165186052097, 1108672085356732422, 493725199, 982141534299553793, 940738849, 1002838559189946368, 290110017, 3290736533, 2366056588, 962121945717313541, 1656699506, 70977442, 921051679, 455978770, 1925101393, 2548786867, 367501055, 995685093879492608, 709276315334135808, 44471902, 1006314924711301121, 799407650161262592, 742342289922621440, 24903350, 7117962, 14260960, 2769569470, 1212920614324822016, 809510467, 1473713017, 3434875823, 1365343140, 793532730, 1209378492267323392, 27249710, 2203709322, 1199984366509625349, 1210417285216833537, 1159597340765958144, 1169999686268325889, 1196881996376502272, 1148424940372148224, 1195874787823742977, 955090060642103298, 1092159541280677889, 1162249371737444353, 948562448491180032, 1024041884979580928, 1184605233936244736, 2222541041, 1154940183051145217, 3236917350, 29940335, 11026952, 19263978, 808881487026257921, 1089702987289763841, 939982029420138496, 35982046, 1074227514220851200, 705406334007648258, 1190406558871482369, 1199384416558239747, 954394532329615360, 1189445812012474368, 1199661327507021824, 1203506678165114880, 817733689236983808, 1177731299219509250, 34716038, 703047783171780608, 937355708106006529, 2879012803, 4723785733, 2331354932, 1356183649, 787194485209862144, 45389965, 3279204606, 1142572760, 3299062911, 298739198, 2900547565, 815535586190704640, 1197164075630911488, 1208814903479480322, 1007108107653218306, 980540045240274944, 1178412837229735937, 1936014890, 807440615663353858, 3403267792, 878337049023197184, 1098637775597797377, 979759004149727232, 2950139177, 4716799281, 302932007, 1109669746134446087, 31469615, 1169557014177046529, 1180685407287218178, 552896075, 793802965, 64564599, 1065548155540905984, 1005279236805091333, 783746753044606976, 2995769844, 948037779002310656, 1195708266329722880, 1190678539500052480, 544517731, 1216021820995973121, 1216861178753777665, 166739404, 19325609, 35031708, 16541021, 932577336150581248, 1194362003101536257, 1045038303836344321, 1104070496826449920, 1205360606007545856, 1069758206610677760, 1181406851365244928, 1120510441032179717, 1087439721628758016, 945021668090679296, 942667053420437506, 250831586, 198624698, 310463188, 19798578, 1188131915880001547, 1188063459709087744, 1192360571590471680, 1201710050210963456, 1145410792692625408, 90809127, 14498713, 248900032, 17461978, 1078799235057803264, 1016519708135346181, 1161424182422507521, 2982242032, 1131701687515832320, 2802812931, 867803997154885632, 1031384556262367233, 384031846, 3667004297, 27676444, 25873849, 888846679721562113, 3013080106, 3863605355, 873288081423699969, 72073289, 61047667, 770014743029579776, 1056604324359479296, 51742969, 17995040, 966079194051510279, 1195067586700042242, 1156841049316196352, 1151259608511590400, 2660934083, 1520108017, 2444735436, 13896552, 1208255460219875329, 19000033, 22930902, 17659340, 12993222, 24700876, 15256225, 19636948, 719532474385215489, 17602896, 200163448, 20255162, 1193469729203261440, 13049362, 1182318677238128640, 1022147680389103616, 1211097398899949568, 1196631776808058880, 20108560, 1177934144, 1100786155002519552, 1190434975453192195, 992468021020188678, 1203312439317745665, 18210554, 14829533, 23625221, 384831590, 412373159, 266147277, 1207836073533091840, 1156559288875343873, 1192904485275869186, 3022889996, 611941828, 443215941, 381150570, 1212822216477302785, 186649546, 2263775674, 488026266, 73495696, 1159355531611426816, 416814339, 2564913031, 924216047082835968, 879758140262105089, 1685601260, 828359961466044416, 1124866760484773888, 990735284483616768, 993503425, 970814502177357825, 778507993692332032, 885650903457452033, 991984794366984192, 768464941359763457, 2745211444, 1161147659035373568, 4790875949, 1169302425792065539, 331591296, 498875459, 930897055400198144, 1077450422619525120, 2242867321, 898092191419056128, 853108576449167360, 856025704156102656, 1086324078, 2581217773, 808849276998586368, 4393023553, 773277919586033664, 3253008320, 883521874885398530, 1183091065349427200, 1144065594947440641, 3221385656, 1101262596307599360, 1158563351275851777, 1125939224706818048, 1159109503469662210, 849609421676314625, 1011473882325422081, 875795325201547265, 1000981570252091392, 944023946030125057, 815361968752197632, 2832021289, 2999064054, 2253921295, 425736091, 843705558, 970405094, 390103498, 742653949568679937, 199933482, 1279180578, 1702756280, 1084151949262352384, 722611840757288960, 1032691452244099072, 1023931891857031169, 538410752, 3848519353, 1145515097726574592, 974371137797873665, 2548428661, 256366273, 434286912, 57177609, 523910071, 452699186, 882317645361496064, 1001071813110181889, 2445979396, 827677392, 2276769516, 1018169212437712896, 1166022726768742400, 1000412130259193857, 2981839066, 2559376779, 944296577593696256, 1001548001532370949, 1128056154750320642, 1060124397485387781, 1153892365821718530, 904978249842794496, 878680061129502720, 953988296572637184, 1189630468741849092, 1548815930, 596360221, 893143873287065601, 1041931162942201857, 1068029882800558081, 761149203359817729, 1017415457987485697, 712440318361264128, 1123024223033626624, 3295282479, 962424863964016640, 968466263323197440, 913447871063707649, 944291146481758211, 1026437205789761537, 1131564426639872000, 714359333404979200, 1112890040420491265, 571031472, 538220713, 1194432184263663616, 1185965283745452032, 1198512497013051392, 1192000583609257985, 1205235046786969605, 1205237283743522818, 704241613028122624, 80075668, 942143038595436544, 2734518072, 998800460881461249, 2390927880, 1095475949188075520, 1068770826688749573, 321519519, 1184321773732417537, 977203648596979712, 752963340, 2508946693, 4228145492, 1050115153, 30920182, 1172938696657686529, 872615153065275392, 833224452787761152, 983390638115876864, 17525171, 2263976108, 1309297050, 1210718976529096704, 1183977037695991809, 151880913, 930229681193979904, 30226749, 1029509791671037957, 1034596793776988161, 3203825859, 2419147938, 1051563283113758721, 1042062544595243008, 1047200918347964417, 987113139811639296, 954880698430603264, 611780758, 14980721, 102448827, 162869667, 213400811, 325703197, 588486669, 2459609448, 2714427646, 729009167181197312, 2902332836, 1211306069546299392, 1473502219, 2308014280, 1038390295107448833, 493135602, 866749368006737921, 1140652256066277376, 3416574622, 701695732, 70234675, 1174605314672533504, 1177291510225653760, 613646263, 818011898176147456, 2532253980, 1113996489594814465, 1194950396566888448, 779677037036380170, 1650047774, 1157493587384229889, 1190171366462410752, 1086034596855250950, 1196874715312349184, 1076748661080522753, 1197730892019634180, 2660037734, 1198810229422641157, 1045666017563824129, 1196314002818838528, 991778456991039491, 746190705064742914, 1184559840087044096, 3132750397, 1192437497739001857, 1192136625435893760, 813286, 95023423, 2386899846, 141468904, 22312032, 863538430575353858, 1853310463, 48967275, 564435747, 1206793695305064448, 1079105182070435841, 26164251, 1480719775, 30987732, 2211171717, 242957669, 887487147439161349, 25830585, 78195200, 4447908569, 2669932138, 150542235, 30931094, 262547770, 425626088, 90934549, 2330569200, 557104348, 199856827, 125213869, 1483679244, 987720712990310400, 942772146, 372181722, 96879107, 1931959292, 929704295351668736, 328933964, 866711474143719426, 316756361, 787042723626975232, 1181665816712024065, 1063685129661382656, 3477460213, 14854462, 25932445, 151752289, 383117373, 873758137823645697, 1063034450, 716188484, 253220139, 1170203185807446022, 1085599872223506432, 801959660865679360, 574023889, 965695546999672833, 1193652997571657730, 1185986935250214912, 377345107, 1099685839758655488, 185487499, 699780243364712450, 2983995060, 715301838862594048, 50184013, 816412233488015360, 166288089, 3004871415, 16638685, 79293791, 984413802, 1194079040149303296, 1151376561364451333, 1186305921405935617, 1160192386259181568, 1028853334336131072, 1189254890788478976, 757968989821759488, 2938585185, 1153728844840480769, 1163941697589395456, 42519612, 1198876119438647296, 1105612754864492545, 971339461, 155319365, 917555706, 1197550276577779713, 2340843427, 369250489, 136165096, 848822905, 111539727, 3908301134, 1109630670194655237, 237597796, 53853197, 193095044, 1148206992822960130, 1187313442950123521, 182662505, 17764377, 42296641, 442456291, 17955081, 29226377, 1202436377725587456, 477293340, 848188794130051078, 1200082918766501888, 1041434313227689986, 1182247926732640256, 1204091586851815425, 1193236883326849025, 4735841146, 1379953818, 2997793935, 2271725286, 3350726409, 1163054331672846336, 975271710764216320, 1016084328189751296, 845578858040483840, 1157776896094081031, 1105867812550123520, 3291778433, 256307608, 2764666765, 1201411881992216576, 753296288892858368, 1113345847507521536, 23696757, 822640062450044928, 1119303484929605633, 1199715941145296896, 2590441428, 882644876780859392, 1068259489760141318, 1115108993398001664, 1407555138, 806321704272154624, 1116787537069125632, 1023794427330871299, 924807968809512960, 1139140819754082304, 1119520670839447554, 1197277829551013888, 100875436, 1169690366947278854, 3402362277, 1147212842296365060, 4883466691, 3223046826, 4442289435, 220582346, 2859821231, 1001471683637727233, 2323900603, 795829791031226368, 1122130230175588352, 2532492336, 400394295, 1165112853151588352, 2932275801, 1092938733383573504, 4794861138, 631338757, 964288020202455040, 1196694116417052673, 1201371844541988864, 2989864522, 2829627993, 266129463, 625298957, 1202007305430142977, 863961589254307840, 717128048622092288, 17444764, 1193914388157255683, 1147431121694711808, 1040231046, 20851642, 24987131, 369599578, 1189476968728879110, 1012449307373527041, 42452374, 20177956, 1679036592, 1192145249637785600, 1133273879084879872, 1186829004671598593, 1675176944, 286444727, 829754767631073280, 52848373, 901571414620241923, 1118649765988847617, 880146132894195713, 1191184833520664576, 1095488480673755136, 16560657, 1194375799564066817, 1185205078879363072, 1188632574387728385, 1183563095492431874, 1024439252745109504, 944376625545723904, 18173624, 1085999515633471488, 1194724463679549444, 1198769852795772928, 2609001092, 958362321528729601, 61572699, 729468343, 16029780, 1049154731891937282, 50694440, 156132825, 1146445356856741888, 1190640275598823425, 888675945749426176, 1190269522285957123, 1071007760978833409, 1190656387048603648, 1185643538463129600, 28066436, 1123381987887144960, 930829227670343681, 1197523352178573313, 767040476327317506, 1685874564, 1194081969086386176, 1162309688266022912, 1178780856858681347, 246225682, 264955214, 351082816, 1141765344362582016, 1170356098118930432, 167678276, 1195072568744718336, 1192931847505948672, 1683293046, 1192869049551794176, 1183080777149505536, 1159259651797467136, 52506778, 1193204972428681216, 283090686, 1011752658229592065, 171165627, 1717973798, 1184536028507492352, 971862380652187649, 938646643397627904, 970859665339899905, 1156712467118116870, 383886390, 1296617790, 1173999033800482816, 3247143412, 1191590673100632064, 20536157, 10228272, 783214, 1181249120834658311, 19777398, 773088500455387136, 15485441, 96013710, 967549128598327296, 100415066, 910565056374624257, 1029092401262948352, 1187442229096407041, 1191775321151946753, 1192398854555152385, 1191437007945375749, 3514354235, 1190779916075380736, 1194345239663841281, 1197694194661363713, 1183565974315790336, 1188912423505465346, 1198285358821257217, 1193373826949795841, 1194629346025066496, 887080354166820864, 1191809626666348548, 1196500579234779137, 1197559757965578240, 1191764862554329090, 1196426393128583171, 1192381550697930752, 1185358363967799296, 4262363182, 1197753393219067904, 1185657759351619585, 1187274934545813504, 50323173, 1187643241149034496, 1187450181433856001, 1192144949627764736, 24036264, 1048318905557630977, 14629315, 11912362, 1186807753316147203, 39257839, 29307032, 19486963, 759778941900992512, 3022273983, 357286380, 3064642442, 239011873, 328323397, 76075290, 578454282, 473619428, 17230018, 423184716, 304679484, 2610374101, 270700594, 753792894486675457, 928876394070777856, 1195116140365635584, 545663382, 448562247, 3165563219, 265395808, 237073728, 2842841126, 909102066, 1553895072, 272616327, 610312075, 24423418, 80480330, 1105864254442352641, 796900807685840896, 61026374, 1027688366328958977, 344798709, 339241519, 330590874, 1546561830, 3306734902, 775549032122884096, 1181782192629796864, 2903409869, 1185889551379681285, 44696249, 20567939, 3027589747, 1123198427494526976, 1122204857740484610, 1038128227485532160, 23561980, 1197227986812100608, 19028953, 805020986, 104708072, 2932041475, 22178780, 33995409, 1059194370, 17902401, 36724576, 15537451, 25319414, 371539066, 74518740, 16302242, 35936474, 20346956, 255388236, 1062738433716686848, 4561185736, 19923144, 2557521, 242960383, 985686123123949568, 12044602, 852206745070051328, 42843146, 18638090, 73406718, 890891, 52181976, 57516454, 21586418, 44196397, 18208354, 6446742, 56518880, 105499378, 265104007, 452653869, 224659331, 305370209, 159113258, 23083404, 27195114]
"statuses_count": 957
"date_followed": "2020-02-14"
"obtained_tweets": 945