"screen_name": "joshpellow2"
"id": 1083358109152759809
"created_at": "2019-01-10 08:41:15"
"lang": "null"
"location": "Greater Sudbury / Grand Sudbur"
"time_zone": "null"
"url": "null"
"favourites_count": 161
"followers_count": 17
"followerIDs": [1211545248406499329, 1195096166410571776, 1188567929073221632, 1070412789095849985, 771395469889208320, 984650531451883520, 90570778, 22331824, 1100762477556461568, 366612188, 1101052425799168000, 1097071924012670976, 612155334, 881961958773227520, 1081473171092529153, 4729409744, 971913169399664642 ]
"friends_count": 218
"friendIDs": [379086874, 216748895, 357714405, 77016370, 348774484, 30976343, 142338997, 89760824, 16295454, 463933187, 20812193, 20172983, 180797277, 106176977, 263305085, 2220030241, 3738939755, 179419057, 147010447, 1092630001005019137, 119758732, 926324367054786562, 1029018327103008768, 105499378, 45342709, 182662505, 242960383, 18208354, 21586418, 6446742, 52181976, 597453571, 835631818829246464, 201769579, 191908830, 819075289, 1417221588, 223333898, 1127232948187668480, 457068122, 443418752, 178041816, 1014614903594803201, 328246894, 39502169, 69192786, 260076600, 835472718598320128, 226486307, 483920804, 862329456752513026, 705492453571190784, 833126605572734976, 2612144624, 16302242, 2279685792, 4506389663, 384169477, 2297244138, 242601417, 327553884, 789600333915889668, 391808477, 1547109217, 700266578, 312908864, 4920814595, 598497440, 1228516999, 597866436, 388520367, 315584738, 351658030, 184964515, 190359726, 933055692, 890891, 541256792, 22637974, 718474279210323968, 478241213, 1126004070, 43641364, 1542142748, 501073736, 541271263, 19835035, 315463648, 265219739, 879876710, 412567609, 466872296, 707354300, 47985470, 806824609, 419553753, 183252751, 319141541, 277056881, 297026650, 53834054, 159967760, 360751055, 262161277, 1242457452, 847407552472113152, 459602372, 34226086, 918565736964153344, 4916001683, 123276343, 37240930, 167716995, 247387552, 890629945508200448, 25553638, 45921165, 33769830, 3313584546, 39275966, 132752344, 30782495, 23280648, 28471026, 19671129, 24278900, 27673684, 973087421272338432, 50811932, 1134325988, 29808890, 2251282194, 909749955836940288, 140420525, 20567939, 185487499, 18653699, 19028953, 17696167, 117778179, 24966423, 22736017, 23561980, 18222378, 3004231, 18220175, 149726145, 119509520, 116362700, 27195114, 20322929, 17929027, 19013887, 40878677, 16826656, 22536395, 27961547, 43885373, 50004938, 14498484, 114659292, 119142751, 419795325, 170929185, 339281114, 252431377, 263869582, 2377890876, 733170759829327874, 170759111, 224221596, 19426729, 180503626, 53178109, 19618527, 15020865, 20264905, 16651754, 23783692, 19673276, 29460627, 29264626, 308556440, 27487343, 15361389, 167155452, 365644014, 23508439, 19362299, 19426551, 2557521, 19923144, 35936474, 42562446, 26270913, 24925573, 19077044, 19564719, 7117962, 24903350, 15900167, 14992591, 73406718, 41468683, 55594930, 501915928, 4729409744, 612792060, 770406412988014593, 74518740, 26257166, 15485441, 35982046, 23083404, 57516454, 123417995, 169686021, 272616327]
"statuses_count": 87
"date_followed": "2020-02-14"
"obtained_tweets": 87