"screen_name": "LansharkNV"
"id": 2959819493
"created_at": "2015-01-04 01:59:52"
"lang": "null"
"location": ""
"time_zone": "null"
"url": "null"
"favourites_count": 593
"followers_count": 30
"followerIDs": [512696125, 1155969115409903616, 243221163, 1050745298, 876617566558371840, 18539631, 16597893, 60980868, 131424802, 1099349054, 1345320462, 95542428, 851810965884510209, 885620630376153089, 187613399, 437802828, 772098905563627520, 722977566412300288, 711687192486219776, 4871281255, 703481138, 2945940359, 26123159, 1877603634, 3086774033, 330993064, 437349278, 449667019, 2984678580, 946078668 ]
"friends_count": 387
"friendIDs": [89760824, 4753784437, 182336137, 2882489515, 1904453568, 791526973, 849995214450307073, 122261841, 1855600189, 23633215, 595873518, 3112100287, 374307261, 713098034171621376, 3601242563, 499311662, 1648021110, 374244173, 1079490139481612288, 14740219, 69008563, 29442313, 525264466, 1339835893, 28221296, 385646981, 156653779, 30855079, 73206956, 73406718, 2319175700, 2320134193, 199409066, 1886891911, 398323499, 454237315, 45668062, 48294321, 473493882, 724145460, 19479487, 701725963, 25163454, 19397785, 15588657, 8161232, 20609518, 821869007720615938, 18479513, 282154125, 1103296845885902848, 808774059878154240, 246120229, 1604444052, 1009628847581507585, 593188821, 2259809232, 96911771, 588688287, 748145530547535872, 212942638, 18679703, 19000033, 17659340, 4020168147, 2365950774, 2372164754, 14705603, 82643620, 31442511, 926269727663673349, 1038096516727099393, 144932568, 44846243, 3898598357, 989111768, 243221163, 250831586, 2198425129, 1099349054, 54688421, 1050745298, 3301972365, 337991139, 112897540, 18148907, 25103967, 15425377, 22090282, 39559926, 106176977, 872722801, 3108952856, 2359912201, 730782794016755713, 1955540954, 177783712, 122465515, 373436314, 2776862168, 249030098, 310259464, 1020646724, 33285177, 926620369, 805860518074470400, 213425222, 48062810, 31414290, 3021568204, 733648356908662785, 21454307, 1444681644, 2911095315, 635919980, 41921185, 3421117786, 468645531, 362821344, 26210708, 331317528, 389873287, 313356779, 192536521, 216387646, 712751320978046976, 785598577238126592, 602047014, 760284345466707968, 575516573, 40918282, 2315575873, 2742568542, 263195972, 1022596614, 2650463720, 44196397, 69192786, 16206570, 15283599, 2803191, 74286565, 15010772, 15749983, 22156181, 19297535, 27091468, 148496087, 20479813, 113422389, 4357193721, 741294879838343168, 15897465, 26071322, 173149204, 67378997, 155453398, 15634990, 36043760, 369571812, 16896485, 5695632, 18242950, 23829812, 27657236, 54698315, 36490075, 725688814069518336, 222578391, 504970191, 2459609448, 128267983, 33599115, 144857193, 106156772, 42687179, 4871281255, 3083330017, 38022318, 54905799, 3031859110, 722081923749777409, 142749983, 1345320462, 741941852, 1019494597, 602188858, 24222836, 216371443, 214742191, 519467486, 58984687, 81117017, 1408462039, 227466382, 201846344, 163562125, 2685426512, 202128546, 197208081, 167324989, 98047213, 404204028, 87299430, 47761088, 269342626, 90444113, 2467791, 3108351, 20562637, 26584441, 352533151, 59287889, 1251778856, 19462877, 1104327972, 58990464, 573565184, 98809456, 3028293760, 269956247, 102130627, 270646307, 224836402, 23100148, 262915519, 23761049, 133017545, 2598719717, 19737638, 225875722, 444403685, 827831401, 382177545, 220031586, 3090876560, 112463759, 19592258, 44966044, 38487498, 41848328, 20250920, 152565349, 278077347, 500704345, 70473909, 50393960, 116471139, 1048793186, 1093090866, 818876014390603776, 394366062, 1536791610, 822215679726100480, 413257543, 18647765, 176400389, 17455292, 29735775, 26123159, 14618805, 214924806, 759251, 11518842, 45913677, 19039286, 21654736, 17471979, 78335252, 94565007, 356185329, 19010469, 14847086, 14293310, 67388170, 154471467, 19002838, 180461338, 91478624, 106470258, 14372486, 2890961, 7144422, 1267420255, 355741960, 23762005, 112243365, 816653, 1344951, 972651, 53190034, 20291907, 29498652, 437349278, 2902892083, 703481138, 627515644, 2875471409, 621102047, 117795251, 22292529, 29881603, 132596979, 23114836, 415859364, 21915474, 35767765, 61591151, 381017510, 48471268, 185283040, 111422855, 47650483, 28206390, 254288905, 428333, 193724626, 783214, 13058772, 17093617, 175781190, 194439261, 328810158, 264965777, 17852186, 75802524, 289502013, 18994444, 14590971, 14116807, 267908574, 267283568, 19638600, 291922090, 135329041, 596651376, 39275966, 16228398, 32002507, 369025370, 30013357, 374679324, 2301691662, 16295454, 485182129, 27947088, 25375962, 8736882, 14216661, 853684531, 289998339, 12848262, 54791458, 443017165, 1347713256, 243679064, 587593372, 295202106, 883095961, 102448827, 18638090, 19038934, 27083523, 20710809, 17008726, 18676177, 18965790, 52188923, 278098811, 14353392, 12993222, 41468683, 132966315, 19025957, 813286, 7401202, 18177126, 434970662, 14980721, 66496796, 36375825, 203275339, 6433472, 19636948, 303806325, 19678937, 50004938]
"statuses_count": 444
"date_followed": "2020-02-14"
"obtained_tweets": 413