"screen_name": "livvsuth"
"id": 958792052224925696
"created_at": "2018-01-31 15:00:13"
"lang": "null"
"location": "Canada"
"time_zone": "null"
"url": "null"
"favourites_count": 2262
"followers_count": 14
"followerIDs": [1056377204232413185, 1000425021804896257, 844633645, 69421956, 1024369602648727552, 1078831127480152064, 430320859, 36601489, 24823579, 274844637, 231642161, 233607056, 1060773744799473664, 1055481687797190657 ]
"friends_count": 272
"friendIDs": [89760824, 22292529, 24224425, 278326374, 789600333915889668, 182422417, 242304614, 21660529, 420670896, 2685426512, 327603737, 184964515, 83901762, 27743648, 419553753, 47985470, 262161277, 76102930, 2180301955, 256881576, 327553884, 2752812749, 370290486, 2952983425, 154280902, 18064372, 336437662, 915364971994845184, 406689220, 1323936524, 80480330, 546025819, 119509520, 17915334, 244674776, 445138206, 3000230307, 253717687, 17074714, 1242457452, 2584213500, 22300088, 216089918, 729206600, 4027750633, 17929376, 335489061, 1546561830, 852206745070051328, 179736451, 369815898, 66699013, 104086983, 22666390, 46917651, 2343994460, 43812483, 1108050829393707008, 409486555, 813286, 269552973, 104249727, 56783491, 24285686, 32959253, 25365536, 94889434, 941919512558891008, 312253619, 303806325, 462416971, 492566290, 21011215, 27329656, 872722801, 14260960, 380163715, 780234906, 58990464, 328248676, 55594930, 430145070, 135249573, 42562446, 890891, 1483985504, 22637974, 317170443, 3244060525, 2910241293, 1480251510, 28066436, 155674676, 1323260832, 430320859, 339241519, 389081073, 1152800472, 134985071, 726629265098285056, 83691020, 38014789, 25375962, 18673495, 2156299840, 18588279, 2156278138, 1109968586, 36690579, 18228898, 1705991035, 96688585, 58842424, 107436986, 101928415, 37972440, 867204723425898497, 27466653, 134261982, 45373862, 821496211, 718808770847965184, 277558417, 545443555, 227324947, 735929446499155970, 105021623, 24494557, 728621833281372160, 68822379, 800528935, 1296734113, 274844637, 22940219, 2610263815, 283101676, 342165503, 308297673, 913812620, 39364684, 268414482, 64090343, 59632108, 209708391, 79650494, 72064417, 1411470840, 17471979, 117662694, 1118216906, 2883841, 18479513, 2557521, 26257166, 19923144, 19426551, 20201160, 21111883, 100220864, 27195114, 4038362244, 53338746, 779100876, 2418100549, 709540733456224257, 16365636, 330562657, 28134825, 1054016472, 158014897, 2436210614, 45709328, 157140968, 380399508, 403255314, 439125710, 158314798, 264107729, 403245020, 403246803, 84279963, 379408088, 181561712, 105119490, 1852644804, 1849892990, 980630766571925504, 41055396, 102452873, 256380390, 234552226, 90976827, 20193270, 3311702028, 483594860, 23603092, 9695312, 46116615, 45900567, 19772559, 25108484, 75449249, 1379587099, 29131721, 210238655, 236699098, 21219827, 292678543, 30495613, 296037401, 19294897, 18912121, 46186400, 18220767, 22652957, 163562125, 44666348, 73406718, 41468683, 272250951, 31126587, 17365848, 116362700, 35787166, 866953267, 15358329, 1476502188, 74059488, 27765756, 44794040, 34507480, 39207968, 65056615, 69361168, 3024382082, 24495130, 2859073593, 233607056, 414601231, 22220973, 125759891, 247459948, 747706256031367168, 748586432617451520, 64474306, 119760885, 38979214, 103500870, 278098811, 122261841, 36601489, 38519315, 407409115, 2241248221, 266336410, 393727159, 3058223719, 18236230, 307426028, 30925378, 15846407, 27260086, 380436513, 85433682, 15860542, 16685639, 25371730, 19110632, 14363353, 15066760, 16211434, 1399071]
"statuses_count": 521
"date_followed": "2020-02-14"
"obtained_tweets": 512