"screen_name": "Ravipatel2015"
"id": 3100861423
"created_at": "2015-03-21 00:03:20"
"lang": "null"
"location": ""
"time_zone": "null"
"url": "null"
"favourites_count": 110
"followers_count": 1
"followerIDs": [121331611 ]
"friends_count": 53
"friendIDs": [89760824, 95975081, 446736941, 36984909, 593188821, 3003688642, 827984604, 1160906545, 702133277205913600, 50698730, 184769972, 804015436979277824, 892841607304806401, 155784594, 174110843, 14836573, 47517155, 180433733, 816869611480186880, 778687957435764738, 50323173, 57672761, 35826823, 2922928743, 130496027, 2303751216, 4760694445, 207694542, 60637549, 90959399, 444987701, 21703993, 3079986094, 96911771, 7401202, 52188923, 23865085, 12034642, 47650483, 119106683, 54791458, 27949726, 256099282, 23378774, 28033953, 246120229, 20950304, 14216661, 20950232, 187719856, 2784836909, 383901558, 32765534]
"statuses_count": 6
"date_followed": "2020-02-14"
"obtained_tweets": 6