"screen_name": "rganja78"
"id": 210558343
"created_at": "2010-10-31 14:37:37"
"lang": "null"
"location": "Toronto, Ontario, Canada"
"time_zone": "null"
"url": "null"
"favourites_count": 30
"followers_count": 25
"followerIDs": [334938200, 1062548477622636547, 999334025767645184, 127145473, 967312128221720578, 742098995439374341, 4711519967, 792601487834697728, 789829990221090816, 2544141554, 90013144, 4855136969, 2571831855, 2480476063, 757212349, 190774889, 2851145244, 115277476, 2731742783, 2377434324, 2436185893, 607522230, 185863049, 211070038, 440491497 ]
"friends_count": 1297
"friendIDs": [416025003, 89760824, 2584213500, 588486669, 166583739, 621457277, 193843928, 214537859, 423868716, 1214595741865381889, 935971226828369922, 114778840, 1546561830, 334938200, 424583446, 137859917, 70561899, 23773088, 402036682, 1975161246, 411428177, 147565255, 3002294390, 80480330, 84489711, 18831507, 26059158, 25319414, 18915240, 26588937, 16302242, 26257166, 544554471, 3301972365, 338154432, 22178780, 23546948, 81145484, 475406321, 371245725, 322841750, 3272264498, 19077044, 18371803, 130939593, 372866916, 30141905, 832719210346262529, 864223586, 22861529, 738790504536539136, 3192407322, 822215679726100480, 822215673812119553, 14260960, 25073877, 1149945661, 573565184, 813286, 224314313, 346120826, 205248501, 270357038, 23851487, 22192440, 269429148, 366652585, 22630846, 1956652328, 742098995439374341, 3877092808, 732761095325114368, 519161589, 319721476, 231335961, 2227318080, 43658360, 55749605, 28066436, 34895713, 191692374, 189274859, 3004231, 42562446, 2982259084, 3003824113, 64643056, 132482136, 2196058874, 2435589192, 47786887, 79448164, 21661825, 78192935, 162787382, 2180301955, 52903516, 3241235439, 605269302, 270365754, 115487334, 106470258, 106176977, 72582613, 357714405, 26509044, 369571812, 269970547, 1947750637, 378793839, 27883652, 61272233, 295849676, 278098811, 98809456, 15711069, 73406718, 335965766, 72548370, 16862225, 121004387, 3058731475, 3053945600, 1907614070, 931708220, 3054131071, 2587714194, 169272033, 376807220, 2722328481, 3064664230, 444860305, 3041827603, 2943284364, 56090985, 2376010556, 31413847, 3024469669, 754048976, 202111582, 1968158696, 313534815, 59529731, 156531412, 417954270, 1060630974, 80413939, 616564979, 525647533, 3049803709, 2994147270, 1245226386, 2913907619, 3017526157, 35127745, 432582897, 14201569, 2690453347, 44444038, 590499609, 854305392, 2794257012, 188600342, 2486673817, 2988773650, 2864506744, 29930037, 2740140506, 2888902786, 3032320004, 618557989, 2506073012, 260432941, 127524131, 172213895, 3064602226, 52163334, 199895563, 462674056, 2769803311, 2999305549, 896349397, 3050915072, 3050087504, 1172910547, 1871902568, 3024185345, 1640870162, 2772709952, 1327196449, 360381702, 2998656884, 488512845, 1656701946, 266087987, 22018221, 1950994422, 721523005, 1684690040, 3064323196, 372306205, 2207757047, 2280983584, 3064023730, 2911148682, 1283532661, 702119954, 2292180146, 627728911, 248352801, 287378321, 38746196, 2370842690, 464521081, 2975513675, 172259925, 82518946, 3042376394, 208649971, 741982058, 2894092973, 1664367140, 972584137, 222463632, 3034410333, 194674021, 72321321, 187355809, 382875422, 2184209264, 74768685, 484412624, 585075306, 249109967, 35069751, 933983725, 231947441, 191576889, 1345352880, 1140341359, 925929822, 2963380342, 2859816627, 548115375, 18853583, 2798149038, 120960423, 3064128089, 2412651013, 2850041755, 18057956, 2796358439, 918460260, 332696199, 2239675171, 3047845154, 2260494519, 33683038, 2823857483, 617069117, 395061884, 1345693128, 3034324616, 185365850, 515062690, 3038289066, 1671522452, 3001465883, 3037397242, 2806923206, 64844638, 1469761489, 2509839564, 249326493, 63950401, 2272324538, 72378123, 801616280, 3064380951, 3064600282, 543136990, 174424672, 34662460, 2721799210, 232299732, 2564322158, 204981044, 2735245482, 76289403, 93263739, 507005731, 740861587, 903480650, 272338815, 2359013480, 447972879, 33372315, 1350588090, 2981671919, 2678410093, 2206570170, 1632426716, 860608850, 442321695, 2753156079, 2302990058, 2896157813, 473988319, 426750928, 27013202, 2489610564, 384886637, 17364921, 2900955446, 410965656, 2782733527, 2935947404, 2784405679, 3058714257, 38386328, 1608696782, 2722104975, 15627012, 2990178183, 2996921798, 1433515934, 2911071285, 1625425388, 2951328527, 3061616589, 2975791215, 294067898, 1002590834, 2997096396, 3063785609, 2480476063, 3010251284, 805230144, 1692444510, 3013154176, 3019446201, 491378089, 320993716, 2975366387, 1500631698, 1948680224, 2887315522, 3027042030, 2881896252, 99709040, 380116154, 2327941958, 834805086, 2497632576, 18719110, 2853817695, 411031214, 3064289554, 1091487025, 2526296526, 174144887, 129608683, 25345777, 1297002756, 1942974337, 94073676, 182474563, 2905870285, 2868094057, 3046149842, 2870231000, 21493194, 3024990514, 3021655637, 3023312951, 292619181, 2516484264, 30452135, 228898607, 3034073648, 535128840, 2176988546, 2885313425, 2989241614, 3056565371, 2914035132, 2841671535, 2508079771, 83593210, 3007856218, 23675053, 2642043847, 235703614, 358606350, 583307654, 3012566495, 343064725, 310803236, 1436907871, 3029186397, 1428539196, 2305312353, 1666493816, 743587802, 2251223448, 2787509173, 2897431662, 480862981, 139822265, 536919097, 2491607821, 3063971817, 2907485751, 712292246, 196544128, 3040631065, 2975312699, 2940236259, 1143713659, 2915445587, 3038695225, 3023452695, 3025189432, 3035945628, 2995299636, 2578538318, 2984403502, 3055298025, 242280045, 608066059, 435764510, 33248874, 498606656, 1410651655, 3041173789, 757212349, 632481541, 2897842325, 111134406, 50323275, 3009634795, 3010479078, 2321090622, 487355386, 28176763, 42024291, 95095141, 3058828527, 365101341, 284593729, 66697041, 17344272, 5665472, 23591362, 147966474, 243679064, 19000033, 16407418, 21660529, 21319695, 15256225, 54791458, 22930902, 17659340, 14705603, 16295454, 781354746, 2167199634, 1884535028, 2360618041, 79299124, 247458102, 735813488, 739498951, 2399285262, 107957308, 206915543, 616039611, 2345153880, 429292194, 2307468433, 784742047, 345288538, 2403912933, 2389579703, 2402067574, 2374031179, 2409631031, 766434284, 173244449, 212129326, 43846520, 191674162, 2326505199, 15671604, 490309211, 2390017099, 551843381, 2252390575, 2398965164, 20689700, 475734433, 2424249484, 317979379, 2302573890, 2406729519, 114264681, 509792570, 853603466, 2393742649, 913299714, 893246478, 799270027, 466433431, 1297829437, 620592095, 61779988, 827390738, 1680547746, 407518919, 118296871, 1907150010, 2365080028, 980368736, 2153707358, 1471887949, 232497880, 278229356, 1886179986, 2174605459, 154916905, 2365038047, 1368256584, 2180510698, 2384085778, 958414891, 18112338, 2215304208, 551237881, 348844674, 2394513120, 2366582540, 1914599228, 43998432, 2353011104, 1107115100, 397924315, 1497452448, 1142744923, 177577559, 1573924009, 2149427297, 1939782751, 1623734144, 2227607593, 762392834, 952959246, 403329916, 143242572, 58432995, 455303526, 2277079987, 245848829, 478374278, 1711633608, 25116235, 22427134, 1959394956, 2372247078, 2367579480, 479881525, 2392481870, 2373038419, 262269796, 633612730, 2362692756, 2390949439, 548088836, 1167869136, 2294446218, 599125322, 862269758, 106248926, 706592246, 2356430263, 741100027, 2263181941, 437643011, 907953732, 33815358, 2295094610, 25126008, 44143711, 2411172244, 2347286167, 1579994600, 460655540, 103543693, 760856184, 119571084, 359735517, 1957631714, 1603661468, 2165802870, 2379030018, 355828090, 82447188, 1891171214, 321844877, 78779330, 260727776, 2372740002, 2191723919, 84806538, 1661026015, 1493819347, 862731788, 57123861, 290427180, 2316156932, 356922740, 592392141, 2318153850, 44140010, 791983778, 625192062, 1230075066, 2358725725, 1536829116, 599529661, 2251605282, 925763624, 22504022, 437093754, 122227519, 255441010, 613280033, 288796453, 283999251, 1937819371, 1598976638, 1340537077, 397841859, 133444747, 2219271815, 37638091, 29122382, 2382969847, 579770845, 1850806376, 1677819906, 953026800, 2385486054, 20259706, 145919758, 582233910, 418833948, 1077203137, 2360967163, 2266993952, 1683394273, 2367418813, 1295679710, 605822665, 2381286187, 2248626247, 2332270124, 2332289923, 2332200518, 2246689874, 1909012706, 356920492, 46195526, 270760624, 246884721, 2200256654, 117668709, 2228396623, 2321436625, 857781517, 2210554525, 210630683, 2273011225, 362931433, 2252473178, 1703009785, 2323797504, 2266611750, 2313817045, 128878194, 16168339, 20477352, 1962571117, 544154764, 455180407, 2336589762, 418977950, 2356494651, 894185821, 2223500513, 790131390, 1227736381, 588913954, 2188766348, 1926023436, 1950089419, 21845492, 268259827, 33714067, 342369216, 2403388665, 2381096532, 105895598, 485346173, 2385682424, 1581025831, 2403087747, 701438250, 769510530, 2205332747, 120304892, 2378168184, 1723492392, 490394530, 481780874, 947776268, 2377436119, 492591876, 16067563, 365752347, 2198712205, 1315724858, 346921389, 195153921, 213396288, 287667695, 2209520432, 2358419311, 373023030, 2277045048, 1631201258, 460705718, 482023938, 41292543, 2382415530, 1735028215, 361611881, 2320911778, 567727053, 558693181, 1659415608, 1398241352, 253645012, 132100819, 1543874732, 201355619, 2379383268, 966752198, 2367257000, 1662167948, 445955115, 25194743, 2392232140, 2363587704, 935607613, 808060740, 1971190999, 143661932, 2308642692, 29255539, 2380389444, 1221313616, 34961157, 66084231, 2382833576, 537241542, 24590262, 2213641142, 853345880, 766852874, 713729946, 1717984909, 96291876, 113933986, 378005155, 1653893790, 326113938, 2349571610, 1952563778, 365095677, 84816511, 19196415, 2382188419, 71665333, 2377567867, 2325332827, 1499473676, 1903785632, 2400982049, 1566724423, 1393877221, 719592745, 270224169, 489941400, 46291977, 1022928091, 594451483, 635816255, 81964476, 304753909, 315670159, 86656481, 1016170831, 1350691424, 20062705, 78563944, 72882144, 563236807, 234782939, 176702131, 1648425620, 31550513, 551668362, 79252599, 15712534, 19044815, 1367493379, 272968361, 47457261, 221879267, 1059312330, 81590385, 443842623, 357181852, 100077645, 172809261, 36747715, 580223849, 298199741, 275343703, 2370155887, 565502640, 613708346, 139333788, 2374358060, 1921490947, 2358179275, 212214169, 1189021177, 1886566478, 1669594975, 1330494756, 219589198, 1687612584, 441938691, 1948377799, 297698792, 257044692, 2334283736, 1147409690, 931157671, 2358775219, 2279000540, 461827935, 733289054, 83003619, 2269511366, 1180272703, 2266142803, 440174129, 24730134, 127587545, 1724703318, 628962699, 1595982824, 1062048080, 1630572841, 1687846244, 1352876196, 911839897, 104752691, 246181702, 251803488, 817285370, 309990904, 189242026, 330233548, 605971036, 556359123, 109790095, 1379621808, 2377072200, 1621539552, 1346645582, 303009879, 2284275066, 414790013, 2331633121, 24067286, 187066273, 227865980, 825889891, 484782496, 2186838740, 713564593, 191456237, 2308954957, 1956401941, 2355457185, 2223169745, 332407411, 163432582, 97896956, 17478928, 46440103, 1488395275, 1685991493, 2168590149, 1864581620, 335248676, 2265296653, 1662449916, 433891400, 2277809906, 1958814589, 2365284348, 1623057170, 1706680440, 459941004, 2257100948, 318352479, 126268912, 1694423510, 1865191560, 1327388257, 2375783906, 1519622161, 1540313138, 137501927, 1844906058, 394244979, 1932133951, 942570948, 1899334921, 410727027, 167034693, 539737583, 19153663, 746232320, 1502968706, 602599433, 2180988726, 744842653, 2373632833, 1639872331, 2362776444, 851474437, 30666787, 1194412118, 2258440815, 1278880530, 409308034, 460342942, 1544848200, 1312279146, 1721883236, 776312948, 2373080647, 463560844, 295360268, 1497150752, 2238981286, 283440910, 293975093, 190768548, 992232128, 33923443, 143539882, 918287731, 523379397, 522794403, 64974256, 135325668, 2344107296, 270406836, 115278676, 519163994, 994726496, 1143401887, 36459996, 1499719064, 161406785, 1298399107, 457722850, 588871172, 445716069, 253755500, 1644509634, 58667395, 2369007931, 2344053486, 167921096, 234270207, 1562932471, 541089859, 13846332, 170434860, 254809195, 1438316863, 2354383309, 26196055, 46492704, 1708661515, 128184714, 235889942, 230984887, 2256000390, 626160548, 2285875014, 607917202, 2330188614, 1285343023, 332715543, 514295079, 297589829, 2150959268, 2274529814, 184779135, 1546221714, 537702135, 30160168, 30856512, 63741363, 1432893792, 1151012306, 1703499732, 2211037826, 507762718, 2276934138, 259572637, 620483215, 353020402, 24516380, 156286061, 2345869176, 49256458, 404193866, 1126119236, 2231410774, 526230177, 526838810, 150062791, 2369649481, 247533117, 92049893, 405681983, 21483809, 2363852910, 20408245, 124890330, 42839219, 608953862, 182489530, 2252474292, 2278166140, 1571360802, 229882475, 276889387, 324597775, 1106175752, 1645235442, 337286008, 130198442, 623508307, 1624035402, 855215762, 1594392997, 1896465644, 1485071437, 711820325, 15365614, 1689410822, 1894563230, 1085459971, 2345183315, 245643170, 1274611927, 18548136, 2365147165, 529605470, 1945645153, 10230092, 1618294387, 1447141922, 61115931, 47285398, 364948561, 56759458, 732773016, 468608153, 525474328, 71178851, 543874719, 2367144072, 15450595, 234874463, 17731836, 27740227, 377899645, 1483657706, 1498464529, 833808607, 760369776, 309885449, 241737651, 2237982649, 208995765, 566532854, 132251477, 464071835, 850219321, 144412987, 486999563, 1640716146, 463822889, 888577866, 377199941, 42836285, 491603415, 705105943, 2366240028, 519122382, 376506636, 1409505234, 182103159, 134825452, 136699364, 16838276, 593847443, 47406391, 1725987132, 2337885193, 56952134, 20490840, 2260535272, 1667925188, 1029906180, 542936786, 2304889262, 143333743, 932937116, 62462920, 375195439, 44487762, 140360123, 242352871, 41069191, 34717352, 1573693694, 81126889, 1069723735, 2259329598, 182257113, 633156308, 1355180628, 448259967, 586893699, 140991120, 2234813473, 337796282, 35782295, 1305654080, 731256847, 969326023, 47984283, 446162799, 354915949, 464639536, 541177671, 1465506541, 2357741786, 327432475, 438435981, 1535956422, 404015430, 969145807, 2282981611, 2315502475, 240629853, 614048199, 49657979, 18027109, 460457102, 70140882, 461151175, 185054946, 2336024324, 76296496, 47274731, 1865894750, 324095230, 387796973, 248815129, 2291230801, 1728235620, 725169510, 250377032, 224516038, 2342488412, 607522230, 18459553, 257593864, 27260086, 166478326, 143507261, 355220990, 87109517, 19057300, 21447363, 54904679, 281606097, 27553579, 284590933, 158826799, 1378163893, 18325392, 637210002, 275627582, 23803424, 1266887617, 1108748076, 92635931, 5449102, 34042362, 1129350392, 1156067809, 1217014326, 131245226, 175954697, 1014105474, 1216523186, 144994849, 92958339, 815537202, 139756726, 208273052, 365787908, 1061522774, 262037406, 39307609, 50292052, 38639821, 1021786982, 289527760, 560077544, 172110314, 54659812, 1231487011, 307235688, 240475587, 50312680, 431987125, 97158610, 18892213, 38042648, 15639784, 165498073, 260946764, 1092120702, 589914926, 953678148, 1151221712, 133644068, 402731004, 517005609, 29441764, 182948091, 378425858, 23128386, 339873203, 12993222, 21991753, 453289050, 115341902, 243866986, 33342154, 214924806, 19636948, 22548211, 152014147, 41468683, 370859183, 32002507, 22797240, 191491115, 76102930, 25970331]
"statuses_count": 81
"date_followed": "2020-02-14"
"obtained_tweets": 81