"screen_name": "sanwaraniq"
"id": 281437122
"created_at": "2011-04-13 04:49:59"
"lang": "null"
"location": "Toronto, Ontario"
"time_zone": "null"
"url": "null"
"favourites_count": 307
"followers_count": 259
"followerIDs": [1064749904243888128, 1227114654696079361, 1226904798747922432, 2997172779, 1160059790795653120, 138296650, 2474200990, 1185901761137168385, 722335666248544256, 1198494037013082114, 1153551370688925696, 1107320013143318528, 1161430885713027078, 1115440802283577344, 1165653342086934528, 915151910407196672, 316294361, 756827687944159236, 2152606789, 1005713141530071041, 1012302100439629824, 2994373622, 1120738786613313537, 1113304261989994496, 1094469246954991621, 2369643490, 827864963175833600, 919232960548675584, 1645218013, 2763838717, 1076667468322668544, 1073111007554363393, 997502407172030464, 1060093762632867840, 1049642024738193409, 1046302738060070919, 4765261187, 2847113431, 962080409818251264, 1011508911780847616, 2703861374, 977599719433228290, 1010642145705787392, 998083534211485697, 994101288337059841, 989810899631427584, 337334534, 779701926833381376, 934608385617645569, 303042458, 2769450583, 2496794468, 959116816676261888, 3026075447, 4334094619, 2735988137, 826462888537767939, 149901736, 707366339200086016, 929000477165080577, 922429570065854464, 920619355607625729, 915319013265362944, 911141434857852928, 356711158, 53017384, 827555070929682432, 908421508481110019, 2634086259, 900221107353079809, 947334674, 900717781783543809, 785868778940825601, 898228467782873089, 380902522, 2754591448, 888306488913129472, 883198546694090752, 875996246187667458, 875451801901858817, 855797469288050689, 482005458, 872117791943520256, 871081569754198018, 870224092745670656, 869587713653190656, 759348389708521472, 868439310848208896, 868349497822367745, 852578931601485824, 156005263, 864711473771184128, 861446199391473664, 859714565298429952, 858577528956608512, 858410955113410560, 856405402694463488, 856226940365283333, 4704434113, 853274092803432448, 16874332, 850133073568071683, 1341014090, 846202331960107009, 2592198177, 845493816761159680, 827115539084476417, 730325404842594304, 1630021044, 787388973727485960, 840301485451821057, 820179156453511168, 838892965430980609, 795580513134280704, 1172753810, 3868347687, 4621091235, 820301731443589120, 2235155278, 819254723807244288, 819114524984938496, 817802237288316929, 2192867351, 817157994051960832, 816258135488950272, 815270837951537152, 811911118620860416, 811597997381419008, 809462202625380352, 801769433412890624, 610170806, 785768537960816640, 3312584808, 2924196400, 784401179451293697, 378132427, 777494789055021057, 863367108, 768937114071433216, 715614097929273348, 759270337771147264, 755462478943911940, 3935060295, 730289362571808768, 2572862556, 1167038419, 743517522159374336, 3818132795, 4097315069, 732169238702637057, 731459352301846528, 730592172907610112, 729250609673687044, 726747178752954369, 4431502718, 4876693895, 4405249395, 514253512, 4332735075, 4321254867, 3631768395, 4311793221, 4299304713, 4295657117, 4199509450, 4132694272, 4076126362, 4065737835, 4028286373, 3995276303, 3977807303, 3769091237, 3743082857, 3726526456, 890722237, 3552188413, 3622071801, 1712344136, 200032178, 3434028013, 3500003176, 3492381137, 3435572607, 2666781319, 3305523814, 166234704, 2698777872, 2892051573, 3196559997, 3194606098, 3100400722, 43261344, 3113234904, 1142288624, 2893761651, 2899167605, 2921694216, 2570535455, 2936905419, 2768200695, 2854081956, 41274795, 2580874846, 2730871911, 287256885, 2314605111, 2649831128, 1618322970, 2452486260, 2194728856, 2572673672, 2333683227, 1545147008, 982062799, 2487234551, 2502290668, 2432734271, 1341494143, 201613306, 2494212942, 2242022827, 514139322, 461178930, 463562594, 245609207, 2381222114, 47084388, 2229832459, 21109952, 2331537563, 891114625, 2220104098, 401015904, 1448305440, 417382181, 802585626, 351875104, 1412350070, 2168866708, 2233009207, 1075338056, 1114355365, 2197090533, 282126514, 371108263, 1714499664, 1656236852, 1449979712, 81588961, 563964069, 1210997785, 956960570, 1349438556, 1320731276, 1135361100, 1344187436, 1344462582, 823658000, 401277687 ]
"friends_count": 700
"friendIDs": [21037096, 18228708, 26782762, 15933148, 19041310, 2535425082, 88734887, 39728435, 302071347, 106176977, 276987783, 1372141952, 115465588, 26872682, 72582613, 24000965, 203123011, 16044997, 8736882, 14216661, 19636948, 19000033, 17659340, 12993222, 89760824, 19377913, 16295454, 243679064, 17965523, 272019676, 33683331, 18267548, 22545453, 151106990, 54311364, 57288354, 36339766, 263083479, 911302183, 1005524974457774082, 1041994430247591936, 1054830983575412737, 1227114654696079361, 725011914623975424, 1109355240191594496, 1110146037514190850, 2997172779, 43115163, 1096993066769178624, 1240394323, 56702144, 1360838234, 1707636642, 48436234, 17757264, 96014898, 1523681, 728252911675944961, 13850422, 988573326376427520, 14529929, 15764644, 1051061858759831553, 1006419421244678144, 1189337807107612675, 1185476111872024576, 1181244942477385729, 43384404, 1085075168366477314, 1377150456, 987307830209400832, 2763838717, 2994373622, 1012302100439629824, 2152606789, 863845835041275906, 3868347687, 3408179663, 2540955356, 817403221, 25067168, 828136569915707392, 710150336695156737, 912988142, 982611611004399616, 426013857, 3299667729, 17032646, 91193025, 40247252, 522151907, 771322932429815808, 1432266086, 3781006353, 840520913841975296, 827864963175833600, 514513113, 2678947812, 779769354485374980, 34713362, 16343974, 6107422, 14361155, 919232960548675584, 21761071, 764553876129345536, 291673084, 144615713, 1081645930502414338, 22203756, 203132018, 2608298326, 2532410874, 194342428, 151875087, 866951880672456708, 851908894540664833, 2784836836, 1626294277, 951102264, 738340610214625281, 576821415, 70844348, 947346739685707776, 620775713, 60280193, 262680348, 1903427245, 434738008, 573820318, 382869647, 227150038, 575755244, 1638083286, 1638231860, 96955327, 1976143068, 811229675758505984, 347443535, 3298873918, 915319013265362944, 147316823, 2473409148, 295080110, 2597516383, 2833473291, 233582251, 913005138205429766, 906070510898995200, 1312689637, 2343891949, 342601555, 768020119570227202, 3192357659, 859552886744809472, 485228692, 2739873394, 1063252864213110784, 34256432, 1670366851, 224609329, 2538240883, 2260345147, 161355169, 255515879, 494668818, 2410630211, 37098566, 188359178, 16220555, 16434613, 14260960, 190817371, 16397147, 19038934, 6433472, 1904455752, 508973540, 17948003, 2242469838, 208439703, 37666984, 422223985, 759666473661005824, 759050011921362945, 1309747447, 976057988, 523054177, 2556338191, 25557388, 15207668, 14344823, 818910970567344128, 15458694, 14662354, 388555493, 206717989, 36329597, 169426475, 460163041, 196994616, 38630618, 145941531, 3160777371, 3091150576, 389479556, 827555070929682432, 482005458, 947334674, 439141841, 291621626, 1206884714, 153772652, 23375688, 1123996182, 36327407, 38647512, 2788621517, 471741741, 525336700, 1200206503, 794593244, 795483650, 2592198177, 730325404842594304, 141308593, 316136494, 16192197, 1651551254, 2426915172, 138296650, 177338686, 480922678, 353289860, 9300262, 2836421, 459065716, 42197567, 4363400483, 1172753810, 2335250618, 2924196400, 28773993, 3935060295, 3492381137, 3500003176, 890722237, 755462478943911940, 715614097929273348, 777494789055021057, 3312584808, 216881337, 52544275, 822215679726100480, 1536791610, 23022687, 25073877, 1600399440, 75402364, 3363009717, 378132427, 610170806, 487118986, 2231905548, 87645208, 142587801, 18187991, 21790421, 122176898, 35281972, 124424614, 69620713, 248568506, 1208595276, 3241141981, 304717600, 1346891520, 51858882, 367358174, 29471554, 250597153, 107223327, 47746339, 45188226, 210436360, 243317628, 1936979150, 332746236, 200032178, 1252857842, 3248158877, 479079809, 156005263, 3305523814, 3196559997, 354393178, 1339835893, 69181624, 87818409, 16973333, 205622130, 1265060760, 50004425, 141255641, 18839785, 17839398, 20796069, 2890477287, 635716830, 2188283340, 2870463431, 303038124, 43963249, 14377605, 16273831, 311026080, 48788647, 14224719, 2570535455, 920317916, 1258791973, 1456097496, 2368682430, 15035484, 140880992, 972707941, 1465590337, 44128516, 21303235, 18213483, 34248609, 92263845, 3459051, 176863974, 164263382, 515838635, 148517828, 47559603, 105328660, 38146999, 75069067, 102700680, 152866991, 36683668, 20596281, 25390350, 27830610, 41789292, 461515145, 532802724, 14499829, 1864007564, 1545147008, 475988505, 1943332381, 558500717, 2224366020, 323659157, 1643076756, 1579581860, 2452486260, 2425581282, 304865765, 252411597, 39511166, 20646711, 33933259, 69231187, 14700316, 27966935, 2259866124, 613399134, 458287908, 982062799, 1634854514, 2502290668, 1357376412, 545658274, 449799643, 1900949636, 463562594, 245609207, 48268257, 572604727, 1106650117, 180762744, 201613306, 1330457336, 15007149, 350898602, 246273355, 422744010, 485703020, 150568842, 47597891, 353533469, 46376581, 1642218828, 1579907330, 308808235, 717841160, 247210553, 337334534, 197700863, 717632257, 222703409, 434796598, 22626881, 741223519, 15644021, 59825777, 303698106, 1877831, 20402945, 307823840, 168259012, 241252324, 2884771, 14511951, 303042458, 1075338056, 1546328695, 1628614950, 252678662, 501618885, 358140803, 21109952, 454624163, 36020397, 25098482, 2425151, 157981564, 80473367, 35773039, 24150634, 26792275, 1844730637, 21114659, 20226248, 387755562, 1220693790, 142645296, 9624742, 421615254, 138658724, 622868850, 83795099, 176744884, 1125473208, 328894456, 556713042, 612473, 57039681, 18949452, 91478624, 5988062, 3108351, 16664681, 255401317, 106115715, 15754281, 251633354, 28785486, 47448563, 14173315, 253473203, 6135642, 538949379, 106113956, 15012486, 28313220, 47813521, 1114355365, 2151481603, 1404590618, 1714499664, 238640148, 790728, 293681584, 240265305, 234419133, 61189897, 1367531, 14293310, 6017542, 26969502, 23484039, 15108702, 24506246, 393289878, 4898091, 219248343, 49304503, 14159148, 153810519, 2097571, 7587032, 87054025, 87416722, 122994639, 18424289, 822215673812119553, 417448552, 461345380, 88822677, 450098074, 109226167, 272621942, 62442994, 5402612, 27860681, 32858804, 39743812, 51241574, 788524, 428333, 16589206, 21645304, 555953510, 604890657, 563964069, 143077397, 568569050, 116703674, 1349438556, 1343482928, 1320731276, 1135361100, 401277687, 288720075, 95858948, 1344462582, 1344187436, 363296595, 984679873, 11525172, 789605024, 15818391, 21347710, 408411893, 330857096, 308075973, 2803191, 143369359, 217696513, 967136082, 702930864, 534356570, 537043291, 461858710, 703036969, 34887986, 376819013, 614331387, 34350322, 280921458, 82943239, 193896993, 492163600, 1139825676, 586514646, 334607491, 82033554, 176815278, 362034717, 376971021, 374025333, 369131622, 369256353, 241271056, 245395386, 245012858, 236508356, 102792756, 214930449, 201844483, 159883678, 103101892, 102116993, 106121712, 105627711, 105634686, 106119865, 103105475, 103103043, 102814356, 102789911, 102784614, 102777807, 102780788, 102762784, 102734793, 102735925, 102548918, 35428478, 763994970, 815792953, 811661288, 799511444, 799546064, 799547838, 799563493, 800360743, 799518660, 801259459, 802704536, 799571558, 757278494, 73650275, 322025321, 211110311, 181567076, 259758878, 130593486, 87725574, 49381990, 210903844, 173734836, 385539815, 116768508, 62890569, 18374131, 63796949, 186225377, 286712900, 425819395, 278542486, 297169759, 69079351, 1434251, 229311887, 37503614, 16689353, 190171522, 813286, 277444134, 378323422, 213966193, 891114625, 476497846, 8350912, 2467791, 380648579, 589368717, 4970411, 807095, 5392522, 1652541, 859354285, 15016249, 60647583, 89277010, 759251, 264125218, 272613386, 183665035, 91845185, 134091760, 60212414, 65642163, 15016209, 68646530, 92242282, 22475139, 30631061, 61168062, 25506738, 85405988, 198436064, 337607146, 223558355, 154140901, 95248383, 236131165, 742143, 95602761, 184187250, 68034431, 413756746, 442922429, 823658000, 310399981, 158887964, 214017108, 401232372, 366551688, 82988263, 401002979, 401015904, 401035744, 122752224, 401057280, 401042455, 170052552, 93742228, 204860132, 401236755, 401238408, 401277065, 783214]
"statuses_count": 454
"date_followed": "2020-02-14"
"obtained_tweets": 451