"screen_name": "sophie_5689"
"id": 2340478145
"created_at": "2014-02-12 21:58:22"
"lang": "null"
"location": ""
"time_zone": "null"
"url": "null"
"favourites_count": 2109
"followers_count": 35
"followerIDs": [264924050, 1191012247952343041, 1163541979151491072, 30397888, 1186530366494072832, 1178445364057145344, 1702117308, 1537482601, 777957026114658304, 784233291771744258, 1150174463310409728, 1103975260263776257, 2822467470, 777959308545945601, 505994586, 4248038296, 2516928264, 778287934357118977, 843181170854711297, 212304344, 778236870106808320, 777956349342724096, 778291876810022912, 777958451792097282, 777957988657090562, 777958851236671489, 701023189569134592, 729110069015658497, 3798224955, 3367732990, 3019193591, 2350853204, 2265077256, 2341095037, 2340095770 ]
"friends_count": 435
"friendIDs": [89760824, 381841868, 2873604528, 23959763, 15966106, 2300503298, 53120768, 42562446, 137862496, 22637974, 777957026114658304, 1144015273, 12398782, 1163541979151491072, 287735479, 1147576574138626054, 224221596, 867473510205181953, 858716964, 78192935, 198731853, 432570714, 143629311, 168891324, 257747938, 111962487, 291438698, 17494046, 240886268, 852316441453789184, 602920371, 1064307329838051329, 2881310587, 746796937295323137, 773574926079029248, 234521957, 244255748, 29307276, 23065057, 46677640, 26257166, 3022889996, 74518740, 19923144, 55424198, 28404196, 25319414, 21991753, 22494516, 16302242, 18915240, 19200433, 23778898, 284089166, 21661825, 76102930, 77354708, 234565392, 484045254, 123276343, 3225971468, 269552973, 155674676, 80480330, 2279776304, 1546561830, 2949958191, 777959308545945601, 410409666, 701902847995031552, 193843928, 262161277, 4248038296, 2691012867, 3019193591, 924850408857538560, 125103240, 26104534, 3121689468, 45717439, 2220151682, 1004968996741902336, 351335161, 272985460, 16298441, 888392745517277185, 1028016705895899137, 2403074547, 130991061, 17345146, 370706811, 61875868, 158426128, 20444254, 465333646, 14608893, 273532957, 17491445, 24897626, 57162282, 63751266, 29300352, 103111232, 718728986, 31065027, 178580925, 123777284, 35355156, 22178780, 287770878, 768110798770212867, 164076105, 766764875733434368, 968243557843783686, 78506305, 104781434, 946770918, 2602511007, 860690993426776064, 624056226, 2633624624, 133880286, 53933574, 50471730, 784233291771744258, 1150174463310409728, 1006419421244678144, 327014098, 935596124169269248, 2963057589, 42040091, 19017659, 816728138, 62587361, 57710919, 27649623, 890891, 545663382, 1506139898, 17507250, 193095044, 50724461, 14872954, 32765534, 23378774, 48488561, 50323173, 216618670, 182422417, 46682248, 2910241293, 27937239, 992464663, 915364971994845184, 381746680, 272116860, 47713256, 86002394, 29780904, 363183318, 1019654352640925697, 278672242, 69020299, 63122247, 14761739, 1007506423, 244674776, 21169423, 248900032, 737448396, 15321506, 89565672, 2695011, 380777667, 40807751, 33816689, 12700662, 819177050736971776, 81411085, 225265639, 86344052, 2584213500, 779898205, 1038906616198909952, 176073125, 14230524, 866953267, 23083404, 45709328, 138203134, 1105308088842612736, 197208081, 325306055, 92606370, 707807083098411009, 45055696, 1290082680, 136361303, 2156299840, 2156278138, 3190492830, 1697097889, 1117786405, 263237972, 2320518827, 2737765414, 16573941, 43384404, 1109968586, 2914990117, 1228176728, 6480682, 16303106, 55117855, 26053643, 205915163, 443215941, 27042513, 2893511188, 166739404, 321970500, 171682730, 39364684, 1852644804, 2557521, 1242457452, 25375962, 19796721, 21660529, 14836573, 8736882, 19636948, 203123011, 19038934, 21323673, 28406270, 779100876, 255388236, 1339835893, 1536791610, 17915334, 261914244, 709988045781598212, 173677727, 361467807, 3579012568, 325871376, 489387676, 342560704, 2270000359, 2383004780, 864803935, 1268086088, 474363462, 15485441, 215952307, 268414482, 19397785, 79293791, 185314895, 19058681, 778287934357118977, 441598184, 2418461629, 813286, 25073877, 28066436, 181572333, 30271564, 23645988, 189283341, 19458471, 50145722, 266336410, 104249727, 32959253, 73992972, 2367911, 33597201, 6427882, 2418100549, 175084228, 307426028, 709540733456224257, 529547302, 778287132221726721, 346742249, 16193578, 47459700, 109702885, 20908109, 3241009755, 42902605, 1132183675, 45266558, 1079108184, 184936820, 68835298, 185933542, 74816067, 95339967, 53153263, 87070315, 492399548, 253542078, 56783491, 18091904, 274119641, 310072711, 27466653, 405728790, 21219827, 72064417, 379408088, 462968140, 29756339, 394877267, 1210851440, 95530663, 330705266, 59839834, 546135718, 26033091, 80617430, 14275562, 16228398, 17981968, 61734492, 2314055840, 27026371, 4454681495, 420267680, 18228898, 191713253, 73406718, 595174213, 27195114, 169686021, 31239408, 23375688, 58528137, 14920785, 268439864, 2822467470, 289459291, 415859364, 2343897697, 1378336729, 484390754, 328810158, 331990387, 381711575, 360751055, 327553884, 58646914, 184964515, 969359016, 288897260, 499403855, 520065604, 25365536, 23617610, 23613479, 236699098, 157140968, 85603854, 16409683, 24852465, 43158428, 18220767, 26565946, 413487212, 21133007, 52422878, 18462157, 180505807, 2341095037, 2340095770, 46832898, 55592183, 209708391, 21447363, 67418441, 17919972, 15846407, 28706024, 397498141, 14399483, 28384755, 16407145, 89086285, 89084561, 15515919, 14288822, 36947388, 15220473, 30973, 17293585, 46186400, 76989064, 176400389, 48478025, 58819931, 23119282, 34507480, 75916180, 85452649, 105119490, 158314798, 181561712, 380399508, 95465386, 50037051, 48177728, 84279963, 154280902, 23019705, 37457377, 86876958, 209994211, 24190981, 270385947, 30104231, 184910040, 355307031, 246485238, 285058578, 297026650, 389871047, 53834054, 242601417, 159967760, 389757150, 55594930, 2265077256]
"statuses_count": 167
"date_followed": "2020-02-14"
"obtained_tweets": 165