"screen_name": "SStalinkumar"
"id": 718471590
"created_at": "2012-07-26 14:09:21"
"lang": "null"
"location": ""
"time_zone": "null"
"url": "null"
"favourites_count": 554
"followers_count": 10
"followerIDs": [4811116614, 161592651, 1425620456, 2245950284, 976391742101520385, 1097050905319489536, 3302736332, 145240836, 85058804, 180836947 ]
"friends_count": 277
"friendIDs": [210718945, 14260960, 2809959174, 89760824, 19377913, 1117417478, 17902331, 2294853474, 121513460, 122418054, 228858090, 2253996751, 1177194091, 437766787, 1112936192, 1523681, 19000033, 37972085, 15153177, 166651726, 1205426261109030914, 264153788, 27707080, 65174274, 61875147, 1201220617199992832, 1730378454, 43384404, 207855514, 1149159932777730048, 1134471276, 431845064, 14526582, 128267983, 114090934, 41353531, 16926550, 14980721, 26071322, 12993222, 3414961829, 231033118, 725194435, 2840294808, 3241060632, 752713074801451008, 84004386, 33450437, 38237581, 84281104, 23756134, 360685668, 808577417056960514, 827637158555033600, 47143963, 3280499923, 1003521448839872513, 1003546005982273537, 731085667619344384, 161318053, 950024009260806146, 17986525, 34551119, 997366953571422208, 1595874481, 2613083048, 200766487, 978261615282999296, 76681099, 1111677835645587457, 168053380, 2982269822, 4574875278, 14130366, 205199260, 85768153, 3316706786, 759077306748973056, 2956729638, 57073389, 2361330150, 203652149, 229050933, 53947727, 1660202983, 1076778407877324800, 2585696372, 842938523640631296, 181103420, 57289440, 1013634584448196608, 13298072, 4847739700, 1453090260, 941222717943975936, 60561101, 3445705272, 953496586834690048, 2329021556, 2155418436, 95023423, 1654915404, 998154163912667139, 23698291, 21271771, 15653887, 745273, 471741741, 90617218, 3171712086, 16093478, 972651, 771097734820487168, 27860681, 952246294667382784, 95144455, 153826040, 24110876, 1069481430642712576, 856768150708207616, 2897386952, 2686834802, 40129171, 1155522630, 60024268, 253167239, 123663235, 151998296, 182876615, 20297680, 816307676812447744, 76511168, 4483368134, 2842068128, 15428397, 828942678205177857, 773208456752955399, 416857073, 1020566323288391680, 107448988, 859816394556284929, 91406312, 960176179, 5120691, 860100187951210497, 44196397, 41094453, 1364930179, 2485226953, 88380179, 25098482, 23317873, 116341752, 866725756025667584, 1112390046756286464, 3426105172, 3234911948, 112094343, 538610119, 845199713708097536, 562011387, 1572844160, 25073877, 375369317, 43152849, 785796288176541696, 3044107648, 467181919, 251951656, 117370789, 317618383, 34228937, 836266899323273216, 2579225425, 89394976, 69620713, 1933369219, 111416258, 493925156, 714731566828793857, 2859443173, 881750562, 757238393310818305, 710414484, 908905984608706560, 1413027896, 1626294277, 485769605, 381289719, 75237089, 2613904818, 2966532212, 4121255613, 1065174432, 873047898, 814964403284115457, 37918984, 97530284, 284278132, 107455715, 223424181, 1019337074, 28354183, 343975713, 50089737, 2477866626, 850267925042745344, 2438120870, 797754225006522368, 22947371, 136100401, 45321792, 26965339, 59421201, 437429924, 4817072546, 1422626892, 3168998070, 15568127, 28369153, 2280561692, 37935157, 104487939, 861619895485726722, 1534167900, 62603893, 998737283346972672, 64122591, 4685386992, 996414504232734720, 873626803, 216374020, 558654135, 129094395, 40161156, 216958914, 2744421848, 8167022, 631233405, 18473444, 473745411, 796473633069789184, 1261287307, 1867843520, 2572981626, 264689938, 33216611, 34713362, 927821044735455232, 257431719, 533068752, 792104223869657088, 193724488, 265781396, 127934664, 976095404784832512, 866512070036013056, 83297832, 2989553946, 3313143320, 842376531724890113, 925400096, 769517040, 136605427, 81095223, 34208984, 94530194, 41994925, 1282946089, 57947109, 183230213, 2251588934, 419298953, 714003800, 17673635, 22205952, 39743812]
"statuses_count": 515
"date_followed": "2020-02-14"
"obtained_tweets": 515