"screen_name": "stephi801"
"id": 1279186093
"created_at": "2013-03-18 21:03:07"
"lang": "null"
"location": ""
"time_zone": "null"
"url": "null"
"favourites_count": 20124
"followers_count": 230
"followerIDs": [321015308, 955601775507136514, 1169332881061289990, 1088043789921513475, 776548565606801408, 1097152825476501504, 1063977431797772288, 493990808, 608630120, 990380559896588289, 795043554997321729, 1514226738, 99859136, 28078602, 248352501, 770603040487403524, 773570656017547265, 955105592787570689, 48954726, 2609394322, 950518763266498563, 2839076668, 113583331, 877032795415076865, 930930497970229249, 888583806256635904, 897530622180282368, 493421266, 893261980399575040, 4831334110, 230927050, 879358288667848705, 707864762, 3906101844, 745746432045498369, 872940076426293248, 873521390389010432, 875866667192119296, 829097023236341760, 2614125139, 817865656762793988, 868632553753903107, 1573960717, 807629442843557888, 3232008476, 812409288941572100, 784991240618139648, 727284784741777408, 842625185219977216, 4660544772, 211023068, 3404328297, 458493823, 2230254906, 754764252750176257, 86086497, 800114683336224768, 347523640, 814575137798389761, 804460059056947200, 1409266633, 2462569459, 794811319857938432, 792228943562625024, 759115518662017024, 1027844635, 2441347949, 2446607822, 3246256020, 2869209887, 769365753753665536, 764408851332333568, 744203296760528896, 389238190, 748761600337670145, 3293043876, 750117753663524865, 18362586, 129106891, 29045647, 4361286863, 2358412800, 718137166489075712, 2233416648, 3071625198, 702907478493663232, 699640771146715136, 455490092, 3328704524, 4687135369, 4767043574, 465744117, 2459502716, 398518964, 291413149, 59944168, 1117889377, 2421040464, 3544839375, 2894022225, 2900173953, 513532752, 3310637868, 2688450127, 3333375862, 3333352354, 3323980906, 3184708351, 232269026, 2448424116, 2720354495, 347421492, 2467786271, 1539813140, 69373980, 2586258864, 3266495245, 560744998, 3214576977, 3150296685, 16184954, 2918868308, 18925073, 1676143326, 3207440231, 2329803134, 275037498, 3064069757, 2330825628, 3063168655, 3012189357, 2988288729, 2974802993, 2759729558, 168858068, 119476530, 2640595511, 2364845034, 2493276681, 313384486, 208211058, 746018906, 94002684, 194194610, 2877403359, 2711600266, 2444490169, 2769366843, 27437080, 884622408, 481622722, 2848211148, 2785208935, 2836548960, 365690551, 928426032, 2782038255, 298119379, 2802492540, 1650847868, 446660586, 2766120968, 574597921, 2610911210, 2651971788, 336379683, 2572085062, 2596858934, 356335103, 445807420, 2394800546, 529709894, 178229920, 351280449, 238869530, 472534891, 747869544, 438768527, 20416782, 1890903588, 903119334, 2358577878, 747879487, 321265818, 1552476492, 495517805, 2415839490, 2415835550, 2412921498, 2297752093, 2301760891, 2285892450, 2213518682, 2274900523, 348886953, 2263403875, 486272349, 1934469012, 872269423, 2174766098, 1278538369, 1407799196, 86876958, 1594783436, 270657691, 52935156, 28387848, 141645485, 1475537496, 124887531, 200543185, 191264072, 242122527, 1426802023, 1084300075, 59988133, 822653366, 179677226, 1325698621, 1255527698, 309413311, 177800553, 41418581, 1192231273, 122830874, 28749288, 510974783, 105036128, 1143145398, 130615516 ]
"friends_count": 329
"friendIDs": [89760824, 321015308, 1169332881061289990, 327553884, 47985470, 806824609, 262161277, 1242457452, 522920501, 608630120, 2894099805, 890777959463768064, 1514226738, 912797820, 912727560, 1979259079, 3293469414, 410409666, 581301629, 783721125989654529, 43500474, 370347071, 719218159, 444266813, 315594365, 23620920, 4143399012, 2920199670, 805827100359868416, 2443767258, 292678543, 296037401, 448130514, 840897602, 233183631, 1949322061, 4919695943, 1088207396, 389238190, 2156299840, 2156278138, 405728790, 310072711, 2612742037, 1262833578, 561161204, 379408088, 297142579, 46781837, 4825205752, 455490092, 265826890, 2448523422, 2869459596, 344779704, 83527218, 450080693, 618481357, 6427882, 63822383, 85452649, 560744998, 2493276681, 223546666, 48946932, 55594930, 1587504660, 313384486, 208211058, 291413149, 139618712, 29045647, 104990093, 746018906, 16184954, 194194610, 481622722, 1655445102, 446660586, 158515843, 529709894, 31269026, 138250327, 1219643022, 347421492, 747869544, 1135643222, 238835653, 2330825628, 438768527, 20416782, 178229920, 495517805, 1650847868, 2358577878, 747879487, 2199725911, 356335103, 747834180, 445807420, 370785118, 2278035517, 1633986445, 56557940, 499494637, 21367120, 317114365, 114035804, 169243528, 275400224, 68792381, 281766200, 169740780, 200638031, 90693080, 21273465, 1890903588, 282795638, 22309973, 386611093, 60645630, 122522120, 59185001, 27491578, 46835005, 65465565, 48631266, 29343799, 441093888, 239131063, 200268415, 71626835, 305275926, 486272349, 287858728, 310066839, 219198149, 1278538369, 39240760, 36540090, 48759368, 21358354, 234413493, 59623279, 342486310, 177086552, 25395994, 2155365456, 259968169, 270657691, 92422285, 41665751, 292083673, 155539739, 28019699, 102829434, 174904499, 358855285, 296707500, 202043887, 49032080, 68204418, 127378940, 63191438, 251432707, 32629211, 569192888, 48951248, 35541249, 160272734, 116310869, 39307460, 24796814, 28295738, 327019649, 86876958, 251338666, 201564864, 393844043, 22893638, 619659274, 83541925, 48048580, 19871339, 319396732, 129400817, 494266498, 121341102, 25419402, 241255601, 73443014, 1475537496, 586791261, 77808694, 1027392638, 72645355, 41396816, 34667350, 56515032, 71731213, 251735056, 69751644, 242122527, 1426802023, 73751777, 66556158, 98833932, 378869612, 132273466, 40136909, 251844666, 461521888, 94039455, 59988133, 280276267, 34037357, 116639342, 18043187, 250870513, 140976683, 59949396, 91408245, 234443392, 130991061, 1255527698, 119476530, 42455153, 309413311, 34969708, 274119641, 20731383, 342328462, 147667523, 43289545, 30955582, 177800553, 191264072, 467048692, 69373980, 29860364, 35627623, 41418581, 23842077, 196376697, 59534248, 40709942, 173698496, 99337111, 52380745, 345726005, 424541226, 184878590, 46149641, 166255207, 142875692, 33610872, 38935952, 297486668, 66618379, 79536438, 41496312, 71016358, 1192231273, 15846407, 105036128, 122830874, 510974783, 132399627, 23360024, 23019705, 154590712, 28387848, 117639473, 33821283, 19882775, 386774661, 17919972, 21219827, 29756339, 33597201, 46957344, 46038655, 17797348, 29898542, 108538006, 120557765, 75661935, 114669777, 22728120, 33131538, 29945902, 24852465, 176566242, 105119490, 82726142, 24580902, 22440364, 34507480, 140180214, 27437080, 24529179, 27772095, 37457377, 14425825, 36704352, 23156823, 84041774, 27592116, 20620967, 50037051, 22592948, 266336410, 259096053, 25970331, 15460081, 166863073, 23375688, 130615516, 1143145398, 209994211, 105296218, 158314798, 21447363, 181561712, 84279963, 102160486, 209708391, 464139666, 200543185]
"statuses_count": 17836
"date_followed": "2020-02-14"
"obtained_tweets": 3235