"screen_name": "tila_b"
"id": 384639047
"created_at": "2011-10-03 21:53:43"
"lang": "null"
"location": ""
"time_zone": "null"
"url": "null"
"favourites_count": 276
"followers_count": 200
"followerIDs": [1149139375, 22436081, 493724456, 61855479, 67046335, 211922017, 20603028, 854455844171370500, 64550698, 1055690700665380864, 3010479231, 1181883708, 1026517287988158465, 3091742797, 737662502553722881, 28539872, 3731013219, 2804122812, 2942644168, 96390038, 913781217371279365, 909035984725082112, 904397430262833153, 41050932, 898567002008244224, 50341268, 14260839, 859225237522665474, 1433589517, 18180930, 833402898134495232, 842873497395380225, 821358128130379777, 806233193221410817, 712176846062784512, 799404588994543616, 1876501800, 7983772, 33432570, 196350872, 762393601628340224, 3497827762, 24883323, 725729460457226240, 2826996535, 707739342609879040, 441451011, 715327602387525632, 1546217660, 3812405842, 23516422, 4573924041, 4436700013, 233016500, 1867664130, 3314563543, 1115721500, 2391642973, 3405804394, 15931147, 134852225, 161342440, 34448409, 868147537, 100243068, 264329216, 281840222, 3228923699, 1504994664, 3073892798, 792853309, 2365952623, 433533955, 570486723, 998121212, 1112951365, 2986726071, 360306733, 2911107347, 24450241, 199314623, 548848331, 29796446, 120940349, 2735080587, 374842296, 392247421, 71063329, 2514711097, 891915966, 136312404, 355755100, 2476332577, 32935227, 19552845, 2445868262, 2437358622, 2318189822, 350495981, 23071798, 1365510518, 345078731, 1465436605, 2213568702, 2230722632, 2194554211, 24030857, 1700896160, 2194655539, 1927589990, 1963103582, 460285368, 311274737, 1692672846, 34488806, 1071933283, 1596797432, 1575263658, 1410444607, 291413149, 94056489, 42333207, 319615499, 991109276, 391657795, 262262322, 69795674, 64702593, 208367099, 1327609440, 38747710, 19983476, 373483256, 774971078, 23645596, 156136907, 477475017, 1237022269, 152016571, 73883691, 20493555, 1080453463, 21917687, 732902522, 394930937, 24715273, 746042587, 24717966, 46579980, 28906719, 23150595, 1029120858, 140114248, 88289784, 24199161, 281289042, 28721531, 889989374, 46413554, 64220012, 22594741, 23614129, 916436096, 184434995, 511018377, 144658406, 158043092, 3922101, 213440088, 876741410, 143170923, 54444812, 839097805, 561265748, 849687421, 215802652, 832948118, 818630881, 381934971, 20622040, 793909, 22537986, 23615963, 27547342, 155368720, 86119797, 97510811, 121831115, 62086057, 615410332, 372570778, 22768444, 20525946, 75584902, 183697115, 22371962, 14250954, 31980339, 173118904, 21234537 ]
"friends_count": 257
"friendIDs": [1204486541848043521, 16295454, 89760824, 26584441, 20687324, 47338701, 575451034, 22436081, 19910041, 36823, 493724456, 19344309, 61855479, 309912891, 15764644, 15224867, 227837742, 926620369, 165511377, 1915033663, 433439383, 339994942, 591034549, 67046335, 1098667082307330051, 20603028, 854455844171370500, 200514238, 48785884, 2461810448, 388699836, 30430234, 47786101, 27042513, 3063032281, 75974281, 2715115656, 15687962, 443215941, 393852070, 241382835, 624056226, 2893511188, 47285504, 580097412, 138203134, 452521774, 218298715, 26820715, 182861300, 26852024, 1245158946, 130602347, 33618667, 24467440, 137799626, 287204107, 2334193741, 738080573365702657, 29796446, 1029120858, 208367099, 69795674, 1575263658, 2437358622, 19552845, 32935227, 2476332577, 355755100, 136312404, 891915966, 2735080587, 24450241, 2986726071, 264329216, 100243068, 868147537, 2391642973, 1115721500, 3314563543, 1867664130, 23516422, 3812405842, 1546217660, 441451011, 2826996535, 196350872, 7983772, 1876501800, 799404588994543616, 806233193221410817, 842873497395380225, 18180930, 1433589517, 859225237522665474, 14260839, 898567002008244224, 41050932, 913781217371279365, 2942644168, 28539872, 1026517287988158465, 1181883708, 3010479231, 33432570, 18980055, 22190567, 4436700013, 543576297, 19714882, 224314313, 114213282, 500231605, 19025957, 96390038, 39097715, 73323875, 86391789, 25140900, 1149139375, 737662502553722881, 50341268, 19697415, 701267743, 30364057, 139162440, 813286, 345919579, 136287671, 235188924, 24883323, 34448409, 161342440, 15931147, 134852225, 815610415, 97007369, 1504994664, 570486723, 433533955, 998121212, 199314623, 120940349, 548848331, 2445868262, 46579980, 1080453463, 23150595, 28906719, 21917687, 152016571, 73883691, 391657795, 1071933283, 34488806, 311274737, 460285368, 1963103582, 2194554211, 1365510518, 23071798, 2318189822, 350495981, 2194655539, 1596797432, 94056489, 42333207, 1465436605, 262262322, 64702593, 19983476, 195062861, 27484451, 23645596, 20493555, 24717966, 746042587, 732902522, 24715273, 394930937, 59325088, 140114248, 310010433, 511018377, 281289042, 173118904, 315578486, 64220012, 46413554, 28721531, 20414891, 24199161, 17915592, 115485051, 22292529, 509124285, 23614129, 184434995, 158043092, 144658406, 14075928, 234835780, 126044651, 3922101, 876741410, 213440088, 54444812, 545492995, 839097805, 561265748, 24556476, 40501081, 44759834, 235440201, 24042684, 216025355, 28210705, 23092652, 14468829, 87520003, 25223524, 215802652, 24042181, 24767431, 381934971, 793909, 22537986, 9410472, 22441659, 392967378, 24030857, 20327249, 88289784, 29523140, 42451620, 23615963, 22594741, 22583434, 155368720, 27547342, 18117518, 86119797, 97510811, 121831115, 615410332, 22535639, 372570778, 22768444, 20525946, 75584902, 183697115, 22371962, 258496812, 14250954, 31980339, 121801398, 21234537]
"statuses_count": 448
"date_followed": "2020-02-14"
"obtained_tweets": 446