"screen_name": "trisarahtoms"
"id": 2317626283
"created_at": "2014-01-29 13:43:47"
"lang": "null"
"location": "Toronto"
"time_zone": "null"
"url": "null"
"favourites_count": 27
"followers_count": 23
"followerIDs": [1203346381932564482, 28455324, 3020462465, 43254448, 33569503, 234033812, 17520622, 2278394455, 2594973801, 2222347544, 23337620, 14974485, 458704223, 302886061, 19448672, 2382856033, 1290412620, 1383153194, 41914697, 102545554, 1302368425, 39634424, 213156908 ]
"friends_count": 28
"friendIDs": [2176972214, 93714983, 235764167, 89760824, 26073581, 117099889, 14260960, 253340075, 612473, 783792992, 138203134, 21597493, 480196886, 28455324, 34743251, 22084427, 302886061, 701267743, 15846407, 813286, 255747911, 39634424, 832443146, 213156908, 23337620, 14062180, 19448672, 184849142]
"statuses_count": 10
"date_followed": "2020-02-14"
"obtained_tweets": 10