"screen_name": "WaynerTD"
"id": 546317214
"created_at": "2012-04-05 15:43:02"
"lang": "null"
"location": ""
"time_zone": "null"
"url": "null"
"favourites_count": 172
"followers_count": 106
"followerIDs": [541734752, 239969595, 946034786, 114238658, 3189241608, 4719533013, 295833541, 21626237, 983307153879396352, 978386563334901761, 412567162, 911923263789522944, 901582784824737793, 374130330, 2174674752, 278098811, 2163886159, 29320803, 2363053952, 845978994, 705712260, 108175906, 156484242, 764157625986461696, 174450954, 736684508183965696, 1018158744, 2288670078, 234532948, 176495803, 2485531140, 1959646470, 154498853, 270453131, 3397525007, 3243709042, 299131574, 41506369, 18907762, 353868308, 2790863948, 325741655, 2432155485, 181370815, 897945366, 53820195, 55016105, 26982616, 49966093, 242928273, 20816395, 211035669, 1370570509, 330465934, 874651896, 20167139, 1544337882, 239169189, 49153813, 243814399, 255566286, 22994274, 532382351, 190349915, 92415777, 561163375, 489822519, 321647428, 16544860, 385015471, 542766336, 19563657, 23988655, 567675904, 23789699, 34420319, 27692502, 22003654, 475329781, 312310929, 73168777, 290063037, 18226564, 23773088, 66740988, 16188492, 35337098, 385703722, 293102768, 18662662, 553582666, 199072462, 38251817, 281840222, 16101128, 35977884, 229954957, 547387866, 253831375, 359539479, 431790253, 62436759, 477280403, 359409122, 114801712, 546317610 ]
"friends_count": 318
"friendIDs": [2809959174, 182422417, 25365536, 14705603, 89760824, 27260086, 73406718, 19038934, 203123011, 146244598, 2444371909, 1838597966, 2163886159, 114238658, 3329728037, 859890121948180484, 837357390131523586, 16219206, 841359321988513793, 766466212746387456, 901551602343038977, 340514550, 243679064, 263305085, 2363618011, 21626237, 24386927, 822215679726100480, 813286, 3301972365, 412567162, 374130330, 103946210, 336652558, 54905985, 926549672, 484817332, 227183267, 50341268, 22203756, 351259443, 159225370, 3282859598, 44169688, 28033953, 48045229, 191692374, 25671427, 845978994, 702278455, 71294756, 15256225, 262351848, 24189291, 53131525, 25073877, 55594930, 14260960, 74306074, 204527231, 46146701, 156484242, 108175906, 4257428727, 20632710, 2911024287, 705712260, 34770714, 3146672268, 27114921, 25386777, 96911771, 274652363, 2363053952, 463933187, 443215941, 500042487, 11348282, 360133583, 396931935, 19659605, 176495803, 200913899, 73992972, 18091904, 211035669, 409311518, 898125853, 23375688, 6433472, 102448827, 149126628, 385015471, 34507480, 44186574, 586671909, 2485531140, 3250085665, 3248928739, 3368226502, 3247200464, 275697180, 276328808, 154498853, 47085202, 270453131, 116898955, 98809456, 75711499, 58990464, 367566714, 122261841, 872722801, 485182129, 18638090, 292063073, 2625866439, 215976906, 148350796, 216354305, 344754757, 573565184, 116972568, 55016105, 3189241608, 1270446834, 29320803, 214352283, 26160744, 151623861, 34096476, 299131574, 250674902, 49553736, 62988756, 40898254, 90959399, 21410529, 15739207, 880450975, 590204099, 323990048, 195762277, 2708476175, 84763870, 162515421, 90420314, 555448499, 72644483, 325741655, 2653069134, 27469171, 2174674752, 1472306124, 917100433, 102060103, 27457788, 28706024, 28206390, 1005624410, 1040284092, 1060751816, 29820155, 58832190, 38491229, 49966093, 20816395, 25375962, 29145313, 63813253, 110935306, 24721179, 239169189, 52791522, 18201114, 23493386, 255566286, 1370570509, 92415777, 14824849, 48672487, 40511475, 50515656, 22849311, 452740559, 105967043, 133452472, 21415380, 34420319, 27692502, 215736543, 71156282, 321647428, 601211000, 567675904, 312310929, 20201160, 347930138, 352533151, 106470258, 177043266, 372291193, 242928273, 280543667, 116502194, 256099282, 22586259, 52551600, 214924806, 23988655, 22496608, 18226564, 759251, 401062949, 18691328, 49153813, 22003654, 23789699, 17881732, 18259219, 473469791, 165172972, 16409683, 207647078, 190349915, 36123511, 16188492, 26020465, 66740988, 16544860, 290063037, 23773088, 24750385, 13896552, 16215933, 24852465, 110827653, 180461338, 35337098, 114423557, 385703722, 22543623, 26642006, 56535222, 50374439, 413487212, 336116660, 26982616, 20291907, 29498652, 18662662, 385808101, 553582666, 199072462, 21778272, 16331010, 238247044, 256412178, 229954957, 16101128, 270103420, 547387866, 546317610, 21660529, 10228272, 18479513, 253831375, 115485051, 14230524, 15485441, 16190898, 21447363, 142450866, 263195972, 474495954, 26314109, 394158311, 112463759, 52200064, 336181010, 380640668, 391116849, 467820381, 165473487, 20167139, 62436759, 287314945, 249792633, 542766336, 295833541, 489822519, 359409122, 341174609, 38251817, 77300955, 127327693, 767396, 15227791, 15519886, 7401202, 3829151, 15846407, 85603854, 19397785, 359539479, 17919972, 79293791, 276081880, 19636948, 269342626, 207381263, 19058681, 332447550, 41468683, 278098811, 259379883, 262218224, 216586703]
"statuses_count": 230
"date_followed": "2020-02-14"
"obtained_tweets": 229