"screen_name": "benrichards42"
"id": 847215764
"created_at": "2012-09-26 07:18:48"
"lang": "null"
"location": "Citizen of the Metaverae"
"time_zone": "null"
"url": "https://t.co/Kb9FzIPmGp"
"favourites_count": 2
"followers_count": 159
"followerIDs": [1080555005072031744, 217527107, 806444492, 2257960980, 808051518242979841, 110546136, 14440117, 1223146118290165760, 1181757824038125568, 1973498335, 1511046229, 50536751, 782440477509324800, 888232611776212992, 3313031430, 542822611, 3201702099, 30437778, 75587044, 1222929840594092037, 1224734394369351680, 740692428341018624, 4249824673, 4733691856, 3844217235, 18539631, 1177205283141165057, 851344918031224832, 3226521371, 2898824484, 886838647604920320, 17690866, 202479255, 763755261844594693, 15234138, 1064988798277144576, 1127259391131037696, 986027901966540805, 48402668, 1115982748244692993, 1039967716906622976, 956013326185746432, 754929436919595009, 1145661360853921793, 989722938420019200, 1912110522, 997873883620564992, 2387719262, 17676195, 3189061, 1524240914, 824915898146369536, 1217440973241843712, 172490577, 19143099, 1031889227619815424, 840195055973355520, 4115418441, 712876681141334016, 1026629084149764101, 106660147, 1022476724544528384, 95530351, 35319104, 905057374385438720, 2618843767, 46639695, 2780966382, 3802871421, 970200508513230848, 946564171440812033, 14607007, 17859974, 25792586, 1086140051950428160, 14959803, 955255979032981504, 6820142, 822505903836594176, 117418683, 938513527278419968, 3138660026, 1021327962, 873061591188553730, 770568519679406080, 34335197, 2461590134, 84269720, 902620281960898560, 735807741755822080, 14710717, 173430971, 856853074169651200, 913352006923837440, 756405473591619584, 247652231, 458329948, 90363382, 878853404818157570, 312520631, 309498435, 752414269480796160, 792793, 770688787248742400, 1095793706, 2953328094, 3063836987, 143566734, 435514087, 3105847700, 19435696, 188668572, 366569421, 2866342906, 2863139524, 54840030, 14483135, 230252843, 2542588053, 560895561, 2414222659, 187906906, 140616291, 465724164, 2179245650, 1868883074, 1960577406, 17474591, 1872353184, 21357221, 66649151, 1602920785, 1560428420, 320837987, 1371147414, 56974871, 376132447, 47894963, 1275086593, 57665738, 587498634, 14898734, 156387608, 18462614, 558332080, 515322826, 462750447, 35356267, 24649282, 590522976, 14233131, 717954554, 196576927, 312254966, 403243075, 33525346, 237578373, 621904008, 15349188 ]
"friends_count": 571
"friendIDs": [597331373, 2257960980, 14440117, 808051518242979841, 897782701, 1181757824038125568, 451093381, 38462868, 17544234, 36388601, 2413000754, 215904011, 2671556916, 4822334413, 4909675580, 122179012, 106900026, 1206730268, 913715347831783424, 1189247068558282753, 273789541, 3299337643, 16650635, 50536751, 3327720838, 15879709, 888232611776212992, 782440477509324800, 3201702099, 2824929911, 1145661360853921793, 1039967716906622976, 30437778, 48402668, 7458572, 20029872, 542822611, 1511046229, 1124300740904800256, 1127259391131037696, 886838647604920320, 3226521371, 1177205283141165057, 18539631, 4733691856, 4249824673, 740692428341018624, 1179892477714718721, 1224734394369351680, 16303196, 75587044, 45097533, 3037520864, 125767077, 2326508484, 2895092784, 13451802, 250105260, 4267582606, 18974329, 846079596571361281, 850538088749256704, 901005047932354560, 807049739283771392, 824393575429337089, 872675798, 43357195, 4275335782, 1217440973241843712, 781141737381265408, 1044240537321172994, 1524240914, 32428328, 610925683, 172490577, 15234138, 856853074169651200, 106660147, 14959803, 1715370056, 873061591188553730, 471840642, 1021327962, 76019657, 14300930, 3189061, 364628594, 804723657914417156, 712876681141334016, 851344918031224832, 1531551396, 14355717, 938513527278419968, 4010645298, 565534089, 840195055973355520, 3195740213, 377274163, 754929436919595009, 864427585, 19201339, 770040894376509441, 238933775, 17817698, 273101322, 977761465233911809, 19143099, 36550000, 34553221, 4827934926, 900609684356292608, 4740421370, 590607780, 808925151949623302, 1265725410, 594146105, 468972876, 767870994451005440, 990299571397021696, 266263076, 16923632, 371041697, 17690866, 844579415371628544, 145608617, 1007667893876744192, 723119707, 2400366843, 1305903654, 1450015586, 17676195, 6820142, 62455726, 1031889227619815424, 1013711360708886530, 3066058798, 630652943, 19331096, 135297860, 202479255, 276801643, 13602642, 801926084, 25792586, 1022476724544528384, 955255979032981504, 3313031430, 33434994, 1083316187969146880, 69503223, 83598271, 1026629084149764101, 1097362013775310848, 2898824484, 2367846642, 607950555, 741799992696807424, 989722938420019200, 1624018284, 915204168326963201, 223853686, 239313282, 5225991, 19066345, 387562192, 12804422, 15057943, 16576356, 24691376, 72520597, 44196397, 3033034915, 74426272, 479984327, 719472337, 304679484, 263852695, 23462787, 125644689, 13982132, 1344951, 3844217235, 2977006162, 1912110522, 16870421, 15808647, 3295564572, 150237942, 43192807, 36947388, 956013326185746432, 6727802, 3933653175, 19357262, 8622212, 748447802825539584, 11348282, 23503181, 749454581076111361, 316389142, 571202103, 15492359, 784304, 14372486, 816653, 748161017058844673, 4002564749, 2558067834, 2160545941, 1002212117481705473, 1431341, 26382995, 1364959008, 787149253302812672, 4034355567, 2423931254, 759577672632729600, 814781714287431680, 60642052, 14885549, 275686563, 997873883620564992, 738030482634510336, 1132994426, 4310571, 822860723223023616, 15919988, 145153732, 1024941563124875264, 3121003429, 14761795, 8849522, 1049753853988560896, 3184528398, 954147422883627008, 86292908, 62513246, 14620544, 15904669, 2300453384, 29977461, 4922450361, 204832963, 972890172596588544, 22813469, 38403819, 668563, 106035107, 51356083, 277012264, 763755261844594693, 4810826772, 28049003, 934472399243931649, 2551081, 21664207, 18485009, 8223872, 814033227665051648, 1001122775124381696, 1075777335830417408, 94606087, 854473237404696576, 95530351, 1010955962000297984, 890018761687711744, 543478343, 1883776068, 1064988798277144576, 992041448286584832, 19585635, 13686822, 54837974, 323358799, 12615, 35319104, 34554134, 84351228, 851874397, 2230151202, 14079041, 955478114754285568, 958115621476225024, 2891626203, 254182601, 22446425, 688583, 3192405987, 14677919, 91478624, 8161232, 3314849262, 14316355, 16348883, 611941828, 63786611, 15531582, 266977680, 20338753, 1028989797115854850, 2591650273, 2795845802, 1085886045416312833, 626696755, 1124670757215318016, 49585215, 15439395, 113120201, 872537252722880513, 197065992, 1267767504, 17990445, 25773049, 20542450, 148725812, 37340158, 729468343, 337987134, 799332160306036740, 21357326, 631577690, 46639695, 54501212, 3496641, 1090141, 3453874996, 18949610, 248118105, 900462594368122882, 189239506, 181995347, 824915898146369536, 3370169638, 889111183239897092, 1112691734587367425, 872857492128055296, 296890242, 1428575976, 907749827890446336, 1116440738760282113, 1969855525, 767775731589844998, 1115982748244692993, 254671023, 1179876412091703296, 61559439, 3852761294, 4316593949, 2580371611, 19048610, 10862312, 13173382, 795770643736203264, 200621323, 1471328340, 1449804482, 943220987834851330, 14841047, 1180216345893511169, 1636590253, 753692583612846084, 9268532, 24953525, 110075039, 109339163, 95610041, 904047515636572161, 1973498335, 903029289381011456, 4115418441, 5609352, 2329676395, 619754963, 3138547976, 16677958, 1088048818921312256, 280511274, 905057374385438720, 844052227580862465, 3099501, 3802871421, 3996794595, 84269720, 756405473591619584, 3031545928, 970200508513230848, 946564171440812033, 1086140051950428160, 34335197, 3098227811, 735106736332410880, 4820804277, 2850482629, 2340138072, 14155786, 1493876599, 2423248939, 2565589034, 2663858912, 294306372, 863676488624750592, 14710717, 15215771, 2226895704, 483815978, 2878812992, 390343030, 2858533652, 714758552, 2997324590, 224634229, 17859974, 882262185417822208, 3232765964, 4657147706, 902527986972446720, 90586689, 857608386648702976, 14607007, 234398147, 2201716950, 49072056, 874950111557804033, 8117752, 23480504, 35356267, 792793, 903581879122743297, 783891, 873787003942383616, 20576633, 23932941, 359937355, 143566734, 1020109088, 277324921, 811834, 2967708580, 3236328882, 776134865200840705, 397835943, 825786979, 805618861877792769, 1452812665, 590522976, 27212697, 885743366, 850261319911526400, 480691648, 45556132, 42890216, 84217233, 900096780, 29452011, 533412885, 68931482, 1010699803, 4910720764, 3166034471, 69008580, 2562176979, 1021838258, 2863139524, 284702514, 1729371517, 497246338, 361193261, 1602920785, 2414222659, 90363382, 404666728, 14928277, 353454160, 612486330, 3305460248, 4309041089, 2466072073, 1275086593, 458329948, 331090318, 37154659, 17753518, 232258775, 3063836987, 109371631, 19765624, 247652231, 1743024204, 2574123726, 2707899037, 17678587, 2900792492, 829617415348563969, 218513844, 160183392, 733987533999087616, 51701296, 2154762012, 27083960, 173430971, 2395651796, 913352006923837440, 2851114042, 15786955, 875395670567514112, 71895597, 4653878354, 312520631, 396278480, 33525346, 28199290, 198914522, 24649282, 16325245, 32769126, 162002328, 17454262, 72480248, 8719482, 84623395, 57425333, 322054336, 393343561, 320837987, 14938015, 515322826, 621904008, 36979636, 140616291, 403243075, 570913235, 233162965, 15349188, 64902871, 122321680, 156387608, 13007372, 717954554, 14211574, 465724164, 404424424, 276835044, 147888554, 237578373, 179519461, 18462614, 14233131, 309498435, 10040062, 14898734, 312254966, 241105828, 19193333, 382783985, 25219045, 424263760, 196576927, 191819408, 20015311, 21506437, 14681605, 18713254, 10228272, 130649891, 436266454, 205428916, 23928194, 153222491, 195893284, 25152935, 66055806]
"statuses_count": 15
"date_followed": "2020-02-14"
"obtained_tweets": 15