"screen_name": "c_bear84"
"id": 263977688
"created_at": "2011-03-10 22:02:12"
"lang": "null"
"location": ""
"time_zone": "null"
"url": "null"
"favourites_count": 676
"followers_count": 82
"followerIDs": [1059899719848083456, 1123908099092492288, 1181284827670011904, 214096375, 1173361500293148675, 1153376795430924289, 1162501483537059840, 361658854, 2300560513, 964951841489457153, 894684530442772480, 795641366449704960, 944869822940135425, 23995342, 942093852302807040, 947160552131919872, 3111158137, 924475406291419136, 919024888496529408, 959539339, 2784195806, 3279846248, 753399859345063937, 774836192, 165281569, 2266645740, 2185035247, 2555854603, 729002334, 4578260713, 4134863477, 3537140009, 42951143, 1618276974, 3657402552, 3417739155, 3383706783, 2932557604, 1375420604, 2957931356, 2993708520, 26606267, 545215740, 2914374681, 20246228, 70990529, 612900265, 2882600114, 1713405816, 2864039607, 1223696162, 2493222728, 41367184, 2249080479, 2849537444, 915786732, 519685965, 44001356, 1884271723, 2484489751, 2453365706, 76410206, 1093646912, 1429077685, 300526875, 114817935, 1355953682, 63155443, 2385011533, 2347877089, 1526569938, 1449195001, 73515885, 1350634994, 1392840367, 1955356543, 858760772, 130903929, 56390691, 438473225, 111632038, 273637898 ]
"friends_count": 753
"friendIDs": [32991565, 3610329262, 288860414, 66370447, 838803339144007685, 1357488612, 275249591, 16912783, 50722549, 25740994, 626696755, 20240050, 17659340, 52181976, 14920301, 114778840, 1014917400192417792, 78524012, 18194219, 1437118782, 592165197, 1695424417, 377737381, 278140922, 140807457, 244133067, 526941484, 108701392, 3324074394, 2957283221, 4875402874, 962344859842461696, 153833998, 114590871, 180461338, 48034196, 202277204, 948923077597032449, 351863340, 846033270, 194589240, 78691856, 839279052787703809, 3251399463, 714510234744524800, 882336575769772032, 518741265, 14199378, 21364753, 98941042, 20456251, 204897993, 1963785379, 214096375, 307917027, 213317088, 38169558, 132340609, 296964301, 91950945, 193913984, 206686163, 2422628726, 16147793, 2527976366, 20705323, 486808376, 190681225, 2450408444, 208920761, 111390493, 26583236, 278383729, 16356322, 1173361500293148675, 3654564027, 730945941788729344, 92606370, 372994837, 1327235209, 875091405525458944, 3105214361, 224227148, 57083046, 1128089366994280448, 376438213, 95499075, 234063612, 34296518, 198489456, 385988553, 18999907, 26999412, 42935811, 794679054, 960252270179909632, 107123201, 529724299, 26997023, 27001065, 26214482, 92878564, 274053276, 581972302, 2466899838, 1129399476748263424, 430759672, 11757522, 361658854, 23817447, 917117287, 75031406, 30969644, 124202983, 722837149205147649, 327008952, 108726804, 1020480900, 516639438, 2180301955, 20475438, 72218829, 467599675, 430938268, 2300560513, 17692952, 1296984162, 373179492, 1655373420, 260425035, 2353861278, 4150310594, 374134142, 24136894, 915879847, 983422608388407296, 1047943747974000640, 1523681, 785148522, 2494249896, 1051280580661403648, 1004401295501885440, 114877072, 108402286, 330378036, 19003406, 2330468323, 960934826185408512, 1928214643, 69682808, 42058500, 522495646, 30849103, 3196649664, 935733093935321090, 46116615, 891274286501113857, 781565048405757952, 47161885, 1040284092, 132193623, 7280572, 932302065740558336, 323872736, 104905769, 65688291, 199409066, 3898598357, 17172820, 2424052826, 1638775644, 329846867, 3298599576, 745357855, 216046930, 116300569, 57056465, 912765139450986498, 210874708, 294920274, 88949499, 1029414099912994817, 101871173, 33756306, 88801733, 810530093508554756, 720444196159635456, 61217968, 989284118146859008, 175238437, 19308428, 1851833640, 506207390, 1055290086, 155310699, 2598287378, 2828610230, 3020251636, 697431173551812609, 1858327681, 17994784, 1209612504, 2991463432, 71035491, 282068980, 22924867, 781131606220210176, 879477271735574529, 23991143, 860134679071961091, 730159596359155712, 194192626, 175031768, 248503296, 823718261145698307, 2910241293, 469663804, 95664783, 19663629, 17789443, 816854207219253249, 894684530442772480, 226621021, 2826378399, 16606280, 866799549616205824, 348582270, 27158712, 330897081, 206278226, 867900693855830017, 326811204, 275181500, 84933132, 72834489, 822092221327540225, 65310070, 19632023, 89590410, 16949041, 959539339, 284720639, 167014872, 23962997, 710142716118695936, 52080266, 22535921, 27769478, 365697316, 88803528, 38660877, 195586279, 17517817, 19725644, 432587016, 779359636587618305, 18314048, 2400348871, 336116660, 2802812931, 608291548, 2805827940, 2792620762, 755135481357209600, 2911154132, 526215645, 27743648, 1480241148, 3306870081, 1137715808, 59553554, 22038998, 271260154, 132553940, 88287364, 116526760, 14870662, 1620387482, 32495452, 17465040, 45682248, 17513791, 20332142, 15747570, 80887688, 1325898806, 540090163, 2955346564, 16589570, 249928904, 78019963, 2970504472, 24201942, 4879434604, 184933239, 21238524, 310308351, 176963020, 248475557, 109625237, 444086149, 85812258, 75590234, 1590988440, 257905617, 614558389, 129859371, 4063991113, 1177196684, 174462057, 3072617660, 355485671, 112177253, 395364932, 2374003345, 363927968, 829455038, 2878580172, 34346559, 13947902, 750895632, 54616296, 3417739155, 411105797, 2776087997, 35987350, 105698009, 16685316, 283326630, 4532891, 3610174635, 102706790, 300482066, 280598981, 21803008, 407498479, 22217610, 1618276974, 164022938, 67394679, 122440185, 325277190, 23974167, 144563429, 6625392, 913173607, 630191758, 2231645426, 303806325, 1615914745, 58990464, 1596087493, 21842382, 105571819, 175619991, 2612310985, 34886346, 779628246, 3329740151, 31272337, 294345175, 73412535, 2997556507, 15553222, 17995782, 208042070, 478118591, 19726058, 863448655, 19038142, 42104010, 2439081054, 414536045, 156411211, 17051454, 53575510, 354011915, 438493591, 163588225, 14159148, 596893898, 42749557, 2701875541, 26606267, 23321855, 36309207, 25403689, 111689551, 295712333, 545215740, 2766668604, 701586332, 19415289, 393395762, 182254963, 39509217, 194140850, 13201312, 9890492, 244782307, 193451483, 239847773, 33787936, 416769484, 28124078, 1410302630, 15225275, 612900265, 16530661, 90929077, 24870330, 2542100354, 1435761841, 2232024542, 59949396, 106982827, 569714177, 851737154, 73297904, 28874791, 47285504, 2439032786, 5543642, 851553948, 14909412, 67011718, 135549198, 257144640, 1286886931, 2293627860, 1567504513, 1154751025, 18827419, 1949384245, 122465515, 357908674, 124643092, 122789974, 15947602, 103550181, 266221483, 15523283, 42951143, 2831802077, 109379629, 19678937, 134555743, 2252642910, 14902618, 17791965, 15969507, 182422417, 137775383, 18069111, 912841806, 35773873, 1511547728, 83901762, 277040982, 57134042, 15010370, 837741702, 426266276, 39801127, 54289147, 314770633, 27074856, 33323849, 2250582174, 2593933567, 90921597, 114090934, 495135496, 443923625, 2825379163, 462223964, 2685426512, 45928061, 607258174, 139583855, 229519333, 22562961, 84359742, 24204481, 37751556, 156478717, 85438385, 82260735, 70990529, 44001356, 2557392890, 25797905, 69874560, 15112070, 569341037, 2519179766, 2351783642, 892221846, 187613519, 1957410968, 475265360, 17156000, 556297194, 64393681, 16738488, 1018026174, 14419089, 128726359, 456862468, 7387372, 2387030700, 17713064, 15986414, 594210567, 600307742, 29778695, 130032568, 1616362292, 858760772, 18780392, 20729766, 802490035, 2264785178, 23150168, 37101018, 109586041, 278671733, 321380253, 21788220, 43335778, 1884271723, 142288434, 16455755, 501293202, 409623516, 30941262, 595635305, 394080176, 56827584, 64574086, 287511377, 48421331, 313406152, 107457417, 197763212, 100300056, 1713405816, 19636948, 24700876, 22835758, 952244372, 15870058, 23775585, 712612807, 334133149, 2342844458, 361335082, 309779222, 604950200, 18819527, 33656683, 1116627865, 15994109, 2320988605, 2394900498, 19404587, 101894425, 2400464334, 196773762, 76989064, 71054592, 1355953682, 402887759, 915786732, 16046640, 94435143, 77234740, 21660529, 18776647, 38807340, 334197128, 1586183960, 215002493, 19659503, 69099198, 28595747, 29785300, 774177115, 226649399, 20015311, 13833942, 53297035, 472207757, 22042407, 2164886240, 993816638, 63155443, 47347660, 14924114, 25347314, 436289341, 68937753, 486969499, 17137976, 20246228, 39601084, 252295206, 18676526, 292109088, 53144417, 13251272, 16420740, 215025478, 24692082, 15613133, 111044196, 1068712309, 372970498, 76410206, 88476622, 1449195001, 23762005, 315945252, 106618405, 787567513, 260433129, 400135872, 16632923, 27571610, 1288852038, 12880012, 73406718, 23995342, 37092434, 403414679, 20785116, 348769285, 62215356, 44917585, 158396623, 18479513, 16407418, 31207569, 22652957, 19025957, 80389279, 1860898784, 18199751, 1851566282, 132424747, 26222379, 848033700, 27317015, 385588406, 28609947, 1595983344, 33963369, 82643620, 92618698, 14515640, 85371279, 336032447, 103982695, 100766356, 84396121, 260373919, 106764273, 489199407, 270385947, 625880218, 21137035, 22162030, 284827111, 133017545, 61898653, 53184267, 1446450752, 22135023, 1666451468, 47618120, 62546958, 28299262, 50427231, 1223101, 19711734, 632146446, 44067941, 519685965, 16334571, 284081390, 18755762, 58819931, 17163265, 178601420, 47481061, 25168967, 28179079, 17654421, 77224031, 1363196774, 273117240, 1393685718, 156117060, 1297751, 1343400672, 29221350, 55594930, 761905471, 33920830, 748611338, 141296076, 40127770, 37510619, 456108507, 76098760, 16351521, 107482766, 866778186, 576426662, 81882285, 557822279, 33899717, 523778032, 373550639, 38679703, 17882897, 18029498, 245353677, 18177126, 1074647101, 17092597, 41468683, 73515885, 1256139938, 300398659, 142395529, 325014668, 85641981, 176400389, 17929328, 25565762, 62361163, 14158682, 224793541, 22930902, 56390691, 486780087, 16461936, 111632038, 273637898, 29504268, 29498652, 18056780]
"statuses_count": 2026
"date_followed": "2020-02-14"
