"screen_name": "Colin_McCusker"
"id": 552707832
"created_at": "2012-04-13 07:37:16"
"lang": "null"
"location": "Belfast, Northern Ireland"
"time_zone": "null"
"url": "http://t.co/Y6Joom06ux"
"favourites_count": 115
"followers_count": 79
"followerIDs": [27247536, 166989383, 1067076178371059712, 1193181684725899264, 1088040174855041025, 1047927815969169409, 3292736531, 45441156, 1050474602173001729, 2479567694, 358250845, 65872952, 945950457289166848, 1665395155, 1776267252, 1431398336, 1039585806405591041, 3233814042, 916274453256069121, 201326909, 164678025, 23420093, 904004638172688384, 22078934, 2597110596, 150976540, 318750717, 802110805672161280, 48761728, 152244737, 19179605, 755716414850359296, 3151764333, 561228263, 386669839, 108420876, 1655977627, 2445548436, 725052157284749312, 78104215, 191124970, 4536692474, 2229290523, 472834122, 14152691, 246526693, 29062912, 3546907461, 113496280, 38025168, 39737288, 421370421, 59748543, 2389282238, 1096148731, 14919865, 390408133, 64357642, 324953467, 6040762, 316808549, 42998959, 545149979, 132695640, 33353007, 64363616, 5670182, 409175952, 53730709, 535788929, 91893239, 243183052, 249579304, 89670255, 66949689, 41007141, 202162172, 198130166, 34903341 ]
"friends_count": 277
"friendIDs": [626696755, 1524240914, 1059501296502407169, 3031199108, 1055782072370057216, 4886880115, 739391377, 65872952, 34743251, 44196397, 166989383, 2900662775, 1114036494, 561228263, 1710772818, 958606478, 1058370684932575235, 186881606, 186015995, 1713006764, 611973643, 287866074, 1067076178371059712, 208741388, 15879709, 21095318, 22078934, 2597110596, 123577980, 432507102, 179414795, 2303406624, 1143472657, 556260847, 78502161, 84109232, 46873734, 65617825, 78929265, 38651936, 551918971, 150976540, 802110805672161280, 2361694326, 19179605, 152244737, 386669839, 582853491, 3293906104, 171434520, 14337403, 27886482, 18318304, 327057058, 171436661, 23575595, 14493067, 532303373, 3414924760, 78011391, 467406654, 20464600, 83731215, 4854457427, 45561740, 368276033, 14314315, 31957731, 17080045, 108420876, 2925765473, 420456714, 1942349516, 17446621, 54582370, 725052157284749312, 476004431, 1655977627, 326766936, 2445548436, 1444115491, 2498665440, 91097150, 191124970, 164242095, 14243478, 4536692474, 29062912, 29490835, 36380242, 89139647, 19907251, 14881982, 30184735, 275629538, 281262982, 59159541, 349005421, 19647878, 25341996, 817562876, 113496280, 14152691, 15891322, 76608266, 299769503, 246526693, 81861899, 92235410, 39737288, 14466815, 46944488, 583106201, 237404057, 311497340, 52680086, 29758446, 14922225, 14534607, 15222083, 15578992, 3299971, 186528548, 358250845, 23420093, 421370421, 102949152, 43119166, 13992132, 385409454, 201326909, 199194514, 349001250, 2341971678, 3233814042, 21756710, 214413743, 59748543, 19767792, 139675284, 29543620, 119640284, 249756365, 170832463, 109473150, 270516844, 31581532, 1875499249, 58362124, 34613, 13631422, 3003979720, 111010542, 106500608, 75077867, 234570460, 2833644387, 2419572680, 1712240101, 2383945962, 15635604, 21904217, 3646911, 14497313, 15291335, 17229809, 61778908, 40844768, 36732619, 158716028, 64357642, 19345898, 108719035, 19096593, 159007044, 255470257, 124423201, 229235114, 54042721, 84379342, 838445766, 302852011, 29991899, 224634229, 130351080, 376368092, 72883451, 28590292, 23546560, 14060295, 15902682, 624733108, 123904457, 1451312228, 409538659, 27792817, 33475281, 473084384, 19231962, 426602641, 390408133, 198904314, 2229290523, 234331325, 1096148731, 2153433932, 213969309, 116757352, 115044590, 527526077, 23440052, 24871896, 167321831, 16143542, 21200516, 21710527, 229454266, 22622572, 90320997, 105106802, 82322622, 166905249, 91083585, 281635993, 226087776, 239172505, 382560919, 32351243, 6040762, 53730709, 535788929, 222782109, 281964903, 525208028, 108247668, 69008563, 507672047, 316808549, 26235265, 90636188, 28297965, 164678025, 197203619, 38025168, 1119760380, 500125656, 44917864, 15089404, 64363616, 204259414, 59917008, 58444150, 108644285, 89670255, 249579304, 543397521, 332797910, 40837929, 198130166, 1172841, 34903341, 39872217, 202162172, 243183052, 197016080, 64692506, 14919865, 405012270, 78104215, 23439303, 5670182, 41007141, 409175952, 12998732, 89168924, 66949689, 84281983]
"statuses_count": 72
"date_followed": "2020-02-14"
"obtained_tweets": 71