"screen_name": "exovoyager"
"id": 971835941773103104
"created_at": "2018-03-08 14:51:59"
"lang": "null"
"location": "around"
"time_zone": "null"
"url": "null"
"favourites_count": 4613
"followers_count": 251
"followerIDs": [923731345607680001, 47362802, 751769120765452288, 915918451448967170, 19455635, 897891484418101253, 1086789560955228160, 962792887770669058, 407950698, 882642525344997376, 1102263565145333761, 1102255815291998208, 854648809367982081, 794839445002276864, 284982005, 2912990464, 633075839, 1132268719860867072, 1137231992402141184, 4034184622, 834464822729256961, 2987359185, 968425344364679168, 101378292, 2899556785, 189033411, 1048867685919072256, 952225299722366986, 528514106, 4896924227, 385360666, 1095062521768099840, 476535030, 840798947522314240, 1275525446, 1021572175122391041, 333145086, 978907789559869440, 920687176546947072, 747686587379621888, 1115323986521612289, 3082087359, 1103777171926142977, 2740728222, 370259824, 926857683822678017, 1110643508703055884, 54473995, 1093121136076996608, 894893317829279744, 800001704511098881, 728376722513485824, 125447508, 1425652621, 814046476481478656, 3836199688, 735115007399170050, 37923353, 1031522429150089216, 131262336, 750988553086197760, 42034114, 3937955663, 34475936, 564138146, 856629571088666624, 1423997096, 858746053, 1086520803003428865, 871164209140080640, 1104070003387707392, 1119616636728696832, 1115457906067951621, 862094567176151040, 1020031985002196993, 779323912807002112, 255049263, 988919840281899008, 758136410, 132249413, 119408571, 708794945469976576, 1114180767536635905, 50610938, 2304035557, 1880915263, 343420501, 927631274054840321, 1109931490698158081, 2800443967, 955571309911597056, 1617082586, 97223779, 1068429112656556037, 560234219, 3378128464, 3081991937, 1057241615268380673, 1092325365031129088, 965018518516215809, 121543727, 14134204, 968852998188388352, 862073195100340225, 1366091756, 767935547968892928, 2385356887, 998526530270576640, 998506421049229313, 3346518627, 48041163, 920188196188770305, 997433714274529280, 51179261, 1064875545328967681, 2196009749, 1080514685760430080, 2587391855, 920704972920147968, 121841156, 14295486, 1082308703670415365, 4856933705, 274600896, 1079552885703229440, 552668965, 107465713, 1250334620, 1069810100779413504, 924514491106148352, 1051128098802941952, 957159793168445442, 727374623013261313, 962178332065398786, 47441286, 470170420, 175743717, 2770255129, 595944337, 877375433079046144, 1592931422, 622159933, 627404065, 3390917998, 29230762, 2297381593, 303605516, 1013492472062803969, 1271297641, 771954683099381760, 915146296532586498, 816157484960378880, 446612917, 991699008811921408, 143377881, 3249653286, 916920994501033984, 844910385459290112, 33306938, 65188741, 717710220919705600, 970698288830627840, 18994856, 1029353235826409472, 923633367106678784, 81305054, 905530314, 4843335898, 4407007168, 894057794, 1489703012, 14993272, 1009252747336564738, 790741855927345152, 862283986067914752, 9180992, 776466715471470592, 996402706226012160, 180542972, 774441475409121281, 486970980, 856952755046449152, 868167508620185602, 1039270036291051520, 2353434331, 3078942992, 1025352156491276288, 15110473, 1278603908, 139565254, 2307675307, 327165433, 997047762742005760, 1000764150577065984, 926809362991140864, 1007551341533724672, 1015518425828020225, 1017738071138283520, 3068484222, 86292908, 32878258, 354114136, 881966396590014464, 826408118598799363, 2850113284, 853280452601421825, 1008332615403933696, 1010863814240358400, 4246053374, 1002243103858847744, 995354297142411266, 995296211090395137, 882782535943454720, 1010174789649076225, 1007322561271787526, 995286779358924800, 995277880601923584, 1010848581777911809, 995303146002857984, 1010794477647118344, 995331934430494721, 988754995511087104, 1005542795610750976, 1009090054432493570, 754667491192897536, 988912578976976897, 897179388973895685, 1008357009186582530, 978346671091404800, 951485483502260226, 1010765721364783104, 870515616691527680, 3229089299, 311739914, 3384090747, 949347382373662720, 3266526451, 985865908970139650, 555031989, 841437061, 17948275, 2228091020, 3244875551, 2904865133, 2630374535, 61798186, 971849634661445632, 966743546622545920, 31028062, 17850785, 960856851767349254 ]
"friends_count": 403
"friendIDs": [1097787976837459969, 55291323, 234078890, 191482030, 951757972279037952, 3082028681, 626696755, 976019008901341189, 892826509622353920, 1164891405346660352, 137857547, 334735103, 923731345607680001, 898821075248832514, 143800996, 904724121199812608, 22972898, 3387098549, 2777535993, 57288354, 915918451448967170, 33997640, 952998616418996224, 897891484418101253, 819914948361023489, 50270149, 1086789560955228160, 2907774137, 962792887770669058, 2393904000, 407950698, 2402278462, 882642525344997376, 2874466880, 913203265466257408, 1102263565145333761, 1102255815291998208, 1018193373528805377, 1915560350, 338968305, 1005435280948715525, 785115397410295808, 854648809367982081, 794839445002276864, 1149048622538825729, 2734953286, 284982005, 984720713381744640, 2954839276, 704664219409629184, 175743717, 17982812, 1137231992402141184, 389035182, 104989762, 2280116400, 14710129, 15808647, 816653, 606337160, 834464822729256961, 4034184622, 42847089, 101378292, 968425344364679168, 2899556785, 189033411, 275686563, 2890961, 14885549, 1344951, 960258463682228225, 1048867685919072256, 952225299722366986, 15987295, 1971509372, 4896924227, 385360666, 1095062521768099840, 840798947522314240, 1275525446, 1021572175122391041, 24129206, 978907789559869440, 920687176546947072, 747686587379621888, 4835336397, 1103777171926142977, 3082087359, 1115323986521612289, 2740728222, 370259824, 926857683822678017, 2989847441, 1093121136076996608, 867096747880861696, 70740986, 332336189, 3114313702, 1032788614390767618, 800001704511098881, 728376722513485824, 1590295488, 1425652621, 125447508, 16312576, 4384914230, 3131067267, 735115007399170050, 3836199688, 814046476481478656, 37923353, 820964548073103360, 3435192275, 42034114, 476535030, 3937955663, 39956863, 3898598357, 34475936, 3093205918, 34743251, 856629571088666624, 858746053, 1086520803003428865, 871164209140080640, 1034053156257312768, 19802879, 1104070003387707392, 1119616636728696832, 353701419, 930673737824907265, 1423997096, 972651, 158865339, 483673452, 1002243103858847744, 978346671091404800, 1115457906067951621, 2790458618, 862094567176151040, 779323912807002112, 255049263, 988919840281899008, 960145596504948736, 132249413, 119408571, 1020031985002196993, 708794945469976576, 1114180767536635905, 50610938, 1087632040294400000, 11348722, 2304035557, 269266434, 357556946, 217269599, 1880915263, 343420501, 927631274054840321, 2800443967, 12151932, 15862891, 998526530270576640, 851459340590608384, 773280684173463552, 97223779, 3094649957, 560234219, 4896023595, 40125351, 3081991937, 3386325321, 750988553086197760, 1057241615268380673, 166568144, 1015579117910151168, 14134204, 968852998188388352, 234909760, 3307446309, 862073195100340225, 803979414354665472, 1015547345767882753, 3034892963, 808665752349741056, 1366091756, 767935547968892928, 726131930610159616, 133929572, 2385356887, 998506421049229313, 3346518627, 920188196188770305, 1064875545328967681, 51179261, 3991942572, 997433714274529280, 2196009749, 955571309911597056, 1080514685760430080, 2587391855, 999299859575463936, 920704972920147968, 121841156, 2940470657, 34554134, 758136410, 14295486, 589003950, 1082308703670415365, 921735019693051904, 622159933, 4409551881, 4856933705, 274600896, 19722699, 588182032, 1079552885703229440, 17632297, 795717775989833729, 1250334620, 957069316284960769, 924514491106148352, 107465713, 957159793168445442, 727374623013261313, 962178332065398786, 47441286, 470170420, 2770255129, 595944337, 36722950, 1060302532096987136, 785097525862797312, 1051128098802941952, 2504621990, 27726303, 44196397, 627404065, 3390917998, 135922295, 29230762, 21291188, 597569799, 466556145, 1586392657, 964208941977792512, 3697013177, 997390236840812544, 20177097, 2297381593, 808051518242979841, 833751523477843968, 303605516, 3356531254, 31098756, 5120691, 1617082586, 1013492472062803969, 1271297641, 4376626633, 2359209182, 915146296532586498, 771954683099381760, 816157484960378880, 598537049, 446612917, 991699008811921408, 143377881, 3194868788, 14813320, 1031522429150089216, 1451773004, 2306083502, 11348282, 3346529644, 87335528, 874536588474073088, 14850840, 2814095813, 916920994501033984, 3249653286, 3245511576, 844910385459290112, 65188741, 717710220919705600, 970698288830627840, 2577216140, 18994856, 701725963, 13992132, 3861433641, 923633367106678784, 81305054, 905530314, 15057943, 2325996432, 1537173228, 4843335898, 762717306174709760, 1059503841090174986, 3378128464, 4407007168, 875886366, 21560340, 15317676, 42610282, 252251225, 23818581, 1440641, 51241574, 47139246, 894057794, 1489703012, 14993272, 790741855927345152, 113695947, 2969611414, 200646949, 1029659846067539968, 9180992, 776466715471470592, 14424398, 486970980, 790245694036639744, 1035122024320983040, 856926282550038528, 856952755046449152, 868167508620185602, 2353434331, 1030405032544489473, 153868551, 2412051054, 3078942992, 1025352156491276288, 763016943951548416, 15110473, 862283986067914752, 130177606, 1278603908, 2987359185, 951062029, 139565254, 877639795832496128, 82821441, 11214332, 327165433, 997047762742005760, 14846672, 2910571290, 974356729856053248, 1007551341533724672, 86292908, 32878258, 354114136, 881966396590014464, 311872257, 496533562, 112956574, 826408118598799363, 311739914, 3229089299, 949347382373662720, 19003671, 55615408, 22633452, 3266526451, 1664037517, 985865908970139650, 3355129101, 14763734, 555031989, 1510204819, 841437061, 2444931, 17948275, 2228091020, 28852952, 3197081633, 914961082401411072, 9325912, 963050354073010177, 330860720, 2904865133, 1112553272, 192700558, 192693307, 2630374535, 61798186, 1870188672, 536796489, 5402612, 807095, 1524240914, 960856851767349254, 31028062, 17850785, 2735591, 16896485, 91478624, 19407053, 48794931]
"statuses_count": 146
"date_followed": "2020-02-14"
"obtained_tweets": 120