"screen_name": "iamfaroe_"
"id": 1216449681670230020
"created_at": "2020-01-12 14:59:58"
"lang": "null"
"location": "Toronto, Ontario"
"time_zone": "null"
"url": "null"
"favourites_count": 16
"followers_count": 16
"followerIDs": [2887701700, 968702569, 616637523, 2352794966, 1196511729389359104, 126819536, 999002203, 2179996918, 856276376, 176822090, 3315078521, 459513200, 2883414089, 829057432575946755, 1216444818190143489, 184890869 ]
"friends_count": 34
"friendIDs": [2887701700, 968702569, 872156517704847360, 361871810, 17580402, 365771752, 154221292, 1336103401, 1410768067, 3333265623, 3380791917, 1196511729389359104, 999002203, 616637523, 1888428992, 126819536, 2352794966, 2179996918, 266966994, 856276376, 176822090, 459513200, 3315078521, 2883414089, 829057432575946755, 1216444818190143489, 184890869, 626696755, 10671602, 309366491, 5402612, 107500136, 43192807, 1399071]
"statuses_count": 14
"date_followed": "2020-02-14"
"obtained_tweets": 14