"screen_name": "JacobSeated"
"id": 956550770903736321
"created_at": "2018-01-25 10:34:10"
"lang": "null"
"location": ""
"time_zone": "null"
"url": "https://t.co/tdJoy4gN77"
"favourites_count": 468
"followers_count": 286
"followerIDs": [1228534637644800005, 1201467006119116800, 1057553300495761409, 1120344628388139008, 1228580219679723521, 1206786392166027264, 1227525685280833536, 1059283536174186496, 1613101026, 1209378945562361856, 977867340812554240, 1151859373859364864, 1026884538142580737, 1027975570662019073, 710042211371622400, 1097035956157263873, 1227952649854537730, 1054663123855130629, 1068997472570068992, 1219621055419031559, 1039827940660457472, 1201875884568805376, 1223261406964793344, 1125310020571340800, 1201203100209569792, 1190226513343516672, 1059034344, 1029358926188425217, 885402306581209088, 1147964547266961408, 44660365, 2890713384, 886527804497637376, 1111069172027396096, 826160371, 52309185, 1917908394, 1185476230822297600, 1228528137753047040, 126875679, 708806629, 1143675453892386817, 1215933331117756417, 1148776763176042496, 1228527043970772992, 1190774742212653057, 2250809028, 90325998, 1204560798464516101, 2435068957, 1046153481466400769, 1218644372473950208, 80957643, 984829549908254725, 4018554645, 4111076109, 1216122381233786880, 1181346910768160770, 1216776330374799360, 1172577547156164613, 1181122250977763328, 1223647933003747330, 1151467801095352320, 106049310, 1396099964, 1091054862085865472, 1228330782936174593, 506703223, 1016841814907629568, 1101173235809308672, 1044784371713134594, 369600509, 981551627986354176, 1227945973906919429, 732554385318764544, 1223451487633674240, 2753766812, 510386470, 30607214, 3317738875, 860564024966004736, 894595680320270336, 1204851035816300544, 394956790, 1170184974882021376, 1009460987844595712, 1215088248382480386, 1028607315610464256, 1111765842117586944, 779654174162219009, 1222797615710003201, 783640577120276480, 1193564661343510528, 1043465099833421824, 875299265463152640, 715005139, 1204110154775646211, 1214806670208987137, 1122113210524606464, 972984689282764809, 241099734, 1136705289762140160, 1224686674774376448, 997279431113805824, 30719644, 931166710400503808, 19397959, 1145664256140034050, 994465543, 1208090079215935489, 1013674541850087427, 4158788229, 1057393490118762496, 1225413149962199041, 1225627745301884928, 350608778, 2565005418, 97517449, 1188516369467428869, 996675899339689984, 1225477811005198337, 1227661206418264070, 955710662252072960, 1096962569057689600, 1223511777960325121, 1224372436789092353, 1180437526147981317, 1184333809854099456, 881862162427387904, 3042058079, 513049774, 306749177, 3295026086, 180596011, 2458187605, 232567621, 2260630625, 765327038, 881514225889366017, 1197702508057157633, 2460986383, 2817632024, 562047019, 749626016251785217, 1161172970678579200, 1173711969578340352, 503548941, 1011835974609879040, 377698030, 525641742, 1283052133, 852030616291770372, 763248112227921920, 113707533, 879927814253936640, 245294021, 780664665198047232, 724582559728959488, 702688991208972291, 746106062470791168, 955655085459103745, 1332770516, 3083635568, 1131986045644484611, 1119261159738232833, 1094208360373764101, 2168915420, 19713521, 770816466, 970697418730823680, 1017297713338245120, 1044543312735145984, 1031813570235981824, 768857205626040320, 4613437997, 489899893, 1031589999500648448, 904174201568993281, 2594644327, 1023859931676659713, 743840628941914112, 517014401, 147518360, 937810307132592128, 999929682232561665, 2964773223, 992745497231265793, 238805938, 4237700952, 972908055674400769, 55946105, 963947596606668801, 1463508258, 2829736061, 944069556259229696, 2326932668, 917780259386331136, 2426736625, 968533071246123008, 955988339651260416, 3140813290, 957979801716973568, 318898025, 936600892840833025, 376886350, 855008603903729664, 973430967820959745, 4682003654, 38697239, 971849634661445632, 973439044200759296, 965971301394460673, 82507924, 790379395219353600, 921762685926207489, 951013060990423040, 3814172052, 131424069, 2480070403, 973890147841380354, 3177506701, 977675437227855872, 3483739702, 974782436579201027, 971395631100162048, 976969047148515330, 976776926965596161, 967353204710162432, 970316948977344513, 951954452277112832, 974101446122668032, 955296315587506176, 951116815291138054, 954769790656286722, 286006723, 923842654013505537, 961960289301422082, 958248946320793600, 977009987900887043, 976916302458707968, 976104012947775489, 970252522513489920, 17487771, 295535276, 295539898, 898782345485996032, 581564956, 956464500013608960, 800679246653886466, 739392163973365760, 575040700, 888578131468050433, 849351188390842370, 955073201373089792, 945206508240982016, 8768362, 545515172, 946393862179782656, 975248350017540096, 972004351546875904, 953050030360834048, 153763731, 627729075, 899520747705483265, 953160111052083207, 926399966548934656, 969262051364409350, 114817405, 936234602343157761, 961202060195610624, 821735700827541504, 936052858377576448, 273957462, 966534439642771456, 15774855, 2563966032, 3790200792, 973255098368446469, 955388457563631617, 911969954785787906, 972928002752499712, 2218199904, 832255604815228928, 739267008991232000, 955530700295426049, 4915000144 ]
"friends_count": 588
"friendIDs": [1227945973906919429, 1227623020031660032, 746021967455752193, 1228500425327947776, 1127241964586459136, 30607214, 1125527223501455361, 1227705420950704140, 2567582072, 1093998666619150336, 317207524, 996606034054733824, 16869162, 1181006909970644993, 1221560861325713415, 1140222895148478464, 700721373132361728, 393742767, 1175943833852481542, 1153333318697594881, 823841117099687936, 757758442178088961, 849110066, 751085779615641600, 1220853208521891840, 848047270431932416, 1228443804384071681, 1417329463, 451199423, 1193833639093530630, 1006379255478083584, 935699625528270848, 1166055838131187712, 16659607, 1104541146422890496, 3098080735, 3015785948, 1367675388, 1341911748, 1214392438158221317, 415029935, 235555275, 728665810269442049, 1088892007190269952, 1089890627922341889, 183759964, 708806629, 809539419682304001, 1141234616277164032, 29130013, 974759214496219138, 2732447495, 1342195603, 963932124515577856, 1128563830471008257, 742895253091291136, 2698086523, 1212329945415835648, 1016841814907629568, 1056913427531206656, 115218307, 1220728824112893952, 229385120, 1162436524530491392, 847264469918941184, 305099591, 903570015428993024, 914191167306076160, 22410301, 1144597602387877890, 65387338, 608384578, 1205270392547553287, 1176921303900655616, 1047157265659252736, 186222543, 3327677555, 1186160838362615808, 1092577810927935488, 394442439, 1570355185, 1160421253150314496, 1040949995602681858, 1218314081016467461, 918858564612927488, 991850183259574273, 1227091047903383553, 924855693525401605, 1164527156657045505, 113965222, 1213493715097935874, 943613737604395008, 1206091546745020417, 1214170350197428225, 1228399812359393281, 1204560798464516101, 1059034344, 2215499786, 1227377277291417600, 969659552827346944, 767531882670018560, 2819308689, 2250809028, 3642437772, 2277070086, 52837698, 48815374, 1010384732759252997, 1151178564349374464, 48099385, 868680657286946817, 307270600, 818086261994954752, 1029004962712506368, 1139468850574090241, 1043033912, 915691328134107136, 2389684826, 48743705, 1149004704237654018, 1178362952698732544, 1158421645687742466, 113664431, 1209366324918407169, 52965098, 1156926771025068034, 1011222126903296000, 1123745281240182800, 1212383206411882496, 3865423213, 958816283230855168, 335505730, 24481831, 608443455, 1060982187351252992, 1092267376442306560, 1165664300184166401, 2725934338, 18235949, 304145776, 49022897, 869634089929891842, 1094503719494856704, 773960017481531392, 4334284049, 31265763, 2888204134, 1129092417754263552, 265944192, 1215462204406890497, 951299460956536832, 99994358, 15741348, 370258371, 1093282962186092544, 72664216, 78718885, 3478304413, 153517842, 18305155, 3262131963, 744132006, 312883584, 1053090676697554944, 139734507, 10286522, 223853107, 176685793, 60278308, 826048234208501760, 1205425688595107840, 21729511, 1216765786859151360, 1208964180189024256, 1172819653875445761, 1613101026, 1396099964, 1222784075787685889, 1228284693839151104, 997279431113805824, 1113851486977630208, 1151467801095352320, 1222818273730842624, 893510454554664961, 1142017194940747776, 1170726126890565632, 1228367939922841600, 1223647933003747330, 1126853774155366401, 975331979439652864, 510386470, 1026063087357505536, 1188474014773272576, 60084824, 1170184974882021376, 1043437571299258368, 842487821726310401, 1223662589462417415, 1228330782936174593, 1091054862085865472, 973596758306562048, 1187149028057894913, 1220692563486789633, 99802007, 3305662625, 1125310020571340800, 3091480699, 266175811, 1109307937380581377, 53643612, 2390302003, 1142776659403313153, 1140328172430356481, 798139486542696448, 870659603222212609, 95092020, 53753667, 2889279242, 808269, 569332843, 27426298, 187661248, 3835258930, 527541444, 1095524300512215041, 1185880770235305985, 1165764644, 211772097, 1029555159779762176, 994592669065084928, 161281961, 1193283327194730497, 1153401811245494274, 15574446, 191883655, 116800902, 821347480575102976, 282995331, 843996086, 137731839, 21625207, 3927231141, 398740289, 844596880474435584, 442503611, 1087811880947716096, 974205196816584704, 2566679160, 19397959, 1177418616767049729, 1186012018278428673, 1161726858649620481, 66555573, 3620915415, 102739097, 11762572, 984955582280097792, 877132213065744386, 3203335250, 1162330154573713409, 2626088001, 731526075298222080, 829183778048335872, 160567277, 744937682179063809, 104418660, 771793805553041408, 1038047110174855169, 46279562, 15992280, 1594169257, 276430405, 16125983, 1189228511904587779, 1190315402, 421580393, 104774690, 709761682575388673, 1046562610924179456, 1542454688, 11348282, 2435068957, 1145664256140034050, 438649312, 1216776330374799360, 1206786392166027264, 1214806670208987137, 948970467565633541, 1109197115081846784, 1225627745301884928, 1220242727876595712, 1226079914039873536, 1210526667556429824, 4530437063, 1125788476056588288, 3310232457, 1013674541850087427, 3318936307, 2890840787, 1217350691682967552, 1215088248382480386, 1943829925, 1227661206418264070, 2565005418, 3404790739, 1097210815130804224, 1206502369824890880, 394956790, 4267279995, 1205365874116292608, 166287523, 1188516369467428869, 434108205, 1184333809854099456, 1096962569057689600, 1228053085429391367, 1213364039927001089, 14088589, 1214095222059069442, 860564024966004736, 14407011, 2838168209, 996675899339689984, 1223511777960325121, 994465543, 955710662252072960, 97517449, 3366844753, 350608778, 93613853, 3990168190, 2422845180, 1112979211239723008, 984050440978313221, 929004620004835328, 1029683847200493568, 1151265095910957056, 968889962354696192, 1152995205894815744, 939302042991857664, 56364530, 1021793231355478018, 776947055122116609, 708408314992992256, 1154030092135403520, 1052258532937162753, 831301352, 1120572125788590080, 16351531, 3217197490, 365479827, 179112161, 25928003, 208152379, 1004183625661800448, 7440822, 64297333, 1128409690902343680, 942534897532588037, 222534661, 1045782761901101056, 213252277, 44699176, 187535312, 15793681, 351493211, 830608376983912448, 4356056718, 45126279, 1067632943034593280, 23219195, 279708036, 225227931, 1164494431275425797, 363401217, 203018514, 2350463250, 8490452, 55499163, 1174037718, 614996810, 607904392, 9678802, 2368462497, 110371484, 28102475, 47315619, 2335454446, 37746322, 67111576, 2463093006, 7171, 20580473, 25965982, 217403548, 176432254, 22132166, 14286585, 211567591, 2857576769, 947767070, 460066483, 31947005, 428093953, 196287521, 1960040712, 1322754000, 50440817, 1364820614, 20761535, 258739888, 626696755, 571145551, 18605649, 2799437971, 46142496, 2268937162, 14332627, 41381114, 52039386, 2421884598, 1698757699, 2885594597, 40080850, 2175835835, 3409839237, 2496330217, 717960631018762240, 838593901061550081, 18525597, 3030226875, 2931978441, 794981245352558593, 144430402, 1941402234, 243358660, 2363098756, 968440894482415616, 776709981961871360, 1010059680905908225, 960805367910490112, 3318964355, 1650524881, 83798891, 14962821, 338916331, 14326774, 2558930736, 3054715601, 18330923, 398573598, 4112459357, 395071100, 115878709, 133210436, 965617722049654784, 2599627236, 1593687212, 108748157, 881862162427387904, 3320609284, 23059499, 14140913, 29267436, 18667222, 71626760, 57018084, 64510593, 14369314, 17899109, 161801527, 15828408, 809474016075464706, 34743251, 9515072, 1514564996, 3429950987, 428120389, 72915446, 16173592, 702688991208972291, 39344374, 52544275, 91220126, 16451932, 18639734, 18839785, 22446818, 961057304383803392, 747807250819981312, 169426475, 196994616, 16786960, 14595574, 19222122, 271599635, 1567680092, 163723677, 2827151044, 14994175, 13461662, 786180288900542464, 783214, 56505125, 44196397, 836224570013138944, 409486555, 813286, 144638265, 120664039, 393053595, 37000209, 24253645, 3108351, 818876014390603776, 822215679726100480, 818910970567344128, 822215673812119553, 2887837801, 25412522, 14113411, 1322691, 826410025606402048, 157981564, 2425151, 14130366, 117004644, 156646851, 347261368, 13298072, 25073877, 596377986, 398323499, 15281391, 25401322, 66780587, 12044602, 992745497231265793, 19771833, 183310940, 14216123, 12553672, 15651700, 39765560, 35761106, 33213413, 3080761, 34713362, 17000457, 977009987900887043, 976916302458707968, 22934698, 20571756, 36403009, 40972132, 8559342, 70748072, 927444601882812416, 5784292, 22046611, 42285962, 509273832, 301440448, 1537028058, 30261067, 823905, 6453512, 20485951, 2762231377, 15022225, 50393960, 15670515, 17636405, 15736190, 20536157, 34642720, 74286565, 36117822, 26483706, 1026033007, 14706299, 110365072, 2480951, 139579658, 1059801, 922011, 30618930, 4915000144]
"statuses_count": 464
"date_followed": "2020-02-14"
"obtained_tweets": 463