"screen_name": "KaitlynM1tchell"
"id": 1091191358793109504
"created_at": "2019-01-31 23:27:48"
"lang": "null"
"location": "Toronto, Ontario"
"time_zone": "null"
"url": "null"
"favourites_count": 3056
"followers_count": 39
"followerIDs": [856880329998684160, 1100588294788861952, 2440243838, 3011216205, 1221639332169179136, 1182886250916859905, 1203998082477613057, 792211201077997568, 843224005360435201, 3308642021, 2727804509, 1201933872390426625, 1191179531685629953, 1710665438, 954517892074057728, 705415461739966465, 1095754206710059009, 1180747322059317250, 144245717, 417945603, 1584122047, 854696993855287296, 339708726, 1160003810179342336, 3390105658, 1099733915693019136, 1475414396, 3386754509, 1105252760, 2222226907, 1120967025826746368, 1021097877676814336, 814584846341132288, 1098121997173882880, 2738297913, 3047908566, 773140123609432064, 3911928148, 3050974837 ]
"friends_count": 95
"friendIDs": [892529239, 1100588294788861952, 843224005360435201, 1223101, 626696755, 326811204, 17953972, 390274454, 201580991, 792211201077997568, 3308642021, 274272590, 168683422, 120689778, 1033994695595065347, 398323499, 45668062, 48294321, 454237315, 473493882, 255388236, 44196397, 500497164, 933562792187109376, 869875390465982465, 1135806843773542401, 4811011050, 1054151922553212929, 1681067162, 762799939395158016, 1878450026, 894537112225067008, 1137652191886565376, 1109428206770094080, 16295454, 1069235544318603264, 624056226, 53933574, 928022995964190720, 998971389309800448, 85452649, 1017922815255875584, 2278322060, 2391232105, 1429480158, 1523681, 1115826154353713153, 1191179531685629953, 1028016705895899137, 1710665438, 954517892074057728, 1033152632527892480, 705415461739966465, 272985460, 339708726, 966204836, 43162741, 1160003810179342336, 1024486566096326656, 417945603, 194172085, 42090423, 18776647, 413366264, 283939247, 603220855, 923415570522914819, 278662460, 184866881, 3386754509, 1105252760, 181561712, 166739404, 878204370403250176, 34507480, 45709328, 1059327333532749824, 3047908566, 773140123609432064, 14260960, 2222226907, 379408088, 17243213, 1409798257, 9695312, 53184267, 15846407, 16206688, 17602896, 18667907, 200163448, 335141638, 3911928148, 3050974837, 2738297913]
"statuses_count": 730
"date_followed": "2020-02-14"
"obtained_tweets": 693