"screen_name": "lamxnt"
"id": 910669517344399360
"created_at": "2017-09-20 20:58:27"
"lang": "null"
"location": ""
"time_zone": "null"
"url": "null"
"favourites_count": 183
"followers_count": 30
"followerIDs": [166762846, 1160816353948909569, 1157243338107629568, 2157666951, 1071828715112460288, 1046418262261682177, 3097594859, 909559112656027648, 1005629391827800064, 1003637855682465792, 3991585001, 851849718506414081, 907783128193826816, 989283098138480640, 985335556845588480, 973409812078825477, 1083148428, 2798600732, 14203209, 963535240399609862, 952633921853779968, 946159887666565121, 898382070438916097, 2523250359, 2733080998, 903103642881818624, 2807363248, 72329138, 915122239057494016, 881951030472171521 ]
"friends_count": 113
"friendIDs": [44674447, 42090423, 184866881, 626696755, 326811204, 18776647, 875753766225629185, 718123707827228672, 38584928, 93001961, 215990480, 779159206414942208, 3059554773, 807650101, 283939247, 536696596, 506408259, 567768042, 776814192015867904, 917795882778742785, 25533163, 2453416782, 2986471820, 23324892, 312277613, 497340309, 1858596336, 854885724, 871845981175808001, 2322815394, 142064144, 857006734275219457, 2282748564, 455618148, 289097394, 613710253, 273236608, 141944292, 971084718501396480, 805020986, 735887316, 1324567970, 59592498, 603220855, 287505595, 4555337783, 916784606225010688, 26392098, 2812404403, 123142805, 2916458450, 175198393, 256883252, 1599608046, 260114837, 338174945, 418371498, 27195114, 23065354, 166747718, 382763253, 45090120, 214276734, 558732615, 22515643, 4889199117, 1069416451, 18625021, 742614445856305152, 425871040, 361084191, 188414638, 546157820, 2787976425, 927910572427022341, 311289358, 327361701, 556366535, 581284352, 174531186, 18014620, 2733080998, 1711665481, 27161224, 2479378051, 1463291245, 19028953, 1578457338, 17915334, 785342843225333760, 702349428904972288, 23561980, 181572333, 20348431, 4879752741, 3846419537, 212555890, 3231341995, 2989154148, 2918048527, 614640173, 2540672119, 237571443, 3184366361, 783456332934287360, 2941928169, 2572542433, 396779192, 2735726397, 361329018, 292062486, 948811464, 3068984443]
"statuses_count": 724
"date_followed": "2020-02-14"
"obtained_tweets": 661