"screen_name": "MikaylaStefani"
"id": 1042919339396018176
"created_at": "2018-09-20 19:32:01"
"lang": "null"
"location": "Toronto, Ontario"
"time_zone": "null"
"url": "null"
"favourites_count": 45
"followers_count": 13
"followerIDs": [959829754319798274, 25773049, 1153058297240588288, 129656696, 18539631, 20266431, 155972643, 243740798, 1034963300369326080, 160781725, 891657168927195136, 94164943, 24953525 ]
"friends_count": 89
"friendIDs": [626696755, 3368043383, 5988062, 34713362, 9273802, 6433472, 17446621, 67620839, 2396261311, 273533470, 74232364, 94682674, 26780968, 33219899, 586032653, 985916593065476096, 26528121, 561567834, 17683111, 19745397, 2735591, 30260685, 26020465, 116502194, 13896552, 26820715, 20188834, 14500608, 15159691, 334197128, 19636948, 2300426996, 36947388, 67418441, 8841372, 200163448, 784304, 3224616765, 197208081, 16468227, 8653412, 30205586, 19739034, 95662159, 20456251, 13251272, 65450350, 16896485, 19407053, 9420322, 3108351, 17525171, 160781725, 34442404, 91478624, 25773049, 36803580, 94164943, 979647115, 19202700, 12480582, 14372486, 816653, 3187850010, 3138926862, 14885549, 73147282, 14922225, 53184267, 57741248, 873624924711256064, 2463654482, 20562637, 758377453773479936, 1887497330, 122728088, 60642052, 155972643, 243740798, 3021663714, 3192405987, 4657147706, 390343030, 2226895704, 2858533652, 2878812992, 3232765964, 714758552, 24953525]
"statuses_count": 18
"date_followed": "2020-02-14"
"obtained_tweets": 18