"screen_name": "RajwaniAman"
"id": 1200796089068195840
"created_at": "2019-11-30 10:18:01"
"lang": "null"
"location": "Toronto, Ontario"
"time_zone": "null"
"url": "null"
"favourites_count": 98
"followers_count": 25
"followerIDs": [1684231970, 1003665243409559552, 135672705, 24043564, 1126924913539977216, 703000662091689984, 1190285079551107074, 949165130, 816681356902146048, 1217541913403895814, 1324762746, 2331077231, 90703007, 280251879, 274114074, 807342163, 196648608, 321587678, 34171741, 91035609, 519704603, 1462550396, 1187695101616803841, 2776775090, 4875018527 ]
"friends_count": 73
"friendIDs": [1684231970, 1498486034, 450738176, 1591882489, 839838320435802113, 44021545, 94681168, 54958039, 1003665243409559552, 135672705, 24043564, 1126924913539977216, 1420766377, 703000662091689984, 845274891716902912, 1190285079551107074, 949165130, 166235554, 3906304994, 2555914010, 1324762746, 16463984, 90703007, 534787945, 1076799720, 535483220, 274114074, 97186002, 807342163, 277012501, 196648608, 57983429, 308719850, 3013302856, 280251879, 931531934433513474, 321587678, 2697059406, 752974124, 819667363545174023, 1092870525574094849, 184444620, 185588713, 897239242253979652, 1187695101616803841, 34171741, 37916121, 91035609, 979827806023618560, 271193840, 2331077231, 92091739, 794911555, 2316083982, 519704603, 143526837, 2375535828, 626696755, 236544098, 109432152, 2149118852, 347664355, 2777047212, 1462550396, 326811204, 388258064, 2776775090, 348684018, 4875018527, 39564949, 18776647, 20452161, 232217983]
"statuses_count": 6
"date_followed": "2020-02-14"
"obtained_tweets": 6