"screen_name": "dmcrae_on"
"id": 3019718735
"created_at": "2015-02-05 06:49:24"
"lang": "null"
"location": ""
"time_zone": "null"
"url": "null"
"favourites_count": 125
"followers_count": 27
"followerIDs": [307586460, 997310991628230656, 247573486, 702521520095174656, 981260597357506566, 938008527888674819, 829377907726438403, 826492842923196416, 710163251242405888, 756235797112774657, 41112718, 84002687, 104009310, 2186755171, 2161681345, 716595998903177217, 19170557, 3434358869, 4769395272, 262171085, 3905446578, 3309767319, 2296469898, 713742361, 2171232373, 2977938405, 1387747646 ]
"friends_count": 188
"friendIDs": [4354484597, 1128704423646113792, 182971565, 1116407501212270592, 16271281, 517216611, 378910974, 3341766299, 307586460, 38807340, 997310991628230656, 17051205, 1039642762193330177, 34301129, 2868008490, 379249247, 154615360, 4127912357, 247573486, 256360738, 53442327, 15033673, 26487100, 48824637, 84002687, 981260597357506566, 752845178931597312, 238179466, 165819788, 546219763, 12993222, 14705603, 2809959174, 30834153, 43384404, 3165422951, 702521520095174656, 19377913, 72582613, 938008527888674819, 52188923, 1318744362, 907288402868895745, 503792233, 26896008, 4516974135, 880419041604665344, 885301571986243584, 826492842923196416, 1244706938, 2329032882, 20479813, 409486555, 463933187, 16295454, 25073877, 710163251242405888, 70194148, 17181176, 2767582999, 2859330321, 756235797112774657, 2913144216, 41112718, 15588657, 14717311, 41209663, 2365998444, 183386804, 813286, 104009310, 3386242185, 730119114149273601, 2186755171, 1536791610, 822215679726100480, 28436760, 20457806, 172496840, 20815041, 62465691, 5383942, 17226612, 35961145, 56488059, 540233480, 272017240, 3826965492, 2750057341, 823703354, 360630242, 89205229, 570261432, 574524931, 2255334228, 39513330, 353199124, 1883860206, 351039281, 2873909525, 2756199918, 15846407, 502474118, 1345385060, 321517519, 3309767319, 33985622, 139927383, 716595998903177217, 3434358869, 19170557, 17007608, 18946138, 270357351, 184035960, 2798344465, 16667262, 189283341, 3441431412, 75304043, 14260960, 25371301, 153085446, 375481345, 29496570, 19575712, 3905446578, 76332033, 325676251, 344884261, 2292454922, 334602996, 167171567, 2296469898, 1268418848, 783214, 2434102356, 2171232373, 41872762, 111305843, 5988062, 18675582, 84406878, 19462877, 17471979, 19402238, 16827492, 9420322, 149180925, 32372834, 977011712, 15862891, 19000033, 55516787, 376848550, 2977938405, 2319108198, 26053643, 2313814776, 788524, 5402612, 2161681345, 1387747646, 592009105, 2895365501, 15184925, 21238524, 186154646, 289998339, 2238233438, 2785423307, 376360579, 85433682, 1454571, 14079041, 93714983, 16252784, 235213723, 53184267, 18638090, 17881732, 24700876, 12848262, 16044997, 19636948, 14216661, 8736882, 6433472]
"statuses_count": 35
"date_followed": "2020-02-16"
"obtained_tweets": 35