"screen_name": "souscc48"
"id": 1184636094756900867
"created_at": "2019-10-16 21:03:57"
"lang": "null"
"location": ""
"time_zone": "null"
"url": "null"
"favourites_count": 0
"followers_count": 27
"followerIDs": [745294948426199040, 633853651, 95156694, 169356675, 3764334441, 964248188558471168, 2398415749, 1071045438386696192, 1215701057906626560, 1016790564103229440, 1192802443857448961, 716976451053084672, 3246003321, 1046086046843392001, 1139191395305033728, 1044701055181877250, 1021182618388312064, 317234279, 859067798, 898387532693504000, 1223987543995297793, 44495280, 3809875815, 1286216396, 100395904, 42502908, 3809568015 ]
"friends_count": 55
"friendIDs": [198633438, 169356675, 95156694, 75185818, 763061884786475010, 2398415749, 1174523236245262338, 4354484597, 964248188558471168, 31107866, 1071045438386696192, 1139191395305033728, 1016790564103229440, 1046086046843392001, 3246003321, 4164259457, 802089959460982784, 2864592173, 1044701055181877250, 902625847, 3764334441, 1192802443857448961, 1113638629497233415, 716976451053084672, 2788151894, 1021182618388312064, 2777018808, 810928462135435264, 822190228119154689, 46387310, 3241001337, 63777448, 126752701, 42957913, 317793676, 1945085660, 1215701057906626560, 487153892, 2207364266, 1128659297020317699, 1066743023374077952, 361250226, 1125394594512896000, 615119836, 317234279, 44495280, 3809875815, 1223987543995297793, 859067798, 898387532693504000, 100395904, 42502908, 18776647, 1286216396, 3809568015]
"statuses_count": 4
"date_followed": "2020-02-16"
"obtained_tweets": 4