"screen_name": "bethmoore01966"
"id": 1144035003262595072
"created_at": "2019-06-26 20:09:34"
"lang": "null"
"location": ""
"time_zone": "null"
"url": "null"
"favourites_count": 11
"followers_count": 0
"followerIDs": ["friends_count": 107
"friendIDs": [15485441, 19725644, 15473958, 19802879, 14091091, 11348282, 34743251, 59889953, 185728888, 44196397, 17338082, 1394399438, 555393138, 180105462, 628743001, 631178261, 419253740, 338066491, 325222449, 1707861206, 437667108, 280638172, 464904404, 246100975, 312964929, 59037962, 2935519391, 3221707264, 1543327020, 361442936, 3300882971, 71266743, 52487302, 631212436, 65615119, 29792721, 559744040, 156743639, 173669977, 40135080, 2658293069, 3996123136, 1508798124, 3051555746, 1110454789, 3383807073, 898718480, 717249912, 276760396, 254215318, 3207458991, 35808159, 201960516, 979379982, 24732974, 101873539, 204910970, 257492235, 184139015, 45575375, 198932169, 99814274, 82771450, 60808253, 54675042, 106314673, 91225009, 24838521, 272616327, 159113258, 150846769, 23083404, 3387373071, 52544275, 818876014390603776, 822215679726100480, 25073877, 1531525412, 391055624, 16302242, 22178780, 115485051, 467909899, 20346956, 18395177, 18220175, 443202788, 22677790, 84358766, 78366205, 738250458, 18463380, 92717138, 890891, 14982804, 20736511, 338084918, 322283252, 25365536, 15291335, 104299103, 63302020, 2586506401, 130496027, 81480697, 389038362, 26588937]
"statuses_count": 14
"date_followed": "2019-06-26"
"obtained_tweets": 14