"screen_name": "Chubbydelight65"
"id": 1103886995565101056
"created_at": "2019-03-08 00:15:43"
"lang": "null"
"location": ""
"time_zone": "null"
"url": "null"
"favourites_count": 45
"followers_count": 9
"followerIDs": [1117839462841638912, 1067817734921220096, 591989278, 1122820274959863808, 1122837073860464641, 1119261664803684352, 1117740119736430597, 1112119675675176960, 1105552290482671616 ]
"friends_count": 106
"friendIDs": [19637934, 15485441, 14506253, 59023203, 1106568126143959042, 1641246398, 1094643744295608321, 1035589684838072320, 1394399438, 489066301, 19879313, 1018676369751003136, 2167250688, 1102424950718119936, 2577372914, 737288066, 376267732, 1115012275511877632, 951969531651489792, 1059851392502779905, 1062915942622015488, 780621978948345862, 883877825610174464, 950548624307453952, 74534733, 2842998706, 428947472, 1054863627029598208, 902035656213495808, 708334588083441664, 1111279675312140289, 981274167260729345, 825035354818359296, 591989278, 798370017964240901, 879422045729079296, 3384022846, 3063032281, 624056226, 241382835, 2893511188, 2715115656, 27042513, 47285504, 47786101, 580097412, 533501223, 303009020, 10671602, 85215038, 46423291, 290097288, 1112119675675176960, 340021941, 1105552290482671616, 46787146, 799815672, 139848744, 44527648, 151112363, 2879312390, 177345928, 89556802, 23089228, 39833805, 771913682, 42663408, 3322506742, 162679978, 571864363, 3653740512, 98584746, 89014429, 185384617, 349157263, 1660820292, 1222639789, 323120520, 112915037, 892245979, 1222616833, 17733320, 141664648, 70725301, 7517222, 702153001314562052, 1195370804, 24529777, 168767461, 355708717, 115682368, 739417207, 59319830, 122555803, 45675029, 52135300, 322744081, 160951315, 29206353, 105251590, 1289482598, 26528926, 23935121, 221573745, 43769311, 955885435]
"statuses_count": 14
"date_followed": "2019-06-26"
"obtained_tweets": 14