"screen_name": "EvanCloud35"
"id": 785310912114675712
"created_at": "2016-10-09 22:48:06"
"lang": "null"
"location": "?"
"time_zone": "null"
"url": "https://t.co/ZBFKttmUUV"
"favourites_count": 4756
"followers_count": 42
"followerIDs": [1143294294557675526, 38184482, 17883573, 1137765383463690242, 1099885744590602240, 1028374681248825345, 876171606137221120, 2813530168, 1029484874636382208, 17133508, 956658168851025921, 843081880283090944, 2661295849, 3570577038, 713878087478288384, 814939663307784192, 14104847, 838260141787054080, 93547146, 767398941172391937, 738893490197663744, 2870927332, 894369334675390464, 1915648664, 4123572801, 4013451328, 883418706143051776, 1616463992, 3983010383, 842833972069654530, 3254745802, 845635902324064257, 819952750637289473, 817907841130516480, 741726152671277056, 2835422371, 813903192341757952, 3020214420, 2476746499, 3732827596, 785630978878439425, 4424722873 ]
"friends_count": 118
"friendIDs": [3373325729, 15485441, 115485051, 2167215307, 16303106, 612832515, 2661295849, 1028374681248825345, 1137765383463690242, 413364940, 248911423, 17718592, 615376975, 23967489, 67319716, 266623112, 917457446, 204489416, 387323487, 863405239, 262673613, 27758112, 1099885744590602240, 19725644, 1029575257307455488, 1029484874636382208, 876171606137221120, 999055409829867520, 22035690, 968114056379928576, 44196397, 29472803, 379525185, 36711678, 838260141787054080, 78418306, 3293415058, 61593861, 215187970, 17975828, 483192121, 19071682, 15473958, 2961226685, 751549284, 3907620613, 2203729184, 161375991, 3452476277, 814939663307784192, 15102849, 74712538, 87454288, 767398941172391937, 738893490197663744, 1915648664, 4848166018, 801246030360702976, 768193358980272128, 4123572801, 4013451328, 304679484, 180822312, 883418706143051776, 3983010383, 619247259, 24919888, 194347664, 842833972069654530, 180200031, 3254745802, 1451773004, 556067401, 41206681, 819952750637289473, 2835422371, 813903192341757952, 20106852, 395477244, 632180475, 741726152671277056, 766077623436992516, 3020214420, 405792700, 2476746499, 3732827596, 785630978878439425, 743211247177347073, 52847728, 1458180403, 106894107, 378171907, 15661871, 52146755, 15740491, 14342564, 20998647, 755070029897535489, 72564458, 712384309508739072, 500704345, 64565898, 282348945, 32567081, 21388284, 442870573, 586909317, 2544227706, 599202487, 454313925, 14091091, 24742040, 34743251, 10671602, 11348282, 37710752, 50393960, 50090898]
"statuses_count": 341
"date_followed": "2019-06-26"
"obtained_tweets": 337