"screen_name": "RobinBarnesNOLA"
"id": 69381192
"created_at": "2009-08-27 15:32:30"
"lang": "null"
"location": "New Orleans"
"time_zone": "null"
"url": "null"
"favourites_count": 271
"followers_count": 320
"followerIDs": [753577608386793472, 168794588, 403819451, 2696417858, 73200252, 51250921, 727168925604028416, 1219960219, 2391087122, 1068283442364915714, 23989927, 632376015, 49323670, 5419062, 897219606301077506, 223604865, 1006597784617832449, 2865387615, 37813342, 893680242384142336, 120272711, 796463853987123205, 171255132, 27963004, 79013130, 59611409, 1045012028648280065, 2568106930, 2794535639, 840351945172930561, 844490879121412096, 342528850, 188832117, 275817626, 1017746440972578816, 176994928, 1010176115850301442, 938185908238548992, 1013014294399717382, 752028564, 403150239, 3149121676, 41670039, 25348485, 23888339, 309689463, 994457618704949248, 2819236599, 21703043, 835226320774787072, 1540139965, 159584965, 2801915239, 56483138, 1563801510, 966489088818925570, 889901381523562498, 29781538, 2431491815, 142756605, 145667007, 869939138413420545, 62877777, 1555902673, 1007509260, 893221034207436802, 949040546, 542929246, 145756090, 4860520189, 3281575743, 839816086434480128, 3528260412, 431930288, 351895337, 881111613901856768, 872921830993952769, 21129234, 2872661847, 309105853, 853084107257131008, 111954709, 572685541, 46032914, 3152076948, 856752735034716160, 715513386432266240, 1555802844, 4229324552, 25686485, 753045500639715328, 3045250614, 283962689, 17781323, 24225716, 709555568, 28817015, 722415833285156864, 870682050, 2352045080, 2623725305, 797463148240470016, 797908864909934592, 1398680238, 733157913234046976, 52486078, 1857519986, 1197865470, 1084901768, 745743700634931200, 742937470132715520, 960586848, 2559159846, 31405408, 17630746, 218361581, 3265608224, 3824558789, 191174455, 2755666082, 51642023, 670553, 709924354314866688, 731183617, 34945674, 50442843, 16530525, 213299895, 90541829, 3969856513, 921318020, 391473843, 362428898, 2792373128, 128355849, 409372773, 615275277, 2782785976, 2237866994, 238154033, 3957997120, 26444604, 3895193834, 15259358, 3015998844, 2991383912, 1026906824, 3110760255, 989954810, 1898575346, 23238177, 82649520, 60973793, 24692729, 3232227331, 37273214, 34664890, 49324171, 32584499, 3119839162, 89349029, 833795767, 20133326, 397487225, 2294545152, 703261908, 182539442, 2879933420, 2873036861, 1892235044, 3054321801, 48917589, 17365170, 15975908, 237541409, 2890083558, 16672013, 34482360, 322376460, 20537025, 20706131, 788500424, 16231868, 2375512825, 2398564664, 338739038, 32505954, 1405814203, 141103055, 2351561712, 13986892, 24585846, 2426068686, 49701373, 717145650, 1691747173, 561569784, 18089796, 402259587, 41664577, 2290302512, 43965636, 2287301216, 1633609904, 1649376440, 27137618, 15206883, 15309181, 107205651, 20601606, 266185448, 69335417, 423653532, 1699518878, 803589020, 68721521, 271173852, 2214362220, 17488833, 87084500, 1673117384, 19800461, 44181007, 182454948, 124457360, 289455180, 16790718, 21422500, 35016403, 19149208, 125532401, 20736415, 1242293862, 17124944, 820762711, 366378983, 211929319, 906810794, 16063216, 960978702, 319085510, 74238318, 419788037, 14595086, 324718118, 49349732, 17745779, 63720847, 846528878, 788249810, 705154886, 242740887, 222916409, 24013024, 340464771, 634971876, 26902927, 76750145, 116842495, 51255624, 488748382, 407085972, 279661701, 301001618, 19364233, 183837177, 216208155, 179599102, 59320947, 349272466, 84601876, 28803689, 202956623, 88715878, 17681513, 400627209, 14370272, 131230537, 168914528, 109359631, 286228986, 107475839, 389096214, 402198947, 236205806, 14689199, 383462378, 381598803, 259585750, 20118021, 19943115, 207462001, 68901522, 126354323, 19619940, 270155311, 342593649, 39312371, 9832392, 57489825, 248617731, 29847361, 188019369, 211745219, 20521296, 167163030, 38929749, 13610472, 33507884, 115281101, 75541369, 139999357, 59842086, 57485483, 23802012, 59869729, 21128914, 21410367, 23821728, 20711194 ]
"friends_count": 492
"friendIDs": [4207961, 5695632, 502281810, 30364057, 3671138595, 757303975, 939091, 15846407, 5392522, 9300262, 35773039, 29442313, 216776631, 15485441, 139162440, 357606935, 115485051, 20818801, 551433993, 237845487, 19397785, 226222147, 974403035010162688, 247898848, 403819451, 2696417858, 4865732141, 995026013385084928, 39194896, 67129549, 58865417, 59312799, 253610073, 342441466, 1345184448, 1498580382, 893680242384142336, 1531627950, 1631256769, 994976383830056961, 73200252, 343445473, 31537307, 826072551084478464, 15507433, 244145114, 33077886, 16866956, 17262287, 379921752, 49934930, 632376015, 959115760424505345, 274151750, 2188820617, 149905995, 56553290, 320199062, 752720567770361856, 154269302, 1006597784617832449, 53559835, 24013024, 74238318, 319085510, 17488833, 2214362220, 69335417, 41664577, 49701373, 13986892, 141103055, 17365170, 60973793, 1026906824, 26444604, 362428898, 17630746, 1084901768, 870682050, 2352045080, 159584965, 1540139965, 21703043, 309689463, 138203134, 15280868, 172485263, 41670039, 176994928, 1017746440972578816, 188832117, 2568106930, 523399493, 966489088818925570, 2696041609, 79013130, 1219960219, 1588345374, 48917589, 27963004, 516017405, 3149121676, 49811632, 50752112, 39527884, 28472085, 974776387130273792, 87558494, 598818721, 2447986668, 19698109, 1905463046, 1536791610, 1045012028648280065, 989263110262460418, 22674239, 2329646317, 270155311, 81173277, 20692972, 17349473, 73740217, 25348485, 16530525, 2431491815, 846528878, 2434538047, 111964972, 835226320774787072, 992056970248183808, 1244991625, 166374616, 914126777215275008, 965375345078800384, 3937964841, 1550654624, 102433759, 2991383912, 2801915239, 1732159520, 2962370063, 1431976862, 434632093, 4196983835, 3407205711, 142756605, 14955620, 77307927, 14594561, 242441828, 2254236379, 218361581, 120249952, 145756090, 441989190, 542929246, 881111613901856768, 2426068686, 225165493, 5120691, 67378554, 374609043, 18827892, 59572631, 3281575743, 3528260412, 351895337, 840351945172930561, 15519565, 103637045, 15012352, 820531322, 1337667066, 3804104835, 2993963889, 69288394, 279661701, 333129221, 309105853, 321026466, 54270862, 18837000, 1340077038, 62620585, 26845528, 572685541, 46032914, 853084107257131008, 2890083558, 70535360, 2293315159, 21131088, 3152076948, 60189624, 821782476515409920, 15703186, 811682640063512577, 232193350, 1555802844, 111954709, 103720220, 4860520189, 25686485, 17066312, 798333790925910016, 949040546, 733157913234046976, 392753837, 824380421295210497, 425167544, 126596936, 428867461, 356185142, 567368754, 584162442, 185043343, 2774271739, 334656467, 2175867322, 2879933420, 722415833285156864, 239486555, 3957997120, 412315188, 709555568, 28817015, 23004589, 16087535, 24064737, 970207298, 409486555, 56906372, 503027535, 377507841, 35495949, 4221078627, 947696887, 1857519986, 70208428, 2310186278, 94418963, 1537203589, 752028564, 1197865470, 1883112559, 168794588, 3106496661, 960586848, 2561494141, 300083104, 46137812, 129917845, 2812768561, 213299895, 1621325275, 731183617, 34945674, 50442843, 301435835, 409372773, 615275277, 128355849, 921318020, 266185448, 2294545152, 3812705241, 90541829, 301001618, 164715263, 435042176, 2559006059, 1605088478, 59320947, 1330457336, 238154033, 223873539, 325830217, 2695663285, 49349732, 1093286760, 86170318, 3130985506, 89349029, 3134680996, 119049214, 49996288, 870556525, 2321379230, 398092540, 197481973, 16790718, 28120277, 35830380, 87279977, 2290302512, 211209877, 340613443, 101916574, 35772761, 27137618, 53045016, 205171373, 1603425318, 541068411, 275735174, 803589020, 8192222, 151053627, 124457360, 289455180, 35775059, 19800461, 24057920, 361975104, 169686021, 153149305, 19948202, 257118010, 461553048, 1339835893, 129718597, 1428571790, 1364930179, 207719105, 19364233, 431930288, 258198244, 556449173, 17141268, 37012900, 101019351, 182976349, 364329526, 44426926, 169353327, 15224867, 134572281, 20736415, 17078632, 15716318, 15808765, 17124944, 24626969, 324718118, 17293897, 20601606, 419788037, 402198947, 109359631, 342593649, 57489825, 236205806, 340464771, 88721489, 369089298, 102416313, 703261908, 43965636, 222916409, 120272711, 89509937, 14606079, 462104132, 483969810, 21429058, 749963, 56799476, 407085972, 24773177, 27696993, 28803689, 475286355, 267399199, 339239285, 68768975, 17681513, 243291022, 14677919, 2467791, 19362341, 366771837, 58652920, 82455213, 14370272, 413386786, 370154359, 24903350, 31229478, 389096214, 390911850, 1947301, 104299103, 84612979, 413466731, 54990914, 207462001, 34482360, 17071161, 14689199, 16145763, 2097571, 428333, 19877186, 17074440, 30313925, 822215673812119553, 20479813, 32922642, 126354323, 323468251, 24919888, 9832392, 158414847, 16129920, 17006157, 24585846, 121208305, 66263785, 16191902, 87312693, 176854046, 342528850, 12759562, 131230537, 14192680, 3108351, 5988062, 17161974, 807095, 271966631, 759251, 294108342, 142419647, 16292441, 52535653, 16231868, 25170188, 18944903, 188000721, 17745779, 87493961, 41351252, 182084598, 59869729, 115281101, 188019369, 16058403, 39547186, 182454948, 19149208, 20521296, 247114704, 113748665, 57485483, 20705745, 20118021, 25374096, 59842086, 21128914, 44662356, 20706131, 21410367, 19396923, 17889970, 23821728, 813286, 43973209, 14014592, 14595086, 13590162, 21129234, 25388180, 19502592, 21422500, 19549159, 39312371, 18757604, 16588095, 60998442, 19519252, 13610472, 21454322, 70187187, 94404842, 75541369, 30103238, 23802012, 16149338, 40980478, 9486342, 37050037]
"statuses_count": 517
"date_followed": "2019-06-26"
"obtained_tweets": 506