"screen_name": "SkattumJennifer"
"id": 3432883222
"created_at": "2015-08-20 10:03:52"
"lang": "null"
"location": ""
"time_zone": "null"
"url": "null"
"favourites_count": 29
"followers_count": 3
"followerIDs": [774773950345641984, 4261347494, 249316700 ]
"friends_count": 63
"friendIDs": [15485441, 30364057, 21148293, 55117855, 262799542, 20264228, 41676395, 1158569839, 18732790, 111166747, 127245578, 126990459, 16782140, 545238236, 17446621, 16331010, 10422602, 117662694, 14230524, 822215679726100480, 17086831, 25087685, 11348282, 15687962, 2714737352, 1001908286558539776, 1508362446, 1028411665103106050, 1061790072, 249316700, 31646518, 491307809, 35754804, 273542042, 52551600, 105119490, 75916180, 299112358, 847123669, 15846407, 19397785, 813286, 18228898, 169686021, 23613479, 774773950345641984, 29442313, 970207298, 337747387, 2992872531, 735337279, 1339835893, 25073877, 68824195, 1021455216, 20998647, 2154821396, 1945954471, 317393966, 312914567, 3319862579, 428333, 15568684]
"statuses_count": 13
"date_followed": "2019-06-26"
"obtained_tweets": 13