"screen_name": "carolynlascelle"
"id": 207564598
"created_at": "2010-10-25 11:37:17"
"lang": "null"
"location": "Ottawa, Ontario, Canada"
"time_zone": "null"
"url": "null"
"favourites_count": 110
"followers_count": 43
"followerIDs": [21059901, 160773218, 33901166, 43535071, 944243767162179584, 1055902788, 1134169389748690948, 1126291448452845569, 136400802, 1123620806909681664, 232892246, 395613436, 1108886957332017152, 14516424, 128437021, 2439005175, 386031568, 902975078, 509283568, 295459007, 2977450671, 428215099, 741717857814319105, 2786117293, 789092747168911360, 3352665478, 214612797, 22319291, 832183118, 493650327, 356829442, 2883294646, 870746667334615040, 804211437723852800, 73548787, 858414668301430784, 2830601356, 43745090, 890254562, 465569756, 454315749, 16639269, 279021234 ]
"friends_count": 144
"friendIDs": [1177645565028569091, 843848673255739392, 2751121043, 326811204, 1075852665001730049, 1094721140612874241, 23655688, 1193552187038818306, 2352629420, 43535071, 168757829, 232892246, 741717857814319105, 24215395, 74186967, 84366480, 1061068711044407296, 785561909621841920, 74669397, 735246199, 44463782, 136400802, 2977450671, 1113778496336211968, 1134169389748690948, 3898598357, 943854988434051074, 60691700, 1101526027422105605, 16353994, 41648873, 43008762, 3365980811, 1082680997194485760, 386031568, 79923701, 15764644, 138203134, 52728220, 15299912, 3650565493, 3429007978, 131317692, 2439005175, 25733095, 714745902, 428215099, 75050644, 225265639, 295325513, 905871865968779264, 160773218, 2786117293, 1976143068, 214612797, 33901166, 1055902788, 295459007, 3352665478, 22319291, 40100270, 376835873, 493650327, 465569756, 43745090, 813286, 250831586, 241382835, 304679484, 251174211, 1183041, 334086160, 356829442, 509283568, 773923975625904128, 832183118, 155657077, 804211437723852800, 549363097, 705336842720153600, 1191159104, 73548787, 789092747168911360, 858414668301430784, 870746667334615040, 2893511188, 78071252, 16303106, 822517901294845953, 237845487, 17897698, 9656132, 1510918164, 245601025, 78645110, 336445332, 16435735, 55117855, 117875099, 126447030, 14260960, 580164989, 60597469, 209596323, 2830383960, 330423403, 17919972, 22956018, 316389142, 130602347, 1000262514, 84396121, 372814213, 279021234, 26252161, 18999969, 847123669, 26565946, 179129165, 41614813, 16639269, 186154646, 500042487, 66561957, 19659579, 423842756, 7130402, 142157505, 44039298, 365558123, 19038934, 14824849, 36490075, 158414847, 49752855, 14371336, 90420314, 50374439, 23544596, 115485051, 15693493, 15485441, 18177126, 17881732]
"statuses_count": 62
"date_followed": "2020-02-14"
"obtained_tweets": 62