"screen_name": "Deshadanm"
"id": 1917551906
"created_at": "2013-09-29 12:31:25"
"lang": "null"
"location": "Shire County"
"time_zone": "null"
"url": "null"
"favourites_count": 35321
"followers_count": 220
"followerIDs": [948098498334834688, 3223469975, 4928466088, 105080034, 1193380575869931520, 42293789, 78381979, 1224158198350974979, 1054624226, 1120339589250502656, 1145876580092149760, 4603783820, 702361757038280704, 906468442609377280, 1180883296512696320, 1065032890856210432, 1224887962799935488, 1225846616244064257, 908719194899865601, 1540628809, 52674233, 1194691031092125697, 1104077417528778753, 955773070853095430, 1213666416450080768, 1190951776771440640, 1224974939645599745, 802130065387458567, 22478710, 63020100, 620296071, 909549584, 1210788181164974086, 1219512042006159362, 1160710516106338304, 18636235, 1196133067162673152, 2810746921, 1215687469615599616, 1100271690158952448, 583753426, 1199358276770529280, 971414147895300096, 796041135940636672, 110129216, 489122126, 1065855926136000513, 3181874630, 1214161034149163008, 1066883683259273217, 1040509274349334528, 1080691324410646531, 102648390, 1147200155998801920, 214828603, 462261434, 944969413274435585, 1168753715341250560, 1004152904683487232, 20591515, 1195743915321655296, 790968259692617728, 1152120725680955392, 4917599964, 2717701569, 221783224, 916233192402644992, 1218558282073284610, 973966374455402496, 791761225164152832, 1042004098575462400, 1210553266259386368, 604354270, 773442427613044736, 1183697906961801216, 983156851364761600, 890005525, 1217569732452372486, 8818742, 1081817892453343232, 155073488, 702491859235393536, 55799288, 1192162296514170883, 1213932640669032448, 101378292, 1151141916840382465, 1045835428287385600, 1048774096459157504, 1205640654057099264, 1009852487312932864, 362742480, 2176158111, 31063775, 1559916523, 2474015651, 1165779876328001536, 590826611, 825831643, 1037054595774570496, 1913020398, 14386600, 286886732, 932698301694136320, 1190618713038262274, 836517595729768448, 1195170999177826309, 990185512798433280, 1381053558, 930903998864826368, 847234659108896768, 1180887631292289024, 865705043516825601, 903988396045074432, 1673163889, 3470539214, 1057568058611425280, 4234867623, 1482506107, 1175373710913441792, 1189354898346971136, 14372564, 86342654, 2181774757, 729689478822928384, 829349679414472708, 138530001, 1164899308728201217, 1159590311544287232, 4903994447, 1051864719798071296, 137922289, 1052680411606704128, 1168534159419203588, 4915489144, 1085944297701048321, 1165046592883310593, 534698574, 21552883, 1121875676582359042, 1158604981949349888, 988238666509107200, 1060767027999186944, 1159401187680182273, 527823857, 46677575, 2826675438, 746286204371472384, 1089335503, 725681082344071169, 1122710908843720710, 879910450766508032, 3288710498, 1151364840880889857, 1021094602110046208, 833467164640280576, 2878497576, 1101911968502505474, 953978991077191681, 1117659765486702592, 976327505715105792, 17860250, 1043922456136876034, 887338485228720129, 386133306, 247128946, 985918881528197121, 1136249058186498048, 386959159, 1081863699823054849, 1085440819224444928, 1923560592, 131140715, 465674016, 915441846079315968, 495716732, 1101233758093656064, 1096613207668490243, 167735123, 399613343, 1077547460430626817, 722143487685033984, 3654128967, 611371834, 1041399440966381568, 1030169090382594048, 839425426036559872, 1913743561, 769584640139165696, 790961343079649280, 796232638667243520, 1093339506076459009, 841460044327718912, 1088813125049159680, 1102600200143753217, 1098402149040644098, 929410069552402432, 1074172890696871936, 73005336, 3425177218, 42669314, 81068355, 958611618, 4422309554, 1075877987520778240, 555031989, 872700949864652801, 3130430306, 333383532, 837731263020609537, 817720149646024706, 3881522725, 3397148945, 62491776, 716656447, 2540077788, 252940057, 2289106712, 514418395, 167628093 ]
"friends_count": 3063
"friendIDs": [96270737, 731516249381994496, 948098498334834688, 1190951776771440640, 848460039719444480, 1326053532, 815972544218071040, 1004439507146600450, 1342579544, 2434172832, 1168968080690749441, 1126408482263986176, 723553270703116288, 1158923206486581248, 51003218, 53678304, 3038003126, 105080034, 3295963520, 4917599964, 1053150479985897472, 1195055918615973888, 78381979, 11695892, 823518894182846464, 70931004, 1210770020466225154, 882662029344948224, 1069720356552916996, 929954995696312320, 1094941615502823424, 1055842940256505858, 1224158198350974979, 42293789, 1169729417188466688, 873546767102615552, 1226205778119254017, 827185873301037056, 77273113, 886358633646350340, 863287043740254208, 31119205, 718766831662604292, 21985976, 50700347, 21369740, 1145876580092149760, 39961247, 900683467494629376, 1170437031006105600, 788672405984022528, 256419225, 1711883462, 2932524853, 1100778955718578177, 292401744, 979780672750542849, 996651659458744320, 3314383418, 770702191, 856010760, 908719194899865601, 1224887962799935488, 1161683884045586432, 988238666509107200, 1221422672292134913, 44067298, 3040844088, 87629490, 2731739078, 4776096987, 1037725033, 2878497576, 834113834, 702491859235393536, 4603783820, 402735692, 1514288832, 4603259056, 1113050078640570368, 1222234666222047233, 1127276395363627008, 6161062, 875359214264242176, 874904274, 1070180184517677056, 702361757038280704, 2426723443, 18023990, 1157950875035291648, 830468488967843840, 831150536183398400, 1101415206033358848, 1069114613751521280, 1225846616244064257, 3223469975, 706709499856334848, 1106107635026165760, 2714050127, 775390638548226048, 163967830, 1081836096, 78523300, 827214726866358273, 869193235918454786, 18304860, 4014675253, 962991604259672064, 1081848042658168832, 160909738, 1626294277, 1540628809, 23425315, 29655812, 298944456, 1214161034149163008, 192517532, 52674233, 1594384476, 2847258009, 960604900907368448, 1188691905233616896, 462261434, 802130065387458567, 1224974939645599745, 489122126, 1065855926136000513, 1100271690158952448, 1219512042006159362, 1160710516106338304, 962652324819685377, 1080691324410646531, 326811204, 44401058, 18133779, 443536208, 3201307555, 871268474936582144, 1083434634980007944, 1104077417528778753, 1209572918520242176, 1176084852103270400, 248469208, 1194691031092125697, 955773070853095430, 82895405, 1120339589250502656, 3284405168, 19355276, 1653111164, 2223145980, 3291691, 1097392128634863616, 44987101, 946230873703120897, 22478710, 579299426, 560477849, 63020100, 943313601829380097, 2516114396, 620296071, 16077698, 939190358, 831842796, 4900070889, 798216285716959238, 4257914599, 251521725, 3007649773, 13015332, 558866314, 740891068804128768, 909549584, 1113347219976007681, 845339359549231104, 2801729758, 56606207, 57570821, 1222479315889053697, 1161655106141609984, 409385440, 1034742486579773440, 1552108188, 839518822310772736, 180779006, 1210788181164974086, 1681622568, 1192893216523051009, 1179884664955244544, 709322119587336192, 878305763352903680, 3726123325, 896561972627492864, 3269662657, 417994076, 73821841, 362054834, 1016272774808121344, 3013614720, 816585170434355200, 1196133067162673152, 1160972325329784832, 590826611, 2810746921, 2717701569, 1113019156322902017, 71633565, 2359238156, 1215687469615599616, 583753426, 36657963, 3322221590, 2397405540, 249524839, 23085502, 224896427, 358862836, 107398834, 1081863699823054849, 2965329536, 2833119062, 843072816790626304, 828226214787743744, 1105492412611223553, 5871672, 58242871, 1652541, 28315501, 1036351972423729157, 1034660070565400576, 1039712940918808576, 1755278143, 18358458, 4048259173, 971414147895300096, 1163474681854173184, 4375069574, 464515661, 3187132688, 1459505984, 931366400886796289, 807733812306116608, 714833898522300416, 1010256986032738304, 1220697370872049665, 857140170872819712, 1196254680, 4562379164, 1191341492222205952, 16980261, 1101481445514772481, 803777, 574631672, 24149001, 16969079, 1968450668, 83795099, 2771424650, 2602121875, 1052475807010934785, 223831644, 2860445246, 223509967, 240254771, 17735075, 55882740, 1212448971626467329, 1136609131568099333, 1129432823222300672, 2562116128, 928698147727011840, 73364044, 388933908, 1040509274349334528, 33929819, 2443361456, 2329010299, 2211089653, 842791791917129728, 839200289680838656, 55313371, 1336869086, 376268372, 3914733020, 441750929, 410014275, 228343681, 49578370, 798567220720861184, 770713742, 3076811715, 1060081595590369281, 400930646, 199712736, 1218955796605743108, 66723553, 1096275059549687808, 2313160405, 2209742392, 1083762824462172161, 2769307393, 52754460, 102648390, 753874033611943936, 1602664796, 1159888222681350144, 87318558, 214828603, 1096470308318412800, 983792057289465856, 1004152904683487232, 1148623203125751809, 2371536685, 40202795, 123213393, 1174727324715163648, 1049457579636723712, 189224604, 863527548, 1066883683259273217, 3193533494, 956298928076611584, 805185025, 993363396027351040, 18185781, 2307766760, 825424933396312065, 1604444052, 4081106480, 18831926, 1107055983149363200, 80356272, 3438359104, 3151352209, 93143529, 6463042, 319595840, 189591412, 732796585365622785, 1052325553, 4888435970, 852546170488471552, 1208395650104254464, 48938032, 392459574, 753878772940738561, 726245902562766848, 2991403604, 802875960085413888, 701267743, 120252183, 1156820016, 57090013, 1168757762458710016, 20591515, 1065032890856210432, 71567486, 19383099, 1155830439984058368, 714804394852687872, 87963473, 39221519, 764003278833061888, 1112926294147239936, 129121778, 15443742, 2506148916, 289404429, 21764186, 1425094322, 15594366, 1033802626423574529, 1167403267837448192, 793396150778769408, 778074634805649408, 822997223747112960, 3799703833, 885052620733374464, 3535615817, 112295272, 120649992, 198030688, 889555027068502016, 47300062, 773442427613044736, 2425075166, 376075938, 81546053, 4687851372, 104937383, 287309941, 241178934, 1210553266259386368, 1074733756446064640, 115607138, 758934323554758656, 160509668, 3147983058, 79951522, 3284217456, 983156851364761600, 131755120, 81371986, 132807900, 2943003606, 1108020329643823109, 2885971046, 890005525, 811792622541033472, 11644562, 1148102359, 1612721294, 524262813, 969135070207512576, 356780725, 2674219202, 1068903704495980544, 1031907198, 786624032665919488, 716926531856105472, 2703383215, 46427326, 933997974, 129057534, 4346698639, 69441586, 135102232, 1206046623240843265, 606441611, 263187667, 303783976, 942802400, 2732668863, 340415989, 339864507, 3304008672, 1109046108771094528, 2941087411, 97136609, 85794542, 274316654, 7702542, 1560875191, 44317593, 391534562, 813462065629171712, 773280684173463552, 1673006288, 2993230373, 58158713, 1206179014064295937, 3701031793, 2314813086, 18449244, 1197276034288308224, 144026920, 904683948076236800, 41113182, 400010607, 279372272, 248536477, 3031759144, 1216300706740629506, 20668891, 55799288, 926675082298064896, 194653745, 1332099068, 720966191016185856, 140044212, 159912710, 1117303277945806848, 4897595305, 906468442609377280, 1147200155998801920, 40200685, 53217947, 1192162296514170883, 82087288, 1037565085487525889, 46003744, 1197137848081629184, 130431848, 1098957942186016769, 242237668, 1579422614, 80004572, 782014176579444736, 921758169323335681, 408047314, 74935953, 111942926, 122959195, 88373062, 101719346, 483770438, 101378292, 1154039933142614020, 460051840, 853229442, 720687791521210368, 938759822479986688, 1062277773362753536, 806938148349456385, 71508385, 3114271576, 71740396, 24024778, 358206991, 1151141916840382465, 49649911, 1078886793192374272, 768715026790248448, 4858703660, 47940349, 28422142, 3918098141, 1588276453, 999733313530220544, 2334791696, 24897686, 1107387191829909504, 47080299, 3301180524, 374367954, 1097867871085084673, 159540538, 889414427786825728, 300307207, 14649267, 1559916523, 2474015651, 1681085179, 56020295, 897246704365428737, 60569630, 996655718882316288, 552037300, 280455506, 2300722142, 2479802778, 3891179794, 78645110, 177707651, 961996935421833216, 2930935453, 286654612, 1009852487312932864, 3419800217, 2176158111, 131791334, 392608775, 1447949844, 79692602, 435035276, 730254473382264832, 742453163098296320, 408971802, 301566679, 746002077055344641, 21186231, 1199358276770529280, 1118673947124490240, 738149822, 936867120058589185, 18452469, 564644061, 966224629940420608, 1083364490769502208, 554607259, 1021419306, 2793153450, 403536668, 343950873, 389026435, 20494059, 297259746, 895814938995957760, 1096310837478748160, 2391734518, 50560293, 1165779876328001536, 31766723, 1110631786646769664, 17814828, 76950830, 2443789278, 592545116, 2943808357, 49128624, 3288968226, 115102139, 190294313, 362742480, 14287212, 4739749368, 280478930, 1096445687670091777, 4170504922, 53635138, 226222147, 331800407, 2241150253, 65839963, 1913020398, 2994398900, 942400326359019520, 2262181718, 25073877, 938658666089037830, 44396229, 853498609119002624, 1202591335036801025, 883874179539324928, 1968962180, 2900347866, 164703304, 212790576, 1096058540031012866, 2956700802, 17208347, 1285248175, 56039856, 479390278, 58569513, 120680602, 1095392641095745536, 2416094906, 39024923, 459483899, 970910006680965120, 4305106347, 181986366, 167088994, 1256741, 135469159, 703227825231253504, 180748385, 803216402286940160, 100752314, 1572648817, 811607872987480065, 820733384360083456, 1864191372, 24674159, 16872765, 845974422, 221385283, 884458214342803456, 69766556, 16447950, 103533039, 49279876, 147292336, 845689249, 2083991, 576682647, 3226804308, 1069570145448673282, 23095992, 62762183, 41675383, 896466491587080194, 44359302, 150281740, 1067837930448855042, 18695134, 421151092, 55005831, 38505015, 285144652, 15617140, 2453477948, 180239114, 18194194, 2262932935, 66128084, 292475065, 1115151632302399491, 1189916852584992768, 2262141, 1197291041809788929, 932698301694136320, 845761745620750337, 313665317, 791761225164152832, 24955190, 219335425, 35399625, 1547353146, 1095841166, 768700847681314816, 14169653, 1086378912, 604354270, 1190618713038262274, 15491690, 563064070, 438346667, 862196337391001600, 1089377996568330241, 2150132425, 29398579, 9404762, 2720043812, 1109765948888629248, 977108150166917120, 1166170354567376896, 699977269998067712, 1093908699045814279, 1096316315231412226, 1046258484327538688, 1195991205546360832, 326572285, 138142342, 292599839, 261715752, 87233065, 46595468, 932112668542099456, 2219233063, 14627653, 980299472197468160, 377935920, 1037431008, 794907751390400513, 24059402, 1185677754752221186, 16106584, 2425231, 136670629, 155800643, 42407972, 379544677, 39147530, 268744122, 1052041932220719104, 65172298, 1017079083090436096, 153728140, 788105434536214528, 381289719, 714758796078395394, 902559507225616384, 72078037, 183334236, 53719394, 3208340651, 415436105, 732393506, 156954662, 1121589663116828672, 737150104612704257, 797093323, 110603197, 1178984980690505728, 91037587, 87643561, 110762005, 1077341756838957057, 1166081346927771654, 1374222889, 2923901968, 74931740, 1034844617261248512, 2996115143, 2227734679, 1198906399931207680, 3520822337, 58769605, 3014992517, 20900209, 2904195838, 2267655606, 81278776, 1148128111852060672, 717955913987002368, 1111981930608644097, 1391600240, 826723361543880704, 278316668, 4888331762, 235630887, 2546824212, 787016267576205312, 1166733875021635585, 716218326, 986063181498986496, 968701616080769025, 209811713, 17248121, 11178902, 16689804, 4398626122, 859816394556284929, 316327930, 729468343, 25422302, 692023, 17471979, 14647570, 57047586, 2217099931, 511402689, 19658826, 288890759, 411567185, 228952773, 118756393, 4185877812, 976771469765160960, 866569331018092544, 2980844258, 887606425479856128, 3954482105, 1358636868, 22688979, 1115256578851188741, 3433407383, 81582883, 8933572, 47995732, 990185512798433280, 13393052, 1095905786314743809, 4391981356, 217103543, 552518704, 1381053558, 3289372598, 1192157629369339904, 1012673309589336066, 1093045393804283905, 1478433775, 424484966, 2700873926, 1150078450771755008, 2290044518, 537193539, 28347755, 847234659108896768, 861328271425843201, 257591704, 1001652566, 848068037773336576, 53854893, 456814400, 16942956, 76614977, 163952496, 866148211, 143603147, 1013916412325322757, 167403354, 825243162201448448, 731457834513256448, 1166275639491485696, 735081786804469760, 2775998016, 2411006131, 1128221860556988417, 207124638, 993898951978827776, 1074560488611201025, 398271367, 66590132, 117764974, 154221292, 738538436, 232146889, 292558545, 23504870, 178750089, 101780736, 821349922180042752, 14582087, 782167942322532352, 1465206535, 352902900, 1191912552, 1041870173702107137, 3976108934, 35006618, 2441854915, 47543773, 4077033139, 56212663, 1143658840342351872, 101207254, 893397264391061506, 807468489757732864, 118742092, 2532930272, 104500772, 1703902436, 189262472, 3511430425, 167348022, 3122736906, 89337224, 26799530, 477678240, 707558200845799424, 191511134, 62603893, 843116851487883264, 1099194196454301696, 286432534, 37168231, 875882643614814208, 3689795235, 1927923236, 764962305578786816, 513047745, 1153554930088779781, 1220641358, 750924931, 2426954822, 894748894789115907, 201226827, 61705600, 27528134, 1022633695738511360, 27823036, 284991184, 809561088756948992, 31674552, 778625737737678848, 79169144, 1611887712, 782973815496192000, 45659218, 1021055897148231680, 55836398, 215685563, 894499624546971648, 20037352, 1001386723618754560, 28094765, 974111414, 2300803690, 728491042186637312, 2787800190, 2169791295, 1159813053162172421, 343578695, 1175860353487560704, 1500129642, 1021440480733638656, 74473970, 586446102, 22341118, 140047339, 4234867623, 1482506107, 797673785268715521, 45341566, 107210947, 4833376576, 130184065, 922494038896394240, 1067944573668708353, 224965766, 154101116, 49909770, 1042133059859046400, 2333630101, 948443255234007040, 986331061712863232, 16591984, 47474439, 141627220, 890987647, 74689776, 162620363, 17767238, 3227569020, 3070541918, 50769180, 24889586, 1093661230898839552, 928995080634896384, 95652758, 394724132, 30891818, 18208354, 34001374, 116579971, 27000730, 789773474114011137, 29873662, 18861243, 14848157, 19378833, 24752003, 281877818, 22619607, 46844964, 47685065, 382009516, 129184424, 1087790762027335686, 14205726, 1290278593, 12716032, 1075608527052464128, 1483320715, 118355823, 1538299243, 396353031, 2222629992, 34568673, 2995884361, 103276382, 1116422179107889152, 17249208, 77917745, 184006847, 152145921, 14191237, 1183638059461545990, 283632721, 1034578321391136769, 106769546, 2893511188, 764857841370947584, 2584877634, 345369383, 883573997551603712, 47786101, 47285504, 26642006, 50374439, 17017636, 1402944379, 955885435, 2976168060, 482388629, 147840231, 3241214268, 974501496254447617, 124308576, 2158659566, 22151193, 1110324756849614850, 1112364951065317378, 456729830, 921747995942707200, 708846235503857664, 800598552187576320, 716967948292726784, 728617420764663808, 721406504771792896, 244448758, 2870653293, 925902272, 822215679726100480, 169438671, 772640055118540800, 35810531, 83326335, 2206540824, 341894625, 63024485, 865512129817845764, 23058879, 47049617, 4725193120, 83182871, 1396059595, 59425706, 2471739785, 706542515118182401, 23291925, 1030511401964589056, 115241597, 1127744603061276672, 701750402786717696, 4750866546, 312790865, 367108613, 1118177886127570944, 290012052, 16906660, 2455240921, 70247172, 1056580693, 30699754, 742073469815427072, 3429950987, 760297011296034816, 97898524, 41094453, 976821697302188034, 142973143, 1080850562638364672, 817661098988019712, 81801182, 1049198012839280640, 4107939250, 961864352214147072, 2413242894, 3101588527, 2980791326, 103849564, 368753165, 1372795550, 1167138040562798594, 15450996, 1111282716, 14942701, 950246011816955906, 1194613321, 37921383, 938357934656016385, 3241268255, 109579590, 716319248134475777, 75541946, 4177980198, 382254185, 18548529, 246309084, 988671212216897537, 1162770393750335488, 461922813, 1086439034690375687, 2245739726, 1090084079964348419, 1561140662, 20347234, 1112714156887543808, 1177558739454349312, 382036447, 45111170, 3470539214, 2238506330, 2561822046, 1163176654098878465, 2526746282, 709453106585665536, 1011011356919726086, 1036727157018570753, 312448486, 88356378, 119446687, 1119948160711974913, 15567770, 1103950845807378433, 819200364675072000, 75246215, 1166069001606356997, 1085257326737580032, 75489786, 1029296811037609984, 67558336, 448259967, 3166623503, 1112415226643636225, 155182337, 251014269, 953691495361662976, 80626496, 1063126781413081089, 25376806, 1338657559, 40161156, 295262229, 306989200, 735122173, 151106990, 837303182241988610, 3243649453, 1522690969, 1906085454, 784157037223641088, 4673668279, 724818308, 53712478, 4498208480, 991739219885387784, 14386600, 3621217635, 1045835428287385600, 4903994447, 790968259692617728, 126268923, 43579706, 287734881, 18780355, 13, 886965277786820609, 22749722, 2354184672, 3132797300, 2292804986, 58163016, 1035516830339792896, 991689431990980608, 891661920708825088, 968359720930152449, 4905990821, 825831643, 491928298, 177164432, 140810643, 1132468289983143937, 1098085943171534848, 713611332893949953, 837997485360570368, 61804151, 3300507722, 31399326, 54454478, 44588034, 231122790, 51541583, 376675937, 283005296, 3240707753, 73043514, 286520757, 832673881483644930, 1113190711250313216, 137922289, 373365639, 176742032, 729689478822928384, 3047722897, 117025709, 832253381783740416, 81804524, 2341654764, 1346891520, 902506685327187968, 608869167, 199348665, 25029495, 615873680, 40596411, 889087873311322113, 2197900465, 804847425470857216, 1175256398, 102987363, 1131956922129702912, 68636682, 1110184830166282240, 260380078, 52491924, 25219709, 463194200, 23760311, 4761562682, 217361703, 14807898, 21439405, 709366777, 30745844, 345283290, 91143447, 1336045902, 334090045, 1166283117876797440, 132268766, 1882042237, 114547606, 267979472, 44654872, 923971573, 281902422, 53294309, 106239911, 954671438610423808, 3228079334, 3195432139, 140469448, 27236673, 221731673, 2320308422, 258249164, 27407990, 56722728, 249749513, 1022902322580672514, 51943, 1088718750268956672, 47055387, 1158368590556323846, 2994823238, 240768575, 1006419421244678144, 17853057, 1041489049, 18812728, 341949552, 1123477247082602496, 1090923582366994433, 46645746, 981044396782047232, 2862675317, 15628677, 2462686598, 877450241112330240, 37396883, 701373948559097856, 757894253209088000, 3220070977, 17843247, 122656426, 1112760804099719168, 318910909, 894384300744888320, 968399519821058048, 729693894594695168, 1098881835633827840, 989020025334874112, 543996845, 183454227, 1352832462, 56627441, 431777800, 4780072822, 1038279735128678402, 66461626, 96087281, 55233547, 149642665, 90128678, 134047949, 896983451735252993, 252715160, 249180181, 252411597, 1688156184, 47310635, 113846799, 387444017, 816307676812447744, 4871361712, 1152883872830373891, 285655507, 112522682, 27966935, 768780363376328704, 586291040, 751400048, 1916302158, 258703448, 892322897624145920, 2241167263, 342574531, 36806836, 18364723, 3307871390, 1106112392319000576, 108006063, 4047721, 23216714, 951755387002281986, 141080858, 2318615419, 176101985, 116835497, 141584822, 1158663355340484608, 83586157, 905366591835176961, 468720856, 1093219927924695040, 44859145, 115361965, 1094908825243738113, 1673163889, 1432565671, 2317649066, 390590194, 17774532, 2451476942, 69539409, 2169586586, 1121875676582359042, 72720837, 22803302, 153503737, 167256729, 760203696567296000, 717632257, 2874102076, 254704082, 542385412, 2311557998, 118757160, 19329136, 75239849, 1118042740523032576, 724113372006912000, 905396695860633600, 39234827, 3025754858, 178358867, 2459471257, 3014161417, 1001399259554459648, 4456498874, 3826298654, 81662868, 3222043261, 38176720, 162171805, 135127674, 76134964, 384337715, 1071149729298423808, 1162343506066546693, 67453958, 4833037373, 15484198, 28184452, 243418245, 217070018, 19403494, 871383793470291968, 1050478262009262080, 100174414, 3078665034, 21439144, 120451801, 508086493, 561335546, 728106110243086336, 44266782, 1644855918, 613412196, 1196683214, 475630454, 2923474450, 416882361, 2150037888, 232809402, 966698211900456960, 2294172542, 360327554, 42350663, 1079727512660385792, 2792183511, 23965221, 606645922, 71767523, 128217529, 753189526152081408, 268662889, 28061932, 340814070, 117501110, 243584516, 4150613967, 2548729176, 2938530492, 824836691844276224, 23183848, 136867818, 931260588, 28706024, 3309087865, 231422245, 280123060, 830669077022531584, 930229681193979904, 2166471842, 6892312, 795361893384851459, 1001125293875064832, 911268243167338496, 404696079, 207567836, 15890510, 193116688, 1067216484601077760, 3397566706, 254206787, 1151331156526272512, 527823857, 4835695252, 28114735, 1345542872, 21241905, 1127951873640558592, 612350383, 3131144855, 984157686873944064, 233199034, 885490328232382464, 358464377, 211918431, 1022853254273818625, 14175873, 86626845, 50446226, 233364902, 170877963, 116524405, 1125836311045312512, 3290152525, 259540958, 42043572, 953078630, 737950994550509569, 3295594491, 108691306, 41778159, 477756438, 42567483, 1108646028884885504, 2835653131, 1056973286087712769, 1065602873663270912, 622868850, 236698120, 205268287, 793885084113858561, 1111541879982776320, 925094390, 1432792801, 537159723, 1316811403, 1006010794155347969, 1060493780, 44874400, 25087909, 19111767, 18887526, 864856772913184772, 484446271, 1077441194, 211411783, 30751661, 1900949636, 1100302269570936832, 19662335, 885860011343261696, 3285229812, 258803816, 1249627604, 58243368, 44425241, 138530001, 1450530446, 408467423, 1032352716, 822143619331145729, 1148885359616503808, 913101446731636736, 846297631353520128, 1156256104747294721, 2300779218, 590040013, 787149253302812672, 902425498491396096, 469903716, 4015086132, 722242009, 800530901121658880, 24246497, 23387257, 1419020654, 1425032586, 86342654, 1177684189, 1004208771848122368, 38203776, 77193761, 2571704940, 888671392815656960, 41692369, 490506972, 351568421, 24668049, 73351994, 4358246653, 79100485, 6398252, 88383135, 145603832, 203348714, 104782572, 18628451, 1577455788, 122632611, 178999981, 905539248853483525, 60489018, 20873069, 113945245, 4876186803, 223080656, 2371988440, 719805760587370500, 91025370, 835432488327655424, 1072694339300675585, 957152468, 1122710908843720710, 74986184, 906105384854630400, 52321035, 1145249378099052546, 47856457, 1662153901, 243577249, 2228878592, 42950216, 75748544, 1871570581, 825570150, 262283643, 17418074, 38846338, 18131765, 80330381, 203872812, 818910970567344128, 3288710498, 388870901, 172057857, 62830052, 1458013496, 865514121705299968, 1146440206842601473, 161634802, 788677398472560641, 19562228, 71891556, 1049569627, 706603989727649793, 1108472017144201216, 200737738, 2872997861, 143438465, 399861106, 132992534, 940150412837048320, 4390009156, 80038526, 1021094602110046208, 185131219, 95891462, 14100010, 343512172, 277982527, 2602158362, 1100392971696885764, 69444800, 757362706664067073, 781001275894861824, 1054047753204981761, 935929887495307265, 45116820, 171188195, 558654135, 90346496, 197312541, 142760893, 1032496623476035585, 890179442315624450, 992334441392439297, 415860281, 456513246, 2798748123, 22434517, 465375315, 889299890014179328, 27664633, 608622470, 2797214395, 1910602848, 2510147491, 1143687311814733826, 561684253, 219251853, 70641005, 3160620127, 1091815542334337024, 2286334926, 53914802, 791178086897156096, 778488016289619969, 37013256, 4928466088, 976327505715105792, 743735095308099585, 400843355, 2239661994, 926849982, 3709542137, 1126558153187872768, 1020193403882045440, 1047529714645004288, 2526480081, 135782269, 2935574310, 28412286, 126911579, 54660102, 407824755, 559594536, 253981072, 587530115, 1704533101, 415578345, 739050500, 136996786, 297887170, 198216613, 1359631850, 592735450, 1127906922416316416, 102153835, 334966485, 2835451658, 1134459431494676480, 946046628, 1102901730910576640, 4530495372, 22129677, 799520024, 97868897, 65848412, 300184599, 22598815, 1254436688, 588551732, 1077120845829435392, 825776051917824000, 1033528424990756864, 988775074110033922, 63938866, 218444761, 35070732, 859013474361278464, 25235151, 1071144306, 878299247942262784, 131926473, 1080590139829608448, 44370384, 3667793249, 23089228, 99453864, 190351028, 829270692822654979, 139876086, 1000177082377306112, 774309534537949184, 2396554040, 782970506915950592, 308753486, 24139516, 1015806571950018560, 3113506661, 53313935, 76671779, 16288136, 113655965, 990195344121126912, 1102768661780144128, 160588215, 105733665, 6528432, 159797758, 935654391280959488, 73871975, 256634583, 1107977571440959489, 387822899, 95875560, 1028963647836618752, 34868965, 17091571, 41160276, 3834819796, 761389837085585408, 842089302, 3316306891, 202533868, 21200445, 1107356521300705280, 735811158469423105, 4697047753, 815956821538181120, 1084497094377902081, 134296559, 816171603838922753, 2302191806, 982643399974010885, 989988872124751872, 2166444230, 2941980644, 710017952297394176, 3466243697, 247128946, 386133306, 1063789817459142657, 19791947, 151415898, 2792655871, 491581948, 215138502, 206079538, 45847467, 2230987464, 141175770, 442188106, 384170532, 247667563, 1026332905, 67372142, 250560251, 2708915372, 2574072036, 725975984961249280, 54522810, 429864309, 1591593414, 246159653, 298625735, 604937872, 119464969, 527526077, 244203549, 41981944, 16237067, 76780580, 1518697417, 951165164, 1949367794, 232363184, 797452062627950592, 3970269432, 1076670897027760128, 4787298228, 3289182938, 165681989, 305521661, 1082686042807783424, 98210147, 2299883179, 109853283, 1104524508709441536, 105219476, 88199384, 1062757332424318981, 2267745350, 2852752982, 112220899, 1962626484, 2462125184, 1047382954404663296, 818902892652466176, 757975895835545600, 9890492, 2884111145, 1130131673683619840, 78270570, 2925553794, 759238819967303680, 407646772, 897706544825061377, 18636235, 316389142, 1128857189681061888, 2438424560, 254984511, 1292538672, 188377127, 1099526288, 4743651972, 753128018764242946, 2984417534, 786237082712809472, 924639009753661440, 3277337546, 38800236, 1144885988, 215229036, 1118897012072701952, 124382464, 1106481992185466882, 835426807126048768, 1670174994, 142949639, 1280352936, 377609596, 140884379, 142613800, 1135180369643184129, 246868719, 505694805, 75051940, 927825630284017669, 2271303301, 3016238309, 48345602, 18953076, 973458977945133056, 15285181, 813545328, 33225652, 20963854, 17893938, 384993861, 584720713, 247642907, 2493544152, 3246830881, 3060905108, 113419517, 23002923, 92726549, 300510109, 1627817300, 1124917051166904320, 859363899291742210, 874485745368653824, 68164273, 88159095, 462856853, 1606048885, 1110929231494569984, 927535474373099521, 1699656762, 568392066, 619754744, 1532995590, 69771400, 2594636114, 66088428, 2673327426, 849006404, 189618679, 138899094, 1923560592, 1642669674, 432697203, 938543340206694400, 1214528593, 287117871, 246416643, 2289628938, 103034340, 1034851474101088256, 2845994058, 2381667174, 121219467, 51310666, 78312924, 10810102, 21120847, 67835392, 1050129327864594436, 77509999, 51838199, 170608518, 245218929, 1089330229997436928, 144114994, 22796933, 329353102, 1132746019400065024, 1100658816, 887744784378605575, 800394500484911105, 131140715, 323839489, 465674016, 196796657, 554139890, 18455744, 2848879914, 1261132662, 620007630, 167452533, 917068852009123840, 141470251, 1485512838, 420376232, 1007570267453845505, 719555092911931392, 21931363, 159763186, 937778257952432128, 364779024, 742462035112407041, 22355311, 1070436579376840705, 2757023081, 3192441942, 2203506494, 2911862552, 56615874, 2331591042, 915441846079315968, 725681082344071169, 3188958973, 574388664, 167725919, 263706361, 4858246662, 1050864704581771264, 215377207, 132261545, 331136088, 3014261285, 557719049, 835946553680371712, 374526155, 131188226, 21551205, 37432982, 108538423, 137656171, 2965511647, 794874013, 1572457640, 14251256, 47852114, 895172394108768256, 3908559209, 976810200060579841, 123231276, 47582628, 1056850669, 711760467383877632, 3186541021, 2835683058, 15751831, 869862586610851840, 948353133154988032, 101810581, 1131395869, 3357566480, 3231674604, 2820265567, 3858076692, 42869411, 138725262, 103865085, 17384099, 21436960, 189253902, 1451773004, 50115087, 16580226, 34743251, 885487044243238912, 2765974980, 2253142422, 1032554850096111616, 16485058, 273375532, 453507741, 50251728, 21453226, 1101233758093656064, 40003120, 324969818, 1105900683595735040, 822024131784810496, 65375759, 386137123, 1085927669043064833, 804713149542735874, 720274807711924225, 4537362014, 310239584, 53075131, 220627371, 943565241232777216, 456593827, 350334760, 350224247, 83529586, 1422391526, 171146899, 70381571, 2337875256, 1058619136715026434, 362213143, 40535534, 732273199, 38589047, 629494910, 764382891950288896, 268676434, 1171920728, 880482976579977220, 453929050, 273766704, 898186427783143424, 806876009081360384, 399613343, 136004952, 193315480, 858207125465513984, 724904498192338944, 72611247, 153023748, 1376389952, 25466022, 282693698, 2285124954, 983582780998213632, 79073934, 778828435116335104, 183212847, 47083884, 912211412, 76475940, 864059698550407169, 317861977, 2455740283, 2657270664, 742452513039781888, 4255658358, 49923337, 2957682932, 824893826066034688, 43320623, 975670191555166208, 43261669, 223756427, 1114950517111906307, 139374704, 19613267, 758560037891473408, 8818742, 3075092067, 541511214, 1558267382, 117767974, 61458407, 178401515, 136000120, 2526794479, 154184419, 841609973687762944, 95588504, 725003596811620353, 405508365, 3295391744, 738402681677451265, 64361104, 54463072, 870956816737345537, 20495665, 1101154867006058496, 1664721896, 127483019, 160581409, 122658025, 8720562, 57441414, 46670617, 789729815503011840, 126613276, 122616047, 2313617522, 230856076, 735095544, 2310562855, 844281463, 3995778614, 2870988541, 86734482, 38479920, 54436268, 76294950, 794098420298514432, 1086642313, 265814274, 892633017289715713, 2583539371, 1107693758919770114, 425973946, 1061650831311745024, 123184980, 947218856, 1043169242122731524, 27864689, 762269479908757508, 438525539, 4057311554, 68060565, 249520655, 1081216596675309568, 85657578, 548720190, 84001426, 3259177219, 804623717766569984, 2312893002, 829673303455498240, 189782415, 876408437814558724, 1070205398395904005, 2527656601, 277002126, 117672538, 611371834, 128801565, 18373968, 16542390, 1274690550, 2412122426, 1110093746694062080, 217269599, 437815396, 279860500, 4358759720, 3654128967, 991944591808090112, 350548332, 14423566, 879347215789154304, 4127000969, 1030169090382594048, 94299371, 2799644404, 903701882, 167371131, 14072005, 2588354309, 2439645890, 37433050, 851305651779379201, 774570859474329600, 550377428, 4923308762, 15146221, 1022134963, 980134823061868544, 149826822, 728479759102054400, 159253357, 765044857920491521, 60843563, 784631684322951168, 2905878151, 972403931597942786, 14299418, 3240703298, 57207846, 2784168167, 1017112758054244369, 1113324443453911046, 14224719, 36412963, 1101642688841973760, 1102939489914118144, 15271141, 1023539202460401664, 1012747092475940864, 706925473, 2597931991, 1082019003038461952, 749345775025545217, 996349881823326208, 2559299659, 905913628326367232, 257642411, 313199215, 726733595080069120, 709543955126333440, 17062358, 1057978826, 2949111092, 90179901, 728013109, 964153131159339009, 741899470997094400, 849455943893090304, 17404570, 25123615, 923325871200620544, 804667111851356160, 1065563383, 229684109, 113568312, 16347964, 8167022, 377855666, 927531930601521152, 115626287, 57338175, 2168653490, 2979593550, 1092002933678342145, 873489631165198336, 758859344561569792, 769108935726997504, 30216513, 130523792, 162280560, 1097586764, 30056843, 1092445206085922816, 1090649630386249729, 797720168713441280, 159714480, 3173441392, 1108042744847466496, 860237030, 1686270312, 707231479047315456, 619400667, 97054224, 990532165850095617, 23645988, 212129844, 1105660673445380097, 14539907, 878333312288161792, 20737755, 130557513, 927648052109889536, 982279248881901568, 390677061, 2428796856, 823415308115410945, 940479842859958272, 3379325061, 22959763, 1055156301037293570, 3317233336, 1064206014, 26637348, 107225267, 95092020, 116994659, 57141786, 542428403, 836979069711417345, 339040963, 28082599, 33439528, 2277873474, 3094610676, 770911356031799296, 2791245386, 2897558648, 19766409, 101215084, 18635843, 2766064128, 90973658, 264130309, 952592911173996544, 771412974829305856, 45617221, 5447242, 15745368, 478128805, 20878297, 469973314, 749723724161703936, 23611560, 20751449, 102391534, 256495314, 139897603, 56368192, 1012010716017057795, 23176276, 1016911162007379970, 190426393, 2307782845, 109930762, 231794194, 127681007, 100533307, 120737021, 342034927, 17745925, 66680078, 116677732, 108252113, 42573217, 19064614, 902534288, 44595330, 1116349224, 4377735257, 3059632987, 775703028540272640, 107724957, 64324543, 30352096, 165391600, 17995040, 1100108893, 75335950, 2949110612, 3582554773, 1890327224, 262599973, 260156141, 1090135732511883266, 927309656787124225, 1077547460430626817, 3150940290, 414946220, 2982269822, 878247600096509952, 75528474, 889103700, 250495841, 40430501, 19899606, 734751240047853568, 143114327, 939013444258316294, 1362368612, 3150605153, 742143, 2659333482, 1568616944, 1425451896, 101222700, 242179803, 9835142, 835580276218691584, 48641470, 836927152889135105, 751067894, 95425326, 2720868859, 1670007384, 1465755636, 741520723, 40673794, 1697157596, 49792706, 784705308832694272, 213539531, 375742729, 1564935007, 1098402149040644098, 154875149, 14691203, 866134142328594432, 1510128186, 83531741, 67919750, 3160001598, 1375416253, 126895800, 1121554471, 929410069552402432, 320592813, 355989081, 40276045, 2315464056, 116806870, 1446783193, 72539202, 17670329, 14760750, 53089452, 51552352, 2325909169, 134196350, 46704429, 851605079690027009, 282163133, 1671848557, 84625307, 552609536, 719248268090339328, 1269258001, 1873046766, 3778429406, 1031591713951936512, 364214133, 3930516933, 30011100, 263438817, 931789764541390848, 117800926, 177886974, 107404025, 308667647, 458992712, 842000794853429249, 25475608, 73005336, 729596181119119360, 75581744, 768772780888317952, 874964065, 872534917078368256, 30171599, 413152592, 61660254, 298959564, 75078358, 862587655518908417, 3018960919, 46078438, 1018119100151877633, 100945273, 160854627, 1210903046, 249022032, 891221943008993280, 223476311, 721410163744190464, 48702842, 256360738, 1086333093479251969, 59942751, 936857288274452480, 1268076456, 1227253801, 1097760249115750400, 1032196628898295808, 4672462093, 19688035, 239885144, 1299906942, 984278126, 53320016, 1482250074, 46062566, 2183549418, 2296405082, 41083513, 164776196, 1062066035581345792, 1359150667, 209686896, 1091353692845064194, 14281853, 318673863, 351120282, 1925368664, 705761460337545216, 1067115424339435520, 762215505574948864, 18837791, 1093833911631720448, 45533881, 14075928, 801830590345527296, 878659790922055680, 264361128, 529210218, 2437697052, 755271973278711808, 139189823, 993001615, 1588390411, 16166464, 29258583, 2570829264, 1263706735, 3194568695, 54515684, 544640536, 1057537632006168576, 608555646, 257854179, 280298770, 308193132, 2855255702, 92078917, 24001226, 83598887, 48940193, 64016042, 74980737, 17741799, 1934388686, 84800999, 15388411, 30570632, 1963945884, 2933823062, 18627452, 143776014, 2247560024, 18098930, 841008676085387265, 166173667, 726513, 260846506, 56978563, 44704537, 334921581, 878536348122177537, 64160613, 584772462, 737093264126279680, 243249906, 76660610, 3838049723, 15300300, 360201458, 946693305206636544, 3258071491, 926400947110027265, 758876618404171782, 762023133742305281, 186178942, 304089779, 75893835, 207809313, 3404433587, 1398479138, 18281016, 41327152, 1088309528263827457, 600966256, 149763, 5939732, 443639691, 1326923084, 19477583, 174251974, 2924521080, 717220465262075909, 158451341, 466882955, 168606635, 27003522, 378460963, 80512999, 1867843520, 310960217, 15939396, 60783724, 948106991955668992, 1012131628079108096, 338444460, 1344897174, 66782978, 75961872, 80107297, 634955425, 90675967, 148034674, 954302570079469568, 15887819, 4516255048, 3044781244, 1062742964, 38403110, 33836629, 130745589, 128216887, 190242011, 128372940, 1482581556, 4783690002, 29963396, 281449208, 17141788, 258283931, 435331179, 783792992, 21839495, 31369381, 48964542, 41010461, 18643437, 730375072876105728, 177547780, 1035100758, 273557471, 309824558, 858720042938249216, 737049250366820356, 355874903, 202772126, 2958714945, 134054240, 2214285223, 238253521, 864883913717669890, 885838630928994304, 452102835, 947054755, 15912890, 171117515, 45025729, 341363220, 276183830, 20536157, 1636590253, 20571756, 14130366, 14538949, 904959738756177920, 71985988, 1244137812, 2596143056, 75237089, 2613904818, 369680637, 2961297390, 2966532212, 854335469378777088, 18379614, 990317363915579392, 141084952, 52660746, 372372537, 17061263, 18576537, 774174489458331649, 36654839, 984636823749013504, 1243059427, 17692554, 1562957431, 1049898833277267968, 250367135, 962650783182331904, 58761257, 545158225, 67854459, 74466455, 334430754, 2178952686, 834978026, 878582011908075521, 2952010610, 497083469, 1002079927292772354, 117777690, 914588454, 18745932, 937467860, 1361772872, 17537467, 1583865109, 1594021728, 12, 1060222487068336129, 15000857, 15635604, 895966977407074304, 808051518242979841, 1357567292, 555031989, 4538732655, 393033324, 534563976, 14174897, 20167623, 765548, 3371376807, 17163609, 2343198944, 14839109, 61736361, 2243499816, 44196397, 963631905878036482, 1016415942148947968, 100775570, 129167364, 17211291, 43069339, 54820880, 48008938, 4115657963, 99448420, 33654011, 8443752, 2572981626, 68497896, 30354991, 2877839294, 43855487, 216939636, 152785310, 722067485613277186, 122453931, 309743747, 1348442858, 211675022, 243627457, 879422045729079296, 2536561231, 1856588299, 1978851349, 6480682, 4142910854, 108577950, 97227363, 352145373, 3305945622, 898090655414484992, 334729355, 487906542, 906053660467191808, 134189895, 793833290754953216, 403780910, 884095848573001728, 20406724, 30844879, 307540110, 193941278, 526114597, 872700949864652801, 34197952, 31173665, 834081571493785600, 17336372, 2890477287, 556151596, 15143478, 598977043, 3511596689, 873334429, 1278637814, 482909242, 116211829, 14585010, 4201079801, 164475893, 60937837, 3378999550, 185142711, 472328294, 1433558984, 569353744, 490442018, 179429568, 2199317030, 296748338, 715424897485266944, 18234672, 2320501218, 386110592, 1350259454, 11757522, 358881865, 55492149, 135180139, 238600804, 20244875, 286686815, 4663241788, 3484109354, 53855453, 137355085, 928287239813046272, 902792503094525952, 117407834, 256781040, 217169219, 303416912, 66667785, 49585215, 263236469, 277528226, 428234009, 545073979, 369132642, 763250974085361665, 1469065189, 4156289594, 1380619946, 135235142, 292114382, 300400790, 720242106611073025, 127765218, 358814014, 2916305152, 156654757, 970101416944644102, 138002210, 5854882, 17468569, 2178012643, 929211084, 3918111614, 745273, 2479063608, 516240848, 18671559, 730520573701443584, 28406270, 18861574, 260211154, 367284950, 116302934, 202573676, 19493645, 2750195648, 92708272, 194022170, 136640901, 11348282, 17939037, 19725644, 14260960, 631557108, 14652182, 30488144, 3804429321, 2391669031, 235089777, 51440306, 702818907933900800, 87118217, 569051086, 2270856013, 259925559, 1337785291, 97893963, 709095240, 58204660, 937297461608988672, 123195519, 121046433, 2259895735, 2397437311, 17336417, 24447643, 17020962, 20015311, 15439395, 141208596, 97217966, 347035710, 439876343, 533068752, 85462891, 1324334436, 219617448, 30849103, 156411211, 485769605, 19760270, 80096621, 83297832, 115485051, 655093, 8943, 332638587, 38529223, 226524890, 413561086, 84625371, 52551600, 2915766225, 2614719662, 66699013, 104086983, 4704991070, 22940219, 328404936, 108391251, 36076870, 1346439824, 130104041, 471741741, 897852133, 17821980, 260705412, 70652594, 18872373, 14120922, 2183816041, 449588356, 140587725, 25966181, 52340477, 69541557, 16555413, 581427498, 71201743, 92724677, 500526402, 34275139, 207888272, 3228448867, 266178979, 451215777, 16616754, 2280127622, 47595335, 3219624649, 3656884818, 2193923645, 813286, 200977317, 596177884, 37872206, 28515858, 65473357, 204832963, 616321817, 94775494, 65851020, 52069102, 18839785, 2168092658, 17381587, 79915337, 195575801, 264017239, 17482727, 133880286, 394129778, 163540640, 24705126, 50393960, 27602673, 216447259, 122995784, 113278275, 152251488, 44588485, 216299334, 1163125105, 88856792, 128155589, 55534836, 145125358, 265178794, 97865628, 15093629, 111871312, 495851295, 261090708, 43017766, 591520702, 141527741, 114407932, 115287073, 33801019, 42908132, 148248527, 416983879, 147085349, 418803211, 514418395, 50684862, 78941611, 176295495, 135421739, 345572922, 20749410, 19895282, 716656447, 252940057, 167628093]
"statuses_count": 9465
"date_followed": "2020-02-14"
"obtained_tweets": 3154