"screen_name": "DevonKlaas"
"id": 1203715283111890944
"created_at": "2019-12-08 11:37:49"
"lang": "null"
"location": ""
"time_zone": "null"
"url": "null"
"favourites_count": 169
"followers_count": 10
"followerIDs": [544468209, 1588998499, 386320376, 4865196136, 2558270942, 49206515, 276764159, 69135106, 35595347, 345180216 ]
"friends_count": 220
"friendIDs": [2276436087, 2968357805, 2743785416, 376835346, 90439456, 384892971, 266586212, 55091725, 109346133, 16296622, 25740994, 1225826640971927553, 1018620729070243841, 176754253, 807095, 1879831, 8525402, 3386009481, 2970511, 10950722, 500231605, 30235089, 29750205, 1128295781499375621, 326811204, 15764644, 774273991196409856, 243680331, 158379043, 224227148, 18776647, 19127774, 17902331, 19517012, 17692952, 18385797, 25129665, 860576707450982402, 103037855, 42707337, 554805685, 20182089, 48353398, 29957768, 26309270, 43298395, 22800299, 125671517, 57368113, 16582381, 33860848, 65375759, 148593548, 16753407, 256648403, 322375052, 32515886, 600304128, 14452313, 42665626, 16351521, 19025957, 19377913, 21294082, 1227812491, 466596719, 771963906, 100605247, 22806425, 110526333, 5988062, 16534246, 37751556, 60818909, 237007961, 366887471, 1588998499, 2148103424, 386320376, 976910009685757958, 22562961, 427505253, 17948003, 1956441, 15493820, 613469003, 56641453, 16253142, 1134059457191776257, 1180656042, 23721448, 4865196136, 14260960, 18662972, 728048323, 118990336, 1073408239713148929, 1890105654, 394987184, 17825445, 44183142, 2398501302, 51058834, 18228898, 529022176, 923683393, 32184345, 1168275511673536512, 70737979, 889102460, 1746891, 146998140, 284590933, 12266442, 232217983, 2477955388, 1610068404, 27311204, 75050644, 24105706, 12992772, 15984676, 506357990, 17679985, 1105857771889520640, 323417384, 119841769, 321788327, 435607756, 465126656, 549294631, 24889586, 16000792, 33194282, 19583545, 21731008, 432134884, 16149104, 53933574, 22419345, 600679694, 50085192, 12993222, 54730258, 19907840, 14216661, 1223101, 49206515, 3307049867, 21776171, 39364684, 2361148640, 2893511188, 34311266, 15298276, 17166894, 17193952, 26079429, 17679977, 22190567, 19000033, 193725962, 89760824, 25065495, 20622594, 1440641, 116502194, 8736882, 78395676, 432574178, 94173095, 158396623, 98963477, 14873555, 46120208, 293611387, 42451620, 45122111, 3280002445, 72271218, 25560731, 35718189, 69677613, 30372460, 20472393, 14142379, 74170457, 17824016, 1292412606, 252655161, 865238787856662529, 102713979, 23484629, 13784592, 88981023, 2558270942, 19066345, 21889069, 4284526755, 2225662081, 243204005, 22699770, 17132056, 843166629097824257, 106491623, 51792066, 21676934, 12804422, 24691376, 16826976, 31501661, 16517711, 16568227, 14991920, 197208081, 17057271, 81783051, 15057943, 32036992, 5225991]
"statuses_count": 11
"date_followed": "2020-02-14"
"obtained_tweets": 11