"screen_name": "GalataKirstin"
"id": 1220043283193303040
"created_at": "2020-01-22 12:59:33"
"lang": "null"
"location": ""
"time_zone": "null"
"url": "null"
"favourites_count": 39
"followers_count": 34
"followerIDs": [66109256, 1057534686954745858, 1218158373847388161, 86197208, 406887208, 1220414431869489154, 1221591182691663872, 1200498822109114368, 32028922, 3030991567, 1217914591017127937, 1169997885380988928, 583228790, 178168932, 36955349, 462578261, 1214204962533601280, 1215630708821184512, 4767044761, 1199729376419602433, 1025068264315998209, 1147205421050007552, 592187353, 4878114238, 1215666061678346243, 1215664349542481920, 1168988582964543488, 1215659052782497797, 1033806410, 1094177147219075078, 1095043453967310854, 2788667090, 17087004, 37601379 ]
"friends_count": 85
"friendIDs": [22930902, 14086764, 1523681, 23096286, 913135650, 38227542, 94176238, 104532480, 274730962, 42687179, 19694011, 86197208, 1218158373847388161, 1006419421244678144, 1220414431869489154, 406887208, 1221591182691663872, 1200498822109114368, 32028922, 3030991567, 583228790, 18776647, 464938236, 326811204, 339798950, 178168932, 19087122, 4767044761, 36955349, 1217914591017127937, 28007712, 53519386, 462578261, 1215630708821184512, 1214204962533601280, 4765851810, 1199729376419602433, 4878114238, 1215666061678346243, 592187353, 1025068264315998209, 1147205421050007552, 1641857826, 253340075, 1215664349542481920, 1095043453967310854, 1094177147219075078, 1033806410, 1168988582964543488, 1215659052782497797, 16034244, 19377913, 116502194, 26075178, 37601379, 17087004, 18636639, 15418056, 16044997, 5988062, 18638090, 24000965, 12993222, 19038934, 14705603, 3108351, 289998339, 6433472, 12848262, 14216661, 203123011, 8736882, 428333, 19636948, 807095, 2467791, 25065495, 16295454, 17659340, 1223101, 759251, 14260960, 5402612, 190817371, 16397147]
"statuses_count": 30
"date_followed": "2020-02-14"
"obtained_tweets": 30