"screen_name": "HiFlowUSA"
"id": 1131957280335945728
"created_at": "2019-05-24 12:17:01"
"lang": "null"
"location": "Miami, FL"
"time_zone": "null"
"url": "https://t.co/pseFfRgiN8"
"favourites_count": 0
"followers_count": 22
"followerIDs": [1210213449566801922, 33927337, 15604217, 3047198200, 1057276953995239424, 748867254008352768, 110546136, 136234755, 1190489202443595776, 3094373740, 1007281928, 293961589, 2304413738, 17065784, 40215966, 127591764, 1188666330427166720, 27992224, 1469287699, 708263037262626816, 2265943230, 1433640644 ]
"friends_count": 161
"friendIDs": [16049723, 13058772, 462812018, 51436553, 946222012527030277, 264249587, 92561914, 84625525, 80336052, 15604217, 16801820, 66978899, 221167831, 17496414, 17969960, 16330785, 15983769, 40269467, 33990473, 52767722, 64718293, 43379088, 260802545, 432677350, 515650713, 129922458, 248743589, 80345669, 21901367, 16336998, 27693723, 23507213, 15912356, 87749856, 394104359, 18186188, 293961589, 38484332, 24030088, 17446304, 16662077, 268463884, 40215966, 127591764, 444132330, 15864626, 44432556, 386415294, 412542777, 233610241, 7130582, 153870858, 34257206, 19671640, 273906057, 151353113, 34671236, 222451766, 27089433, 163038863, 31437099, 89254764, 181634144, 19559116, 347511940, 30765956, 166052281, 1431401233, 148323233, 859726915, 239513381, 1007281928, 2506788589, 963055969, 2903657615, 544515821, 4855810775, 3004182047, 3003547439, 64749073, 41809138, 3094875027, 147939572, 135223811, 85202002, 704692082850603008, 1876506096, 2342340950, 71098012, 226301565, 89001317, 950269405, 374041572, 295659306, 92595788, 3165532426, 82139696, 2852410810, 837633555291324417, 21772294, 748867254008352768, 240752672, 15690745, 136234755, 121161923, 17237555, 177610902, 81846232, 44114653, 17065784, 537055345, 8342692, 58765566, 93943023, 70717092, 42731147, 271104268, 48436200, 2300570264, 39608074, 289188439, 15991258, 951337044, 20091456, 3359343333, 26386247, 47386615, 370890998, 18185988, 29268953, 14273403, 15109370, 27992224, 932279677275734016, 28349242, 119424986, 28174844, 15417548, 78395274, 52800819, 16804976, 533971146, 753832613048033280, 1598592548, 43145659, 19729349, 824367422186602504, 41458478, 33927337, 108989364, 985923716306612224, 26307273, 326811204, 143526837, 63211442, 3331373717, 18058180, 271110778, 58587711, 25708791, 2888157507]
"statuses_count": 19
"date_followed": "2020-02-14"
"obtained_tweets": 19