"screen_name": "HistoryCdn"
"id": 1217541913403895814
"created_at": "2020-01-15 15:19:59"
"lang": "null"
"location": ""
"time_zone": "null"
"url": "null"
"favourites_count": 60
"followers_count": 57
"followerIDs": [249713577, 2873705476, 513172546, 1122642517651021825, 1435266942, 1150812283657998338, 14368836, 146468289, 2881264591, 1159496112912392193, 78751295, 3111016280, 1217217121052241931, 1138406805007028224, 992346776, 252053845, 1103137000536727552, 492410345, 930465320, 1071754602, 1532282784, 3132737496, 85466580, 913271951329681408, 61542328, 4043085628, 8694772, 94331891, 2965171816, 92497397, 767422043436486656, 1198104542656811008, 1012026349177929728, 1216673650365079553, 287303720, 1197735701846081536, 115781653, 1204493411056640000, 410448395, 56167813, 827374597, 1216499861496815616, 502556111, 1063102806360551431, 27292303, 21203850, 1102567901683482624, 2992542724, 581262916, 1118956405036158976, 1368504403, 1207270800237174784, 2528003407, 838371781, 2980369822, 938038982, 350671528 ]
"friends_count": 349
"friendIDs": [192405982, 194408938, 20625339, 19344771, 2873705476, 1110386421380988929, 67299879, 1447953343, 272459561, 3363476493, 513172546, 1546704014, 90732175, 1123838502632939521, 83519282, 942147522558009344, 4925843650, 956413706, 558724438, 80178520, 14368836, 1150812283657998338, 3351332379, 2250726296, 1159496112912392193, 78751295, 27755960, 2881264591, 1003665243409559552, 1138406805007028224, 279980216, 826313366075535360, 1103137000536727552, 57709461, 708026474935279620, 1403951690, 43162741, 1170012125491863552, 450069159, 992346776, 94013828, 326811204, 15493820, 948775674, 498351723, 2977056933, 252053845, 1441212919, 492410345, 76461729, 153438157, 1337759852, 39592639, 18339899, 1339451185, 773364261225689088, 1716213973, 1084984558896857088, 1067897011716931586, 3140638252, 53214154, 17515086, 1124073991, 2393328301, 229494081, 4043085628, 3968754615, 2213130697, 188622769, 863332460070830080, 1038633948392214529, 199091161, 20008873, 1465834915, 958154004252516355, 856595933785714688, 61542328, 913271951329681408, 1373400944, 2990259495, 2794487552, 331914204, 8694772, 2562761672, 1140698328281337856, 1532282784, 1071754602, 94331891, 2836720582, 1140233309366214656, 1353962612, 146468289, 27292303, 1150147647489138690, 1700184619, 1004084273853423617, 18624685, 3132451654, 44149120, 1039962652108353537, 511296156, 85466580, 930465320, 353200638, 820719194, 87719691, 976613691251666944, 16073380, 56167813, 1012026349177929728, 2467975536, 2965342337, 1002353718791155712, 147899730, 631878033, 1063102806360551431, 115781653, 1177660221658992643, 39493551, 435351159, 1085700882438807553, 267956466, 2259211550, 456378746, 1192089596340981760, 991869678, 1116802571157614592, 1197735701846081536, 1510868690, 502556111, 118219057, 767422043436486656, 3111016280, 2247498223, 827374597, 287303720, 850632862353281025, 1203069016010571777, 1169782251984474114, 1198104542656811008, 1201848095040065542, 1117832428842901506, 21203850, 278783566, 626800096, 986128364, 1693965810, 2256135026, 1204493411056640000, 2289337322, 1613988852, 63826204, 3132737496, 90726912, 1216499861496815616, 1216673650365079553, 410448395, 15469830, 1102567901683482624, 1116831350600949761, 1144234310154805248, 503715716, 33296816, 2836704821, 1213531000132648960, 2182426359, 4638488532, 310293212, 1252483734, 291136866, 37485889, 1200796089068195840, 113022733, 616220281, 955698028341579776, 814553713020956672, 905599834949898240, 1215009986318876672, 359631750, 1077394818265800704, 1184914302597304320, 12890092, 2522319745, 998360129975279623, 1147032273851523073, 3380826550, 1216228519396593665, 1118956405036158976, 1216445829768024064, 2817086911, 1084908460679024641, 3112226876, 49199946, 2466343284, 3510624018, 136776311, 1216224281916370944, 1435266942, 30334956, 110029770, 1069706396839510016, 1217959363505262594, 2296578613, 1217217121052241931, 3397055446, 229880790, 1543533104, 387893996, 369078359, 963800758201102337, 3824083360, 2992542724, 99176889, 4381628476, 28363145, 2965171816, 1184432761634840577, 105642388, 2341292869, 125694060, 3701443457, 1179877034157166592, 21314052, 1087651922662866946, 371086389, 725992841634299905, 947443377217462272, 1204886381987860480, 975777108138999808, 1426544732, 28887793, 1177065560527581184, 581262916, 15145732, 48824637, 350671528, 20452161, 92501611, 335944271, 2293346672, 53184267, 63546487, 722089543076339713, 14452313, 296878541, 1139264667380060164, 16463984, 1142014751939149824, 3062731787, 39564949, 3265581649, 1364643937, 1327081332, 821814254, 18776647, 29412782, 22785299, 17469361, 432574178, 8736882, 6433472, 863992129, 16808453, 525665692, 12848262, 31836780, 494395147, 398753946, 18789843, 158396623, 17679977, 22190567, 53599481, 98963477, 1024635324, 22842362, 260369179, 41569866, 31497170, 186154646, 455015129, 532380120, 54730258, 293128035, 33285177, 50716491, 404762168, 41147574, 593831705, 177568169, 605133180, 376386479, 423058146, 461627653, 20843656, 461353847, 605561439, 35849829, 315281773, 870077538, 838371781, 40042231, 36931702, 215996918, 193406023, 1006645392, 243680331, 1633343066, 368698900, 361436783, 429497144, 78208471, 54577612, 1368699390, 23742474, 13683952, 186555825, 128319062, 938038982, 607667041, 774139460, 1223101, 89731752, 1005809730, 2222893225, 2777308555, 2881515239, 16014160, 958359285452410882, 1962844472, 2984957133, 221028746, 399540761, 18957640, 2884661014, 727223487341977601, 92399294, 18167321, 39311841, 12804652, 1881339732, 943141936206155776, 2980369822, 2155435399, 2434090982, 2528003407, 718473372, 253340075, 28370071]
"statuses_count": 24
"date_followed": "2020-02-14"
"obtained_tweets": 24