"screen_name": "INLab_TO"
"id": 971786888641171456
"created_at": "2018-03-08 11:37:03"
"lang": "null"
"location": "Toronto, Ontario"
"time_zone": "null"
"url": "https://t.co/LCm14sHDGw"
"favourites_count": 22
"followers_count": 23
"followerIDs": [2437409532, 2911715415, 42307414, 2379228426, 1062778436266180608, 1138801497054097408, 22088400, 900108950, 1656179149, 272405852, 1494944304, 14955717, 1131525116, 235198532, 4879522617, 80322781, 4785229875, 50874008, 1019928572, 903613196589830151, 238434033, 616295481, 17605855 ]
"friends_count": 93
"friendIDs": [3265581649, 326811204, 794911555, 822114282, 2437409532, 2316083982, 917137956, 2974904457, 966750742831861760, 117027511, 272111097, 398884823, 95723227, 30028218, 19019342, 142821259, 41356543, 3176800714, 1045408135, 192405982, 441914439, 50874008, 110736955, 702237478229512193, 3063033693, 1019928572, 47667972, 1199793758495236097, 23074915, 756189818359537664, 4275468459, 1085244786897027072, 42307414, 22916700, 749788670, 631570988, 371871865, 2644973139, 3091484937, 2777047212, 2745659780, 775051276887392256, 920096512540995584, 339019080, 763024688700358656, 1206992529490665473, 1044674111467909121, 1062778436266180608, 369695460, 372185599, 29375475, 3142793708, 35415477, 969246178998136832, 3668057603, 22705078, 837006109906907136, 86948949, 18776647, 97709361, 164319085, 166588796, 745740331, 236544098, 273606960, 903613196589830151, 277012501, 1088048818921312256, 1342166828, 1849321280, 254218142, 23668575, 164691705, 1009102261811843074, 2280921378, 2375535828, 1131525116, 733388766405103618, 69643436, 3952467017, 4879522617, 1138801497054097408, 1010113458354999298, 1170044985711964167, 14947998, 136102543, 126173, 382970952, 329518010, 17605855, 1366561152, 962684011, 6727802]
"statuses_count": 15
"date_followed": "2020-02-14"
"obtained_tweets": 15