"screen_name": "jordanasinger"
"id": 957636435791826945
"created_at": "2018-01-28 10:28:13"
"lang": "null"
"location": "Montréal, Québec"
"time_zone": "null"
"url": "null"
"favourites_count": 144
"followers_count": 36
"followerIDs": [4814828921, 392863476, 1194322562324553733, 1225723658, 2647701213, 1097955732, 1162522485390303234, 1144586090193571841, 249478972, 1136656456726568961, 2391914487, 256768816, 3038429485, 1088689232321888256, 1093255476509327361, 717168018, 1146876846, 3614408355, 3603685997, 1058361597045993472, 3603685402, 1031897872986501120, 1025219846676664320, 426296046, 234059155, 17917369, 480001662, 575263853, 965238781, 52294841, 1495838850, 352079373, 315454847, 598606053, 261079082, 3401610610 ]
"friends_count": 156
"friendIDs": [2285177864, 326811204, 339798950, 1223101, 21238524, 2863488598, 2915629133, 14293310, 829403723453526016, 176490413, 1061143649076105216, 17525171, 17446621, 25589776, 16312576, 50374439, 16331010, 12848262, 69126756, 46116615, 197208081, 1099285167540224000, 3249994424, 37381709, 17293585, 436266454, 23027237, 421152159, 95610041, 23827692, 976604963743842304, 88749392, 16312352, 2396261311, 4185877812, 3327720838, 1194322562324553733, 360442326, 1097955732, 1546561830, 269552973, 18776647, 1144586090193571841, 73406718, 2584213500, 556006324, 47786101, 580097412, 834563857469292549, 249478972, 36712233, 846137120209190912, 2391914487, 1330151209, 759328238, 34613951, 321517396, 3338758405, 48901175, 3873328101, 2569284643, 190454829, 392864580, 621543, 215513890, 18874792, 18582971, 52137566, 116722593, 15235829, 25663411, 329107565, 38489678, 1138559054, 14216661, 406034400, 17220817, 976982145255145472, 91572841, 912988142, 3614408355, 971504962084712448, 14677919, 25087685, 2887170915, 1146876846, 249955011, 2330599207, 3459313828, 433026421, 3603685997, 736781290817622016, 1058361597045993472, 3603685402, 14230524, 393025652, 24291804, 4196983835, 272748500, 1225723658, 234059155, 426296046, 55063378, 15179874, 266689096, 23794763, 21927612, 2910393595, 2151425768, 2316298010, 480001662, 21212604, 15485441, 965238781, 1202058846, 575263853, 171682730, 965266179836252161, 74669397, 17917369, 270060119, 31339831, 203755732, 177779323, 237047303, 272149592, 1347713256, 14260960, 717168018, 315454847, 111220716, 1495838850, 235418842, 258163118, 1357588609, 352079373, 598606053, 773787228, 2985863513, 244211904, 127537104, 261079082, 174593833, 813286, 8736882, 3401610610, 56783491, 17243213, 35364809, 24215395, 372891057, 19038934, 52294841, 1149195548, 3377582547, 754804109463719936]
"statuses_count": 40
"date_followed": "2020-02-14"
"obtained_tweets": 38