"screen_name": "Kathy63672512"
"id": 1209999650800975872
"created_at": "2019-12-25 19:49:47"
"lang": "null"
"location": ""
"time_zone": "null"
"url": "null"
"favourites_count": 92
"followers_count": 3
"followerIDs": [1073217557384056832, 784193050008555521, 977220690515382272 ]
"friends_count": 127
"friendIDs": [200163448, 326811204, 33765068, 610522635, 880974586531196928, 166985114, 1901546563, 605106202, 1154078134641274881, 13049362, 1029092401262948352, 957826615890804737, 2938776590, 18725694, 784193050008555521, 19777398, 721551403, 45659218, 44949890, 1915336519, 67100366, 3165817215, 696043485657460736, 143526837, 14807403, 36756075, 98047213, 17929559, 866953267, 754006735468261376, 256883252, 800942202851467266, 135019364, 72073289, 181572333, 412221236, 291547392, 710838951989346304, 2579706949, 178690996, 19078594, 15588104, 63546487, 53184267, 275020671, 20139902, 268243501, 12369372, 7514802, 1035700913371996160, 985916593065476096, 67418441, 92565336, 199042980, 2421459163, 28185163, 28221296, 19279990, 2228878592, 106562658, 61047667, 70740986, 98765275, 92860137, 813286, 47786101, 323417384, 826108328312987652, 1347713256, 354133033, 24691376, 913812620, 1911471896, 409486555, 241382835, 16264006, 127377113, 107500136, 21108916, 154221292, 878204370403250176, 23690344, 29442313, 79293791, 253340075, 31718004, 18130181, 14230524, 27083523, 18518096, 254274083, 180266993, 1022239538629029888, 63296944, 28706024, 427893257, 72915722, 2893511188, 779898205, 3004871415, 13298072, 2150327072, 12266442, 81783051, 36746176, 82455213, 21447363, 104040220, 69170362, 2612317952, 216776631, 51742969, 268414482, 2155649270, 750751206427860992, 807095, 97737655, 103012173, 500190142, 169686021, 85603854, 428377986, 260114837, 1011299792499048449, 2590343180, 2180960345, 778663130566004736]
"statuses_count": 1
"date_followed": "2020-02-14"
"obtained_tweets": 1