"screen_name": "ktgbng"
"id": 959209478
"created_at": "2012-11-19 20:38:41"
"lang": "null"
"location": ""
"time_zone": "null"
"url": "null"
"favourites_count": 1688
"followers_count": 60
"followerIDs": [1916023663, 2673921332, 757072378266578944, 1109416306128805890, 960702596997697536, 186624929, 1040099989786120192, 769372798632488960, 821644724, 873347818248957952, 378215815, 560421318, 437514782, 778264230172758016, 541903917, 444023903, 733094840678948864, 734927164697640961, 1556208330, 2604749494, 830422178, 382301642, 1942034774, 469849036, 85171147, 450979334, 447661646, 593161311, 1661959772, 2263229617, 2871921451, 3433628307, 2169013057, 1631847282, 2724968419, 2755676581, 313270186, 2704381353, 1081412276, 105902466, 590397579, 3192644795, 2888146479, 400277064, 905028889, 627901899, 425309863, 2161206469, 2800922794, 609782622, 996145249, 1613692093, 892680294, 1160715510, 412353321, 618276678, 254554732, 961695098, 959277799, 44454928 ]
"friends_count": 64
"friendIDs": [326811204, 285694773, 2627459158, 76179418, 757072378266578944, 2673921332, 543263705, 421542096, 932112668542099456, 1096482818065076226, 22452361, 13992132, 2916458450, 546076148, 26981455, 1216323763, 33821519, 754006735468261376, 21247989, 800942202851467266, 166747718, 1109416306128805890, 186624929, 1916023663, 1040099989786120192, 3105826730, 120689778, 769372798632488960, 163697807, 821644724, 1482982783, 377154323, 355307031, 154280902, 1223101, 2767174197, 21116266, 776860630934360064, 63302020, 688583, 778264230172758016, 551079787, 541903917, 382301642, 1942034774, 469849036, 85171147, 447661646, 593161311, 2263229617, 2871921451, 45709328, 3433628307, 1631847282, 2704381353, 105902466, 421830010, 627901899, 425309863, 2161206469, 2800922794, 609782622, 16589495, 961695098]
"statuses_count": 178
"date_followed": "2020-02-14"
"obtained_tweets": 166