"screen_name": "Lalacan12"
"id": 1164554329581346817
"created_at": "2019-08-22 11:06:19"
"lang": "null"
"location": ""
"time_zone": "null"
"url": "null"
"favourites_count": 780
"followers_count": 272
"followerIDs": [449066365, 1411003476, 895922425409482753, 3310671604, 569205137, 245670211, 1968604999, 1541601522, 3145274276, 1376990941, 2311858483, 1216409230116302850, 2994645306, 1061906956338651136, 823117946, 358230596, 1215548999496880128, 33191288, 600753, 1143973947307896833, 1215231601229160449, 746417655750373376, 1173297693017481216, 567372692, 2214583934, 997817644375072770, 205352301, 1098259592801370115, 2696859020, 953000804, 225779417, 48477003, 1166218429696811008, 893789672035332096, 976644645231919104, 20895618, 1222222232316981250, 191940199, 13842992, 95409978, 782237022522146817, 990662729466867714, 1216644355978559488, 2147836056, 3089648876, 194951877, 343322188, 1201439382751891456, 1101890334747967489, 1211994313636270081, 1071338649030180864, 912035708180865024, 246910426, 2328107519, 1073943508287799296, 1062340558776098816, 114127740, 1214670329848778752, 1159843890406408194, 4698344575, 1098075938619830272, 1019743517789310982, 1195205097321578496, 97463399, 781080690490216448, 702798054357909504, 321486173, 49328633, 4211742339, 4355633963, 1219241052978237440, 957412446, 3432595179, 164762808, 2901964056, 803150700481908736, 858097596, 1217146095173808136, 260347359, 1189926720134139904, 1053630362369380352, 1404229620, 1209370461127221248, 955482829860868098, 1014332942884245504, 68382801, 384997325, 491630866, 1198237945, 866678733217959938, 143708147, 39950910, 700616268, 2476843155, 19604842, 812779176797368320, 386058412, 3027125806, 944290680758788096, 4271386823, 110692399, 481255045, 1164508009718079488, 1209134022888214530, 948805626, 968000268, 624406888, 1071522489954656257, 1133017510511546368, 1200774310819971075, 38378898, 1199967959936049152, 59526747, 131222050, 2972603730, 974060471870541824, 752325773390938112, 1200041446474158082, 175433711, 927820439744901121, 1057275116420243456, 982496070151364609, 1188148539827855363, 1107368128240144384, 1193388216952295424, 2286189025, 1156104274818080768, 841348519789228032, 827170844627529729, 1159911389844164610, 261788602, 1083755655306055685, 1087046189424336896, 1108388153000288258, 167376255, 1124279591416340481, 2352473312, 822789576410402816, 1088781352604966913, 1084822870784704514, 1192179953514799104, 233564090, 454220261, 1117700626190938112, 1015533340592607232, 1185585684624621568, 1181512608156995584, 2432551148, 383816656, 455713101, 54505280, 125329526, 337291312, 1121080124756115456, 262096548, 1028352457397743616, 1099684264029884416, 2782023710, 1152861429701251073, 1173343535896190976, 1066144761432719360, 1084205604028235777, 507470756, 1087947279464611841, 2465033867, 856998988377141249, 1106993577299767296, 3270583988, 885084290, 1146084766674018304, 17133739, 117962892, 3050271631, 1079360602454163456, 27213810, 1166078294325891074, 1119178394959327232, 1145322543768883201, 103046392, 382841442, 879773778292637696, 784223394006872064, 43378897, 541386111, 18236839, 65967525, 1181268150094045185, 1041871582719815680, 2345690571, 1152072558042161152, 968897846870233088, 787075957676965889, 794636698374336512, 1082216290176172033, 1173743156166352896, 561284200, 1135014625681051648, 267921417, 1011777828696625153, 2301836387, 1159111685468237825, 1070876846710054923, 1913385001, 1132072766985973760, 555916582, 1173548661730660357, 2855393821, 1644485852, 920831468498120705, 971842581142298624, 745307417676742656, 16124978, 1148817981121662976, 1174371674000695296, 198626806, 16960028, 404061692, 1065389543849934849, 1025384458399166464, 47962856, 1161133237386850305, 1168924996531564544, 1171098815090372608, 1173846455875977216, 2684865902, 1170386225020248066, 204838642, 1027847403150434309, 27649069, 14760511, 1162911952638812161, 738806955301470209, 43085805, 355083229, 927887450235486208, 1151199236429668354, 383142154, 1159216507999723520, 1162861254467362819, 825594316382937090, 120022993, 1468311140, 1378568346, 2291738725, 2150990551, 875023904791601152, 1137353703864672256, 3351345863, 1025755706174124032, 826141908590268419, 1148426393140834305, 955578024975626245, 2308125870, 702189077504860163, 1078905697771929603, 1106649594719621122, 1070128402827526146, 75536612, 1014111951222386688, 2535539037, 2787488934, 1337690030, 850024968, 1124195118326661120, 1125485684784017409, 951532700, 3194199607, 1144110380261814282, 3309451208, 1148847841193811968, 2641683076, 755800540513181696 ]
"friends_count": 2369
"friendIDs": [2863775537, 3229974243, 1044699969444343809, 1159561166873649157, 15580900, 224749835, 842574937, 2962351697, 2715814017, 3310671604, 16558943, 1376990941, 1411003476, 927662736, 2743684155, 3086206383, 1125660593850068993, 245670211, 1968604999, 61558830, 18949349, 24528762, 130138925, 308481441, 354549645, 449066365, 777678606, 2891855663, 4417594577, 747047659798732800, 753172725368258560, 895922425409482753, 1121479590084513799, 1187060364904669184, 1228339638781325312, 1541601522, 1127117666471297024, 1542943110, 1228375463678160897, 3145274276, 1228122782355087360, 720257453221261320, 171079288, 820353746, 188412761, 103009588, 75507528, 339229967, 321633743, 2739786538, 1197631754, 277498238, 297845154, 570729478, 962295373, 104863726, 257895805, 881585266359775232, 307322421, 281042763, 390337832, 847898911360593922, 124154899, 728533968, 374958501, 312011499, 942373471409098758, 2354724801, 505931182, 80812413, 238618278, 294095323, 15484198, 2811450877, 600753, 127976972, 157467050, 229788497, 326661983, 887648194603212800, 132549515, 25621757, 19443418, 751100730, 100319693, 705151987, 2323641462, 3015046919, 91067167, 252061740, 819675977701879808, 19916858, 264953942, 2718088905, 88928528, 4920095813, 195082395, 3020474655, 94421286, 17981214, 249199425, 273375532, 1162737624441921537, 1113200918248525824, 2170642664, 3252477854, 1112379740688707584, 1215231601229160449, 870020082, 3220208090, 1215345101062463488, 38203232, 945917263, 781546644902973440, 756584190112591872, 227117834, 3072783826, 906969248, 963435036505550849, 918865697639419907, 769203031330127872, 2613454796, 881731343213789184, 19979118, 2809959174, 16266037, 28499919, 4846240813, 561541671, 245957649, 419842708, 594171487, 255554825, 581327138, 33191288, 20460548, 1107400697325207553, 1351904456, 22457943, 374155276, 893581615334641666, 246494101, 3265235545, 723186972114575360, 1008452363311505409, 1243918802, 824435246963761153, 150208608, 200111309, 463349774, 132210296, 73278102, 2715271017, 431141725, 755202419915579392, 419505146, 3212840637, 4906637272, 2371939506, 823117946, 3561560836, 17451213, 1568251136, 908079530086162432, 1888560680, 30909073, 25379679, 622070832, 220236101, 176516949, 959616290, 281756297, 990263950615941123, 737845880980525056, 838819167998521346, 260357744, 562640045, 837380338208944128, 2497376912, 879446397942206464, 2394924240, 711600576, 933199926, 1087315136, 8743302, 326811204, 2854032001, 1108358138154151941, 1221270776797679616, 2902824763, 1504618033, 374163219, 2541289932, 718302745, 176843542, 163355227, 20266894, 880755910230110208, 4702186822, 93028795, 130557513, 759786534, 357126037, 1307985864, 246466184, 34073980, 314028887, 1100495734829445120, 1093148755308789760, 83843452, 954518936, 2263105532, 431773266, 59378275, 414962189, 482543305, 1358520301, 2723802684, 1571428436, 2897636287, 286237212, 773371834121191424, 1143973947307896833, 258289977, 1216836164822470659, 965945523499950081, 985146109759836161, 481751357, 1173297693017481216, 1215176143235665920, 746417655750373376, 927820439744901121, 295932014, 216842530, 216198225, 1055070224305807361, 211532286, 616515257, 901865507011350531, 2696859020, 4467267340, 1171844576233041922, 394638078, 796840239394385920, 54310289, 992866249733476353, 1018756318168014848, 1083759298667315200, 1166218429696811008, 35483731, 48477003, 893137046197424129, 898272417545502720, 468214724, 953000804, 982974299932975105, 1068191684377395201, 1098259592801370115, 119519642, 225779417, 626697673, 976644645231919104, 1066697138506211328, 41990757, 2334494892, 96662662, 54189081, 102969620, 1711403796, 73179368, 15156430, 1491829112, 172869874, 4870035299, 862674332618809346, 250914107, 965447030456844288, 27187343, 2214583934, 893789672035332096, 1260418386, 1207672185545986048, 19031346, 29472053, 739094150075813888, 782237022522146817, 17215510, 14930580, 94031126, 15985111, 187303481, 1964862775, 711034734105763840, 3948308435, 3171668783, 191940199, 787847417395687424, 173131940, 277332906, 95409978, 715432777429217280, 3152555541, 971466492356251648, 1065412329922330624, 33315010, 704798725747531776, 846411464885747712, 19452549, 851394863564288001, 205352301, 195306655, 13842992, 2288286954, 869651585856675840, 1110709190576754688, 1008034586599788545, 615963, 14620853, 103709540, 567372692, 27888895, 791487553023205376, 384900025, 24924400, 710757390422040577, 435331179, 18544958, 20895618, 93871532, 110396781, 230543312, 728584673052352517, 760237308553654272, 1135215221201612800, 1191176535643971586, 233735418, 2338811370, 998522904856989701, 900378331920703488, 264483918, 458955972, 1092670076610928640, 66436079, 2227188306, 259158556, 71048726, 801549353227841536, 870361650238562304, 218975278, 795318649011798017, 1211994313636270081, 906997966346604545, 1101890334747967489, 3030519044, 3089648876, 4832493707, 1111640350869913602, 772730824751980544, 1200470533961334785, 35165769, 267664203, 559837187, 149479608, 1033347878, 912035708180865024, 72782169, 217593792, 1201439382751891456, 35323157, 5837722, 901808851774779392, 2300861311, 435668970, 58734217, 56179192, 1127543609778147328, 890656879, 776499458385281024, 56231730, 2771125382, 400046267, 42497450, 343322188, 4050739455, 874198388425736193, 3106815751, 954279037790294016, 194951877, 1166020488449200128, 714996735, 18730534, 422737012, 28539960, 246910426, 431614229, 3632005221, 990662729466867714, 1071338649030180864, 406514733, 1037390488544927747, 144961200, 276085919, 46460258, 2570934260, 1019664921976557569, 27829639, 312117927, 373556984, 1481019404, 769021916652924928, 23772385, 226037111, 216252276, 975747404501803008, 189150044, 62460330, 446691309, 1019743517789310982, 723512837432336385, 57143529, 1164709675302080513, 823508133398085632, 38717507, 1050866114643804160, 7864222, 345771109, 140543843, 20254142, 97789307, 67729606, 303570158, 316463302, 437953911, 234412394, 963430720780816384, 2168988270, 14982804, 992013344415633409, 62513246, 1153718628870524928, 3241815857, 28797496, 1219241052978237440, 111722214, 588513335, 197192859, 874458628119461890, 15867965, 28926581, 245237505, 702798054357909504, 1443918637, 946851420489297921, 955862442768261120, 49328633, 321486173, 776528756, 1113134845172047873, 2603267395, 49388980, 1098075938619830272, 852971478861705216, 309090843, 187147866, 864030687120281602, 272468049, 952489681442299905, 2468954454, 21174980, 1694715510, 3542109974, 297126538, 17761566, 470919829, 3158148483, 1155798129423396866, 3302026384, 3188096689, 1108922623226990592, 781080690490216448, 1023999750218100736, 709732368, 600019268, 3410937027, 2634100330, 1159843890406408194, 1128589315997675520, 2193355739, 298602588, 20098063, 785146917990825984, 4211742339, 2655304452, 39720664, 891083329, 4355633963, 20479730, 814978410, 1426814712, 1531613172, 969565632017653760, 399722029, 1116001332522041347, 97463399, 4553061, 999196809548435457, 1107357333447942146, 115701616, 244787462, 937753887485939713, 488497541, 36629430, 747689947, 58169148, 3094499026, 255455879, 30454224, 245750161, 69043117, 2805420278, 259316918, 837799130, 463066783, 19157601, 568928861, 108970750, 298183575, 445580192, 338652198, 146191393, 26728114, 21003644, 879801440, 426509775, 130113110, 175419546, 19619776, 26012202, 17087304, 43306320, 252734430, 35206553, 63202029, 3432595179, 1409901620, 20675681, 750353661470048256, 3245179401, 238299801, 164762808, 973738226161717248, 159454866, 219256799, 2901964056, 957412446, 732022833761689600, 133269529, 2867653361, 17876828, 914426737731174400, 3037495037, 2325734423, 1404229620, 246951711, 3802119923, 710785648890929152, 310382719, 2334725502, 973927770005889024, 13314572, 2316224708, 408400636, 311439292, 1090199683081875456, 413775128, 601243970, 382714056, 142716870, 76757597, 2831946942, 334282415, 146076566, 815496014, 2989687437, 373950403, 162534844, 831887970563215360, 2827559975, 1606802018, 972249961, 373460637, 3156965084, 529344855, 1221377785, 145707553, 22272053, 19655985, 185367953, 34960648, 204370454, 185759091, 20904490, 29462444, 90146016, 17843175, 92614042, 58431280, 22419487, 46959037, 3775360879, 446719282, 3101588527, 427089628, 72862939, 1182382878, 150732943, 20972371, 2263437272, 316327930, 1558996520, 44196397, 1504336182, 85696640, 195516141, 171585572, 156004026, 82811968, 343836872, 3280824355, 221579212, 331668498, 128654021, 822248513807536131, 1552203115, 5885192, 76516127, 24104090, 841845684399677441, 30766429, 343555106, 803137619249033216, 1058387040537100288, 1062387588030390272, 968973058428960770, 618539620, 857133258, 293236611, 306567446, 330032944, 2878758784, 4767542422, 1935758870, 2448038586, 2836901278, 1245014178, 1317067591, 1120917445, 745353602470907905, 3184635206, 781091718, 253744548, 30695691, 28482819, 189178986, 1524603146, 2834531901, 470987769, 2868406642, 17013826, 1407829592, 792182745942233089, 769576089379229696, 552857841, 2722449887, 725131849, 172251288, 922197042, 1411736683, 3098446532, 1043689013591199744, 6746532, 1034913472847347712, 1081751535242104835, 618726293, 2216814458, 744515922, 869018702, 306027786, 464014458, 1347881942, 2546973722, 1969665127, 44216934, 1029122538, 476351761, 735221894853591040, 24522990, 75561107, 3748315461, 18891076, 2301990517, 896258742, 623230663, 3267456386, 274567177, 326094758, 547021339, 251821643, 700616268, 866678733217959938, 1470559026, 1071817859414806528, 48243028, 23852306, 815722645, 39950910, 754018925357232133, 803150700481908736, 31309761, 329567714, 41996079, 119806126, 491630866, 2476843155, 20609518, 540552536, 44069051, 85351560, 25405965, 1125353289292210178, 803979584672763904, 999685683148095489, 2237868823, 581162295, 1147894395297062912, 65655453, 1738691599, 1201503766341672962, 753005970318626816, 33822407, 26239721, 861919615752044544, 2289160027, 427043715, 1660638522, 898928754, 1140753106092752896, 3226426404, 37534994, 130496027, 3974088923, 301627364, 272206757, 972165859216109568, 895971572393156608, 858097596, 165660881, 2707633538, 17837933, 3224540611, 143708147, 171746969, 1198906399931207680, 3064154240, 1107077552705687552, 283089764, 99322430, 68382801, 178668890, 15503210, 402592986, 358165174, 1104969686960218114, 15721256, 33822601, 1056850669, 2615042725, 259597419, 31101566, 75842186, 16573941, 27938182, 1203410900063010816, 940573848847630336, 1192660259363377152, 601000227, 16926249, 174329465, 62594204, 3293406121, 1115376342, 55285564, 1050059163269824512, 2459644405, 1157414114039173121, 2429844917, 876196231797772288, 2823069818, 259974170, 83075662, 863320472641044481, 978111114591555584, 2904179780, 361937077, 812779176797368320, 829715365223682048, 23132135, 1185255159137480705, 2756874069, 19604842, 422974363, 1006083712411455488, 823729085318885376, 15174218, 1160952113314390017, 1073237029037711360, 871192115975507968, 160995279, 896778379143327746, 102766938, 13215382, 15910338, 16326882, 866037773022765056, 917972406198775808, 40086064, 1162154704136278022, 1116161197710225410, 1162787750149591042, 1065376239211503617, 1104774572384100352, 1085266124227440642, 1185701932331085824, 4879853931, 1174390911935156224, 902771323, 31403779, 386058412, 798262701906677762, 1187767471585071104, 449600949, 850946989, 1197337122350481412, 21418443, 250435101, 103436778, 714466934633398274, 964535737461936131, 810590628727914496, 2297072474, 1169475533073240064, 1036963226423058433, 260478229, 1081665484465033216, 7215512, 858083774717808640, 87792156, 71019945, 626245268, 771912380, 79749258, 374813384, 9900222, 37150913, 33136420, 21867024, 95894506, 3021697442, 3018968748, 22737278, 105973401, 21917716, 250977033, 16619103, 2758217931, 1322965681, 730826238407901185, 575568280, 246560945, 21669123, 717867063486775297, 32702382, 3817711873, 87853386, 9413702, 34485937, 3397734904, 1293951721, 556865087, 21786618, 7900962, 742453163098296320, 48166344, 1130570910120009729, 202753009, 779256357329436672, 996924150915706880, 80389437, 28741009, 23824321, 953981784068419585, 117381909, 24280940, 76539575, 45527036, 31301866, 158967809, 271790190, 25790663, 153247238, 65169350, 536784023, 33268103, 43782334, 796092695542452224, 18445866, 52218958, 959371541862600704, 27465366, 37093963, 28602548, 28198045, 25784185, 20003409, 346649822, 26916261, 1074538452463640576, 2926002868, 17757647, 1450298610, 21970248, 3272016780, 105269093, 155653061, 4271386823, 328021485, 436907092, 1162217870270406658, 733383856154365952, 843289839176966144, 1621264855, 1029717789249028103, 378295286, 903076049629593600, 92317603, 23593446, 2269513873, 218465300, 2394338480, 2917736960, 90415109, 116729780, 140669654, 508179661, 338778603, 193480159, 924736705156042752, 128408398, 245077808, 22048072, 25962712, 603096560, 738538436, 2961156796, 594030404, 589266940, 49748018, 634814757, 16583208, 14404018, 274748723, 2856193664, 38316003, 1601471616, 14134967, 267336371, 277748581, 834816830, 170914017, 1080893918592421888, 774052302986641408, 27055038, 19568027, 101047907, 81111572, 1877825882, 164135607, 66865119, 310068406, 43308828, 20652971, 218653518, 481255045, 68917724, 359777060, 15174510, 3057311937, 17303935, 3315015969, 3240695943, 4432916014, 108691306, 18918414, 28066607, 1134983838352912384, 938579989427048454, 1961445972, 34419095, 25423508, 34312352, 15250836, 14823212, 9323752, 979100442, 292640545, 3298708805, 285988565, 21148783, 3234484764, 1028745211218931714, 1131581844301000704, 126900643, 246980471, 365145609, 704430637, 353296962, 1170057716167008256, 137559066, 1113966772892438529, 182461814, 706176533728239616, 1132205998167527424, 91269505, 17768442, 298261239, 155260599, 2674458072, 277880167, 55080227, 14529929, 23330998, 24859220, 66917778, 182876615, 334683142, 3301508964, 12588712, 14224719, 14811485, 15492359, 18725815, 20536157, 239548368, 240265305, 3162521825, 820354372827758592, 16017475, 25984418, 63707684, 79173926, 189376144, 348974190, 380648579, 817165422, 2904913023, 822215679726100480, 14072931, 20973388, 68034431, 83567424, 87775422, 290735485, 303862998, 497151055, 2797521996, 860188105982320644, 435571397, 2288515068, 1626294277, 22812734, 2329066872, 2465958361, 14190551, 94357028, 108140114, 351812038, 420366322, 1044647459581038594, 23839835, 30181014, 191807697, 582645601, 1112903145838071808, 69231187, 17336372, 19902709, 26744267, 20159596, 26727655, 124690469, 200167811, 314831968, 393950969, 3408845207, 813554157097459714, 885800909581815808, 16231640, 20699709, 26792275, 310960217, 21855139, 45055696, 465973, 5680622, 18424289, 18432426, 87416722, 302259645, 1870998606, 769608308915314688, 3299212327, 3362016513, 49034649, 885947823749033988, 77540359, 782935785658052612, 297186667, 634743512, 3407247983, 989613507552448512, 59526747, 58036645, 3307929149, 577319613, 38378898, 2972603730, 3480231383, 4773061958, 1576008926, 2350408909, 44588147, 2193472695, 790653885501374464, 974060471870541824, 1024797881293828096, 2789796886, 1356792044, 2603035003, 1129028163084914690, 1700316024, 249809561, 17033908, 14893345, 271344282, 1650371814, 1722856674, 411803500, 720102597668040705, 19919877, 136006220, 497115548, 168370714, 561346507, 2256894655, 94516124, 115921706, 2989213178, 2559234067, 1042468634810097665, 19027810, 50245244, 1730101531, 35196048, 1106639826072276993, 2352964938, 635613273, 636066522, 201822079, 189314574, 29018269, 17378578, 20766889, 20870264, 224625767, 87954792, 98960070, 1863709446, 220633000, 1451001662, 2756608255, 144507495, 1081549919926870016, 46710317, 377963719, 43356669, 390034235, 431029718, 131222050, 1179435291272237057, 2411278617, 373689086, 21729713, 7849842, 1512021254, 13505402, 17762864, 2962496092, 2576804940, 2959304469, 28117421, 137792515, 241201438, 288277167, 15146659, 11640472, 704116048161853440, 37851876, 2355253854, 968656108792422400, 947512253410025472, 143890458, 1659737221, 523804354, 47556937, 310374952, 580312540, 185360823, 2157294906, 43371505, 774407512598704128, 34126745, 14512716, 174880041, 701750402786717696, 225265639, 377766775, 143991014, 2185255711, 361919460, 113061485, 2477854855, 2209778173, 824317598414340102, 47455112, 2228878592, 714540346617761792, 18400972, 1634248890, 2030711, 820431635145510912, 1947301, 19146492, 329115426, 340418291, 254873869, 805819306873417728, 2286189025, 39364684, 18086480, 4735385897, 871018516564107265, 1434399565, 17756081, 383137943, 21059255, 15088481, 22532954, 22084427, 2384071, 245280998, 611986351, 822789576410402816, 988185682828021760, 19411494, 512554477, 514198973, 985749294, 1874126294, 2316383071, 827170844627529729, 77314692, 308379387, 438923476, 927818520, 186851624, 47740807, 240890205, 14700316, 938056926, 1007526580917297152, 15808765, 23807759, 69545227, 230058785, 3128286665, 743958793290190848, 172867574, 261788602, 460455648, 619532468, 2698652570, 738806955301470209, 80765144, 16879936, 207950470, 771152516, 2352473312, 218597735, 48818422, 630516674, 1263706735, 919245692350156802, 1121037213859491841, 1119502444893999104, 1141953790360338432, 1150481213343318018, 1083755655306055685, 1087046189424336896, 1085992180882264065, 1178600052379529216, 1172581720358641666, 1156104274818080768, 1095256849341956096, 1088781352604966913, 1087287913509924864, 1084822870784704514, 2871521585, 1077602110626299911, 1108388153000288258, 1192040678097932289, 1192035199825121281, 1192033282826915841, 125329526, 101542844, 138331342, 313266197, 746810732197588992, 769175293617643521, 907390834143834117, 873736014967255040, 985141694747365377, 1135162263541899269, 15557246, 170291358, 187461322, 256666557, 233564090, 383816656, 968084252, 1701825385, 2169133040, 3432209199, 219266194, 241959522, 326184301, 458008892, 978989460, 1245840830, 54505280, 942460140, 337291312, 94182272, 826382447885574144, 1420732622, 270484754, 276813374, 999967995102420992, 1525183634, 847735496633536512, 53904129, 392259522, 455713101, 2432551148, 43745177, 1699729616, 996474904206864384, 1044244568538066945, 6531902, 300872531, 20098015, 992149270399725568, 893568606, 2365896248, 4645666301, 16242432, 733738224166768641, 2453481939, 37538986, 826994232552337409, 47975126, 253035662, 56575418, 3314289248, 4203239195, 1003302627705319425, 4303298356, 198584761, 75461803, 1180221350495035398, 823649702738595840, 291321907, 898183728, 625689924, 48780338, 29292882, 707419251313876992, 15699801, 19545932, 178346121, 265987740, 375191184, 1086657638, 3028885138, 84816752, 111352166, 895017068, 1117700626190938112, 17654763, 215954615, 897830540, 2172929888, 2356566228, 21862217, 189259504, 3007419958, 2422429914, 14346260, 128402033, 1062446422170198019, 47038512, 93953864, 182644091, 1028352457397743616, 30833016, 53430211, 61319198, 67543421, 214708464, 1434950630, 1015195208303202304, 19558157, 61214134, 2782023710, 755749623491244032, 7530762, 21733692, 22742653, 42580249, 43317553, 277535697, 290061912, 1169615444, 556003260, 764816423764029441, 228648824, 1102619369270591497, 17133739, 830148115457925120, 27060462, 125801505, 1099888301736165376, 1108076361854251008, 2493412550, 66029328, 1092541828203757568, 1140657529799626753, 117962892, 1110565609505505281, 1080281618399424512, 1144717405811163136, 3695759352, 872609440482111489, 1104928378237472769, 3270583988, 903997129424859136, 1068285150641995776, 1126134542757187584, 16358225, 1105113081418526720, 249547283, 47340859, 1332630685, 2374745089, 3241154353, 945012234215755776, 1615736210, 2347515790, 1079360602454163456, 3050271631, 21579498, 248023936, 3346989874, 887694674, 1013374544, 1108492207483510796, 1130954116082089986, 1106993577299767296, 27213810, 3220745300, 885084290, 1128278413540769792, 1152568187097100288, 2289637122, 370051250, 231060356, 2596891314, 370071920, 358230596, 49952357, 2614351981, 1119178394959327232, 17037382, 49568059, 184712738, 232683248, 960561534480117761, 956047380851326976, 879773778292637696, 2982318231, 3750072257, 1964335494, 249011520, 39682124, 2977746270, 20731951, 840163803811594241, 15664454, 190613063, 474708096, 1086739115482202113, 382841442, 517717290, 18602791, 37702946, 103046392, 3387140470, 14853258, 441019292, 524012461, 856998988377141249, 20865547, 258867868, 3146419548, 3214542081, 733347662913757184, 62842225, 223677341, 221882143, 2281096064, 708735166802489344, 2849900820, 961268542875332608, 18236839, 43378897, 60698597, 65967525, 145293872, 168350399, 149200804, 210946194, 1292013140, 786581633101074432, 870769198758109184, 934384671424679937, 1144249488283983874, 1117080298620162048, 1130823780333379584, 194266566, 289887039, 415582246, 452194720, 986670360, 1198237945, 2731567078, 4674524173, 723871819585970179, 819204802219573248, 1045353036347060224, 581683890, 2918896098, 204706399, 206379629, 1135014625681051648, 360745762, 1000685243181957120, 1177574425773977600, 1619670397, 20424666, 1159111685468237825, 2832335447, 1174428492957704193, 1041871582719815680, 1176872738742517765, 2292038776, 28505924, 64590441, 3217743118, 49591803, 2301836387, 1082216290176172033, 14948124, 18478514, 837484490, 2243144856, 43350173, 223610043, 2201664825, 1061765073885188096, 3708247336, 765241482974470144, 421576230, 2345690571, 872293403614171136, 986642034822791168, 404764386, 1021123121661657088, 853229442, 37254906, 4858994584, 1497777648, 442216047, 2209481438, 241819529, 2529489349, 2849564317, 862579226721079296, 988040724737294342, 414418256, 2248389990, 201470396, 443096662, 3115369244, 56848238, 3309013458, 1951449914, 251359942, 162620363, 1089998124, 168836630, 267921417, 3027221087, 20227046, 1024352074048434177, 80909861, 2671231657, 1026201375129194496, 841316834, 1044890878534389761, 1098508171470139394, 107651327, 561284200, 1093097363743358976, 4493557462, 789493755535499264, 1011777828696625153, 1107062190937423872, 66808691, 313221429, 357091540, 3277990051, 867835714700025856, 351371990, 827531635121848327, 18693861, 758042170968375296, 262096548, 381948453, 787075957676965889, 1148251417943126018, 165574970, 2465033867, 363771758, 18492970, 154879881, 3016784925, 1058391721061613568, 1070876846710054923, 54308395, 399814808, 449726770, 1339835893, 309302492, 946771097692893184, 982496070151364609, 3907597939, 325480259, 86934793, 2704577472, 351347712, 248793067, 588656387, 794636698374336512, 1109870218199879681, 796279777124634624, 19605981, 87106524, 705146580136042496, 578601744, 728532788303929344, 800594084280705024, 3308164015, 994696955526819840, 17801749, 1079029204606320640, 178771060, 968897846870233088, 319343981, 1087230392392957952, 1204008823, 1431335875, 1352385061, 762373104, 1913385001, 1102183002, 2818537898, 913078064, 588035789, 836032878, 1039174405203652609, 1017084306307604480, 829197151280455680, 16871117, 1091199108654628864, 1023798694825476096, 20745493, 4790358079, 2871523580, 348166536, 1035307413153275904, 735347918094368769, 738158528913756161, 1093264681, 622713510, 174323486, 913252447, 868339771319386112, 257190136, 591982810, 23542279, 2813049204, 292438708, 732462837071642624, 217872530, 4844242528, 134599244, 18148460, 118938550, 379442837, 1117648282904174592, 126432073, 23543561, 14120044, 15890316, 2213640960, 866543810481856512, 1171411334325424129, 878230827020292098, 3014182328, 2321561646, 161621016, 1171714017930305538, 1168353039440211969, 1356035156, 174063597, 1160440760354795520, 1003820696, 1156007972926963712, 704234212048515073, 1644485852, 148998247, 800538022273896448, 56083026, 18408045, 588732151, 21995533, 185614627, 17682476, 58974496, 31561463, 129805651, 16884262, 327246006, 1315921093, 41088384, 311856115, 465936656, 16093222, 35715963, 16777464, 1159462651409252352, 16124978, 1168590872239169538, 383638618, 1146130823126683650, 1173548661730660357, 920831468498120705, 885976840887824386, 196285614, 875964348698697728, 971842581142298624, 960465725063344135, 21469277, 456420532, 86261027, 1148817981121662976, 745307417676742656, 1034953299894657024, 17822926, 198626806, 2965013136, 318937322, 1174361430411247616, 1174371674000695296, 70508992, 859479302366261249, 421494424, 4826563611, 25799963, 17898274, 18805188, 1041044041, 4849898158, 98824984, 111216929, 968889962354696192, 845348489777332229, 286811443, 93330058, 66533920, 2725669979, 901231734, 24950207, 257549385, 3239853627, 3075856310, 4835593824, 18810650, 458645648, 1173343535896190976, 2293497098, 555916582, 1147991406750789632, 796459122698940416, 309879712, 242827966, 1068801001027710977, 230856417, 2177152457, 253152695, 285594016, 1173288190444212224, 1025384458399166464, 1172216213444935682, 1168846620655542274, 1071662478, 21359790, 1017800671, 65697757, 2423830130, 1166371355778080768, 1159444644234715137, 1161613699104288769, 21747151, 897845107495493632, 1282992236, 1099684264029884416, 4272589233, 958574627185455104, 150049281, 114412574, 66673916, 548528470, 69080476, 1170386225020248066, 400816633, 1130888696838971392, 1133382040072720384, 26533870, 48744936, 392638537, 730313428083019776, 67870807, 177572121, 561997603, 148705120, 1172532417590190081, 1171098815090372608, 306870928, 260234718, 1173743156166352896, 1156404772636889090, 576251766, 541386111, 53641156, 825585850910060544, 33969409, 599213628, 1173850222600081408, 1173846455875977216, 1169895209619996672, 273635216, 480758104, 16133363, 634562226, 18361789, 15106273, 69542741, 45227179, 18874097, 168090600, 144091285, 748629170759077888, 15712183, 2306621237, 22146373, 153821998, 268809577, 20854733, 1251717714, 730385110764277760, 26881832, 1006232241423429632, 16960028, 106515221, 2933920705, 895118556504797185, 204838642, 161063168, 303141285, 8805922, 47962856, 22221730, 102672485, 1126211065, 2684865902, 815160565853224960, 2728534228, 818128005667008512, 1276616960, 1315773684, 45161128, 911097309248630786, 94210284, 191896228, 927887450235486208, 526551505, 34237773, 740855442, 3027125806, 483702063, 2557915058, 3303031570, 49129289, 211288358, 817152932022026240, 151879250, 384953560, 135749583, 854088145675145219, 415075929, 354570003, 136862815, 186585181, 50885824, 919310282, 208540102, 239499378, 15127834, 255545898, 162436508, 937116781768003590, 1144882621, 71150575, 2968635633, 85728309, 174847568, 12267642, 14981648, 34002725, 266445231, 1040597815548772352, 43085805, 65166471, 13494642, 3079226197, 1010279301407739905, 355083229, 491106532, 1151199236429668354, 456794981, 135837338, 1169975447658082304, 15023068, 1034509775621378049, 38535659, 1120492525960220673, 2723095804, 566021395, 342347053, 956452369, 785545254208360449, 17519205, 26684537, 854165685420916736, 28493823, 47799986, 98576802, 306896118, 399814591, 312973175, 948805626, 427904994, 20788714, 387306445, 176389406, 229786929, 817817396987777024, 367843406, 4864803633, 306012283, 4206739246, 181998111, 636318646, 2920526530, 1137855454653177856, 22888435, 528016266, 71424744, 1549319011, 980158508455706624, 779350919628464128, 2957214185, 567234094, 2249095700, 912437961253367809, 45186020, 240631273, 2682918655, 422360342, 75452981, 552278840, 397052012, 19912781, 20796969, 248670810, 74323323, 17012466, 439551509, 149573732, 262900807, 313098084, 492520668, 968000268, 48438566, 799136774, 516213890, 354594731, 223155808, 56549135, 253328562, 587926686, 16722475, 792926154, 1455641414, 1453199491, 13862832, 293967375, 18298094, 16361290, 1094114329, 373928756, 1020862164, 229993947, 383142154, 334588041, 1078905697771929603, 2291738725, 1070128402827526146, 1330319738, 3002794375, 1364617412, 1162861254467362819, 1162760837905317889, 1163128243920211969, 1109323794668113920, 167376255, 24207740, 106760595, 920215251475410944, 1158699145282166784, 17950257, 862278913455661056, 1066144761432719360, 75536612, 955578024975626245, 1164856178402365452, 993166295578357761, 1162352207515267072, 2232310873, 1148426393140834305, 2150990551, 219378574, 2308125870, 771184693, 1378568346, 1112486531548225537, 120022993, 40061078, 1164810047257341958, 578349747, 1106649594719621122, 1132072766985973760, 702189077504860163, 1162620191844503552, 1159216507999723520, 3012582449, 1158422978889211904, 1159479706338693120, 1131267374592724992, 379293950, 177186517, 195697458, 1468311140, 1025755706174124032, 3351345863, 1159189789318537224, 393738077, 1168189256239656960, 254204663, 259896998, 881289240197255168, 2488910365, 316709133, 178346697, 2786393447, 715680312844541952, 886509708, 897360248737902593, 22236071, 7125512, 2503779595, 1066392792715399171, 88510937, 160044700, 2705904385, 4249826728, 1166412780183777280, 858796495507685378, 875955769723600896, 1166816255153725440, 82789367, 167055908, 937696029310304256, 4422348623, 1195232275, 3466534334, 825594316382937090, 975815738551427073, 1117035592565628928, 373426527, 346238125, 821487452208578560, 245700081, 826141908590268419, 254299571, 884758248, 20006735, 18165865, 191666353, 352550393, 1171033512, 22097288, 2553540367, 98466163, 405209192, 74186243, 193176459, 1104250478, 46300901, 409536938, 252244719, 2912440051, 637241319, 3220835496, 875023904791601152, 339064890, 2231945012, 24733117, 2190931554, 486268016, 29514250, 169183715, 31917596, 15099539, 27649069, 164759805, 111395996, 36429302, 20058011, 101583613, 117234937, 151949140, 462131089, 454220261, 1962079832, 809840586, 1072184011, 1149726182876831746, 1164578185352056832, 800596442003820544, 1162109759060942848, 1158529708545519617, 746343832506273792, 3194199607, 342666796, 1023631733600727041, 784223394006872064, 624406888, 2535539037, 935777904776105984, 1087161040004153344, 1072855094138454016, 1074128761119895552, 1137795220635037697, 1137353703864672256, 1337690030, 951532700, 850024968, 1014111951222386688, 905741089348481024, 905765491687526400, 1085915601187540993, 1084071139058597890, 3187938050, 2787488934, 979154263, 1130835206812966915, 131859786, 46678624, 774962991548600320, 804941367952764928, 25057059, 37855371, 1062065057369067521, 796094342838583296, 795880611864977408, 834455948592820225, 968290916581560321, 1034860913524977664, 2494157597, 529550960, 1144110380261814282, 100464556, 3309451208, 75051940, 14728486, 72226790, 4348830855, 126351004, 31795876, 347236084, 3169607899, 171726996, 133244252, 1110093982560854016, 1057275116420243456, 2638416676, 20689780, 809929940766429184, 33516738, 267192438, 3432445274, 1015533340592607232, 1097668278682554368, 370274402, 424749523, 2149316166, 1865125944, 43879159, 164414337, 3010508983, 2923673566, 27018369, 555505307, 2491232172, 1083460047588544512, 1062340558776098816, 1083407419600850944, 798313547755376642, 1147488585433649153, 857085523998908416, 969213062132699136, 1125449334244376576, 1146084766674018304, 1157276319610224642, 2641683076, 1157273764964573185, 1104107592027119618, 1145754639922618369, 1144917709014077449, 1148847841193811968, 887307590803361792, 755800540513181696, 309192590, 2241818418, 1042245067761770496, 790491458, 974563511589396481, 335252850, 1147678627682770946, 998949879249604608, 3271845264, 1142540066461487105, 226172244, 1893933415, 124203266, 734778182105239552, 135857034, 54697521, 330325896, 91672970, 250569978, 1039826363837018112, 843053450078359553, 807362221097545728, 909589900130910208, 15314910, 735308306802180096, 1106313560, 1067564943917092865, 1019974187975430144, 2463180078, 90063666, 1247478108, 800567539, 584673460, 128007930, 809703533813649408, 2515126232, 281789247, 944290680758788096, 3385068466, 1901259510, 794166226222280704, 1006449529665843201, 100349859, 212163638, 987340978586402817, 517656857, 580329101, 2999632877, 990704685634945024, 225566538, 3045109469, 1116779908141809665, 1117847128674422784, 3244103680, 415598956, 24146467, 2731442958, 384524204, 739706764216684544, 68797636, 3525006195, 21455080, 67626940, 53789862, 75033178, 1573228418]
"statuses_count": 1292
"date_followed": "2020-02-14"
"obtained_tweets": 1276