"screen_name": "randeep_mandar"
"id": 770645025499799553
"created_at": "2016-08-30 11:31:06"
"lang": "null"
"location": "sailor pluto was robbed"
"time_zone": "null"
"url": "https://t.co/AZ7YTbF8Nw"
"favourites_count": 4718
"followers_count": 134
"followerIDs": [1189479983418413058, 129712334, 1198609606676606976, 1034189600913145856, 71129136, 962065868912930817, 958758885145305088, 1199006348928618497, 1073408239713148929, 296482561, 1207611362907762689, 1148728422031613953, 2828022700, 2865502740, 1036604206973632513, 703257093122465796, 1147503162368176129, 4099642455, 2211214639, 2864396115, 1162271856839106560, 942497130, 342608592, 263744334, 4553422103, 2766540421, 1106781785042681856, 1021777882933354496, 355050648, 3676922062, 1108257949237936128, 777839735163289601, 917548276722913281, 773929166991462400, 1069504243197972480, 773928418157137920, 1061662244478574593, 81305054, 2621686583, 2352126044, 1018976600, 370258371, 1358081143, 802691406665891840, 985981003591110656, 992812622608125953, 906775285282099200, 2980848424, 927546965562290176, 312411829, 936620418022236160, 921403433323778048, 911582658827882496, 393070991, 758021753733951488, 37499840, 890354717980737537, 19376145, 284786350, 330367753, 30892730, 3667283302, 764841745, 4861672063, 835726153012817920, 111713801, 612312220, 3510624018, 823303606455664640, 2371238618, 795089447792574464, 110817408, 20519891, 582262118, 4767259863, 770827404465975296, 778630900309430272, 3124551646, 2244512767, 590962541, 797005941036249088, 485143464, 876848948, 400392687, 341565699, 2395888880, 778680849906540545, 225142698, 1107581186, 333737856, 1145692152, 801470270, 748270936844083200, 15985417, 4150211603, 783789508449931264, 773926331130212352, 3937100426, 509185272, 3817482192, 770640383873314816, 778668466136047616, 746524281400594432, 2434644925, 3399421390, 3052993720, 778701168662892544, 773928113583583232, 773716610658041856, 2335522236, 774754856103997440, 778659691740143616, 778316298216284160, 772170856625766404, 998602112, 4856059246, 771008146362032130, 773929408184942592, 243181608, 762124962790510592, 3199514135, 775144517599105024, 758023027447717888, 773930126396522496, 330043420, 758135489677307904, 609593594, 4705675116, 583755537, 773156966084579329, 771079646473400320, 2151075434, 341062791, 475509327 ]
"friends_count": 570
"friendIDs": [38125768, 74591556, 111440268, 1093577732015874048, 335944271, 2149118852, 155774437, 2467643810, 24998433, 385820552, 77237795, 326811204, 179255183, 5665472, 109432152, 16311530, 122127786, 402975336, 4464001642, 12599562, 55576995, 773615990487875635, 806936159586652161, 27523643, 1034189600913145856, 294154887, 232665306, 962065868912930817, 492492626, 71129136, 2885543426, 321517396, 40906602, 11757522, 29551850, 85974459, 16326882, 958758885145305088, 12992772, 2809494591, 14504859, 2280019405, 2237868823, 1634248890, 1199006348928618497, 24214303, 1073408239713148929, 967050645587963905, 997218538933829632, 296482561, 16421419, 213088974, 376570418, 155297117, 41495108, 748020092, 2828022700, 2865502740, 138616596, 234554352, 19617745, 69592592, 25430670, 15726648, 88035633, 20030116, 1042903351745241089, 1036604206973632513, 1037134220370558976, 1870112359, 3025738043, 1046949260908933120, 703257093122465796, 1019315219611488257, 888094368514674689, 755113, 27311204, 384953560, 14397399, 133623952, 289129034, 110326494, 787026551581777921, 185740620, 1147503162368176129, 4099642455, 880626233574400004, 13683952, 82726142, 834081571493785600, 510464011, 30235089, 149282848, 2751879652, 3751950209, 90943312, 39564949, 19452532, 26230422, 198636992, 2733320850, 1241258612, 192991525, 921687234, 58881437, 284060260, 37918307, 376389149, 232326499, 15377836, 2211214639, 137717002, 4204124087, 247458938, 15358348, 613556386, 942497130, 29644499, 852553470, 2713734486, 2998200620, 2940723738, 1015206768694190081, 471741741, 1536223580, 2864396115, 517205300, 342608592, 3775360879, 263744334, 14050975, 773928952549212160, 1900566776, 22704882, 334921581, 2835451658, 896731633704947712, 16106522, 17389318, 241226103, 15294708, 77228655, 3352322189, 4553422103, 255554825, 13301462, 3108351, 39364684, 364507538, 53777145, 1317399427, 195951022, 2766540421, 1058402743176626177, 112476445, 37597963, 184903026, 169909729, 74186967, 1054921829339430912, 140390782, 16351521, 334434306, 912988142, 81692875, 322379585, 39977710, 45672815, 14713787, 114965874, 19028953, 2784520128, 23709654, 2975679604, 16034244, 995715920, 1021777882933354496, 3313535874, 4831715623, 3273178261, 2800024195, 774421940014551041, 1028550431507603457, 870443165852905472, 723950566951407617, 3189435458, 1687584320, 2223891277, 20928658, 3676922062, 1648628006, 2922268330, 932779154084417537, 2939919900, 14982804, 15164565, 321523435, 576359027, 1543619754, 407498690, 2716942359, 129612637, 574471740, 16299275, 28113750, 101879595, 2704755727, 87818409, 25021769, 19667986, 982017242354388992, 16424579, 997838884917526529, 138203134, 273233094, 44988185, 773929166991462400, 1069504243197972480, 151136269, 69343363, 1014532460, 606776750, 132002562, 910587541459537921, 826854440367845376, 907637123167215616, 301612615, 81305054, 17629328, 21167020, 954427716, 71256932, 2903979971, 789154913737699328, 21626814, 1034240634033500160, 16143507, 20469668, 247402941, 23859156, 2433526788, 2349282265, 70771229, 39734611, 2621686583, 73743021, 1549041758, 191915993, 75065396, 263183472, 256360738, 471706157, 135913074, 2732014812, 1305340285, 78645110, 203132018, 99171928, 14700316, 16153562, 76067316, 2809959174, 705330458842701824, 370258371, 50389008, 151613826, 116502194, 24700876, 16044997, 168470806, 64756008, 69594519, 4650914958, 20497775, 773928418157137920, 1358081143, 72853440, 778630900309430272, 312411829, 3946785917, 86082834, 59928839, 952616652860022786, 88856792, 116286391, 1260693990, 3826724481, 273256194, 111218031, 101797894, 13318492, 250403471, 93964759, 1615884943, 422966358, 326407887, 433975346, 114896835, 912075945166741505, 943954448099037185, 2980848424, 735179736029138945, 14691203, 115050842, 365809352, 117652722, 366225624, 624398529, 41349418, 824291721374732289, 25125905, 36395646, 2946792636, 270426592, 111713801, 550433846, 97994375, 34845922, 304749793, 243772202, 705188154442035201, 478823758, 3396671, 29615504, 23618093, 20448269, 205838761, 68459858, 442237496, 63302020, 537888194, 4551532215, 797005941036249088, 921403433323778048, 825908952286232576, 771500694499160065, 917548276722913281, 4970411, 2974904457, 17857522, 554060069, 813286, 462229611, 25073877, 253340075, 393070991, 758021753733951488, 37499840, 26385871, 19376145, 19000033, 330367753, 284786350, 2415730399, 9989862, 464245847, 19377913, 16295454, 30892730, 2876905469, 472120916, 321772191, 2864366655, 588419862, 15039065, 1187330941, 2737079191, 3667283302, 764841745, 4861672063, 316389142, 277155475, 764428064, 94775494, 596177884, 337424599, 190817371, 188007231, 16397147, 495780767, 335489061, 809693299, 27726303, 91408245, 266336410, 51241574, 43355844, 24826852, 612312220, 3510624018, 15837654, 28644219, 381522983, 4767259863, 582262118, 770827404465975296, 232217983, 195207470, 234209838, 366201499, 525511453, 3124551646, 295220901, 53049136, 27922960, 1688879478, 38647512, 385607933, 245611171, 17137628, 590962541, 876848948, 400392687, 477053821, 2244512767, 485143464, 341565699, 2395888880, 225142698, 223083302, 1107581186, 778659691740143616, 333737856, 69231187, 1145692152, 21303235, 2467791, 12993222, 801470270, 187153836, 313523505, 13896552, 509185272, 17659340, 15985417, 783789508449931264, 2498920249, 1652541, 773926331130212352, 3937100426, 975731, 3817482192, 37751556, 225265639, 778668466136047616, 2434644925, 789751580, 746524281400594432, 3052993720, 417945603, 773928113583583232, 326507914, 573269943, 774754856103997440, 773716610658041856, 778680849906540545, 2335522236, 770640383873314816, 3399421390, 87766795, 2513682469, 778316298216284160, 771008146362032130, 773929408184942592, 762124962790510592, 4150211603, 772170856625766404, 998602112, 98963477, 158396623, 19701628, 775144517599105024, 415773647, 2805358944, 145125358, 335011103, 35668605, 16463984, 428333, 14075928, 3199514135, 773930126396522496, 758023027447717888, 203123011, 2477909090, 330043420, 243181608, 609593594, 773579871595429888, 4856059246, 2778846877, 758135489677307904, 4705675116, 771079646473400320, 3520752864, 194172085, 222554496, 37104970, 43351262, 122115475, 245418986, 2696723713, 84321709, 14216661, 134758540, 2151075434, 807095, 12848262, 55916744, 341062791, 701267743, 14293310, 2097571, 42090423, 1115874631, 475509327, 18776647, 184866881, 17471979, 742143, 5402612, 368535820, 323309983, 91193025, 14499829, 50004938, 260384666, 117662694, 18638090, 19636948, 16341166, 19025957, 8736882, 185335312, 89760824, 21238524, 39728435, 15411998, 16708360, 136361303, 954590804, 20431922, 72520597, 13201312, 19038934, 16708161, 210824456, 163562125, 14230524, 85433682, 6433472, 1223101, 33933259, 14159148, 413802355, 36490075, 193725962, 376927648, 16434613, 137645230, 161801527, 54791458, 16506355, 102446093, 33798654, 2459609448, 14260960, 978908012, 75050644, 102448827]
"statuses_count": 657
"date_followed": "2020-02-14"
"obtained_tweets": 645