"screen_name": "RightRoyalRabbl"
"id": 286562518
"created_at": "2011-04-23 03:19:35"
"lang": "null"
"location": "London UK; Victoria BC; Aus+"
"time_zone": "null"
"url": "null"
"favourites_count": 457
"followers_count": 152
"followerIDs": [754350789087272960, 1686808814, 1110451610612875266, 1179839581950222336, 1114958521, 93933692, 2151888679, 35007113, 1129903761336356864, 904408999, 3271452962, 17863212, 984786863075536897, 1135397454520758272, 1408366435, 273109627, 24692849, 3172990894, 1049553569769250817, 14940971, 201034784, 1062469610857947136, 1051104499656482816, 388818157, 1007212302423281666, 2699969133, 994951868014088193, 90409094, 861592632, 475690120, 891663246645710848, 848059253646442496, 14297863, 2650353325, 92345478, 57700707, 794186651002163200, 261123751, 2796256721, 9285722, 57300045, 226583717, 10524, 2799823474, 200767542, 302523683, 75762247, 8385022, 1283128206, 3247295015, 1220592661, 2584014254, 3513266715, 3313479084, 3352269131, 2992240601, 99338684, 188007217, 1875308666, 2382462121, 2485047031, 3102155697, 3077359074, 27318985, 337409391, 377280776, 118065669, 3026414182, 564173073, 2576568673, 2575130245, 19986342, 2586838957, 2524707283, 1620995636, 21760231, 197651561, 1518999884, 2308889683, 1597491739, 304979196, 8748432, 467400566, 307419703, 310174147, 233212909, 249968365, 166914983, 361987114, 31776676, 191047475, 1148021756, 216317712, 49634971, 791115523, 355449982, 28088866, 139487497, 154649311, 550539672, 942224222, 271349919, 301496468, 322262491, 928593846, 901662734, 39549652, 580734683, 33554443, 15316410, 260429596, 21740807, 612486999, 550071527, 264496200, 486471277, 279725881, 211889080, 456351140, 201310190, 117623052, 376992649, 432062591, 429906262, 308586935, 380329419, 358029499, 255214894, 78706788, 325700660, 324407236, 322242453, 18141975, 208935857, 261059712, 289815907, 289785378, 39433559, 289585208, 19588599, 289348140, 39252352, 218406263, 289202622, 287766587, 288402066, 99401698, 19440588, 27204262, 288250622, 287550780, 112114747 ]
"friends_count": 1336
"friendIDs": [90965758, 1296346994, 17793580, 111323990, 3826680281, 29986245, 3031912533, 929764072395964416, 34670311, 2589940656, 14869615, 326811204, 3141841, 25175706, 3017405164, 727956614, 1110451610612875266, 2384991618, 2378518765, 1124698733491494918, 1132125488, 203123011, 102448827, 90481750, 193424490, 1179839581950222336, 89452000, 1087898689987723264, 5988062, 329792903, 4493282237, 409486555, 138203134, 1006419421244678144, 8834612, 14816103, 879893490431283200, 40317756, 156749387, 4534161674, 72058741, 1129903761336356864, 3037085615, 71565070, 15737703, 826382447885574144, 234694571, 3297800601, 722242009, 19910414, 24468619, 23759767, 152785310, 1114958521, 7709782, 16690722, 17138582, 319289528, 1164680344269803520, 128322910, 125458120, 20418173, 49821197, 707628064734388224, 830179293305126921, 1115272967301357568, 732997479969345538, 40025121, 1163156564842336258, 1173716417008549888, 879805007318589440, 3478678277, 842458919544991744, 1004481025781653504, 2151888679, 732360361240866820, 14073553, 587811442, 190824981, 393134557, 239711350, 1118691, 86122628, 822465257494999041, 2366110303, 414239929, 901485626553376772, 744894086776139776, 837019109309153280, 27840339, 874562324165689345, 14227045, 864332120289714176, 190960735, 35007113, 235199409, 1490111522, 72626998, 714468320733429764, 1962626484, 15193285, 164242095, 1145681496516300801, 3176530835, 34222024, 369468391, 21410687, 555189064, 46145761, 1728408043, 1552637701, 1019974187975430144, 128216887, 198584761, 307322242, 9724112, 904408999, 1504011, 25940364, 15446126, 15414807, 308379387, 16397147, 188007231, 16220555, 28370071, 5680622, 80802900, 15529670, 40416245, 613469003, 201501682, 34317032, 2497242884, 717424612737310720, 23635214, 20802694, 51636356, 14744754, 26803774, 17698956, 20479813, 172701186, 1722650852, 279144084, 21312954, 2330850942, 26980466, 1163916878521294849, 782665704789057536, 864154212086804480, 39240760, 2363670413, 1586183960, 12589692, 117417690, 16527415, 14713787, 3748882893, 22420895, 17226610, 63024288, 6144162, 17863212, 214468796, 50669288, 2398378873, 314776873, 131563961, 407624682, 39348006, 32302688, 89421328, 20417089, 14881700, 162003169, 64381024, 2286723318, 3357221067, 1063867105169350659, 1158345847, 14933304, 622133, 84296077, 39977710, 1569220158, 984786863075536897, 225082493, 897104736587055104, 696995883376865280, 22159314, 88912175, 211177836, 203881872, 329627770, 165714879, 166545733, 54151970, 478597619, 1407225085, 823929705179074560, 571145551, 91089642, 189134186, 880763494370598913, 4297726637, 1149523717, 713872135740063745, 2222327126, 2316083982, 134162047, 2433526788, 633, 1894231788, 553780392, 364502579, 1093522201, 3307583139, 38670218, 3021597510, 785924998707896324, 1432501478, 29620091, 574593512, 273109627, 858447403178795008, 302523683, 49114382, 14717311, 2228878592, 368240745, 20000725, 21202851, 20675681, 322777832, 853240675, 4043080882, 16313292, 3241740251, 34743251, 11348282, 17471979, 265578587, 732418136306225152, 912988142, 19038934, 6433472, 193725962, 14260960, 1604444052, 24692849, 14095052, 243248082, 35270579, 739444402012180480, 260211154, 61183568, 1489776218, 16434273, 727803947105325056, 45579282, 805276508, 19818494, 18887526, 3172990894, 2765571, 1049553569769250817, 201034784, 952534473660395527, 3302989984, 165874906, 2577331350, 413435929, 767892066, 774172273221640192, 487382618, 576512589, 15558882, 12270042, 44454675, 16182069, 242525195, 249762375, 37844553, 57300045, 290735485, 220855121, 15196135, 855916729926639617, 199340897, 1175288654, 773286671953629188, 3389674132, 2796516703, 127889114, 486781708, 237753770, 2708479976, 2915186441, 31492578, 804274105600065536, 1044941731, 365320561, 203089691, 40313157, 56503668, 20634618, 17997789, 991745802, 2314312269, 334013954, 1051104499656482816, 1057336285, 872675798, 399307197, 66998204, 20551303, 69009086, 797535492753555456, 181361198, 457805848, 1630750428, 403468539, 252756171, 1006834817659555840, 805274264999821312, 994951868014088193, 123038255, 19348113, 40854900, 32588979, 36333109, 3229089299, 198324664, 127421793, 1040206390835310592, 131640853, 2154461958, 8125452, 117777690, 8623332, 31098756, 6374602, 15007113, 15113324, 345193198, 4894958105, 191039329, 179626778, 16431360, 3684636316, 3527689157, 132921596, 481598648, 15832797, 988145530374098944, 935102228549029888, 62833483, 1726287686, 15688481, 141634963, 1497986070, 475287572, 3321088913, 194624312, 3201076113, 987153456, 509393538, 275014783, 90409094, 354182109, 42026775, 176447378, 88384889, 1611427339, 943999152, 208056195, 2412236526, 971342567215452160, 58768347, 242370423, 905719162911248388, 845297078435794947, 323746531, 352246516, 1057508862, 362963575, 456588020, 3945167319, 2511876643, 2430631980, 882573428, 153741027, 116716199, 52084584, 59790468, 33638476, 12354252, 257153464, 855298268128919552, 139823781, 81692020, 14433444, 16475139, 198547538, 249231574, 313603646, 2280907506, 237087413, 726206425, 191948440, 142998242, 861592632, 93880386, 29773, 458375698, 1339940904, 2176527421, 634819989, 835252426265481216, 145951797, 361066770, 4123240444, 20457806, 35961145, 34010976, 138845026, 17226612, 56488059, 5383942, 2812768561, 7076492, 544619544, 14983373, 19038395, 8418962, 7916662, 2649257042, 156402374, 48617638, 42829256, 370605404, 762068359, 475690120, 848059253646442496, 745984851757699073, 436083917, 783643652992143360, 891663246645710848, 2720877595, 877957211435274240, 14197115, 2166428971, 864117847659880448, 2870848881, 3282859598, 64358764, 14297863, 604840570, 189618679, 1192897586, 181111601, 14315063, 873960787, 702534086099922944, 298031144, 36789608, 813286, 333615851, 48382305, 15808647, 17981732, 15377918, 13982132, 691353, 2821176039, 18045120, 57700707, 2540859710, 1930783171, 1129019190, 388426142, 2872278509, 126713154, 266615306, 1338696234, 2796256721, 9285722, 261123751, 293670193, 226583717, 842100810, 425473598, 2821158742, 14940971, 338382402, 1548725779, 1615511874, 40139016, 19997751, 19758072, 20612033, 3065429605, 2843869547, 23504313, 107375795, 92126208, 370738667, 1670345995, 270459817, 18667799, 21939973, 14647570, 125330700, 19913158, 3003821512, 825471768, 160942846, 1337304517, 1384684488, 93853942, 21077289, 2915167809, 4806792322, 374309258, 18990233, 4808087907, 427743204, 8592732, 451603806, 1442229174, 1208111964, 18998610, 20382130, 204705560, 145717740, 244116213, 9853212, 21196534, 23085374, 16631172, 405016521, 15308469, 30864653, 1953001, 25839203, 63961378, 24572785, 54930650, 18804730, 335300272, 2992240601, 1340498233, 1190584410, 112856192, 436137381, 2382462121, 25795667, 2917648156, 231198606, 2485047031, 481943972, 146099195, 16703742, 65597758, 373617611, 19665131, 39596678, 20135947, 6966262, 46030292, 15426896, 21626871, 8481222, 58257664, 256793538, 714249878, 27318985, 23674342, 11274452, 419854605, 19964948, 99095391, 252794509, 17948615, 26138276, 24212723, 14430086, 16826425, 102468353, 107390811, 3026414182, 118065669, 23576158, 117423359, 46400289, 175420754, 50983635, 17889970, 467507215, 93266739, 19800973, 295681941, 70832852, 7285372, 14083693, 14069721, 82243, 564173073, 51038974, 61646230, 39999527, 74724779, 7278212, 65416867, 313306238, 1525669423, 1120493052, 32911705, 40707340, 14116567, 14759840, 1141271370, 566443271, 267174028, 54577612, 2472630098, 499461237, 142614009, 117188052, 399530440, 237963290, 2423851724, 1620995636, 2586838957, 1425410419, 277514743, 1485608354, 289549640, 251597516, 1944321331, 224604234, 219369725, 58371469, 34082810, 16272222, 63138051, 42423658, 21308466, 1052892552, 21760231, 14723523, 62828527, 497351492, 53898393, 565624213, 2347049341, 18622869, 19530289, 454244871, 271017344, 8748432, 246933618, 821664942, 2289969577, 116768508, 1903979808, 23993642, 250560251, 16263446, 15929203, 11569642, 100284732, 1585, 886991894, 2331631831, 147643280, 47973, 167002887, 337042308, 744713, 18021601, 18028509, 14378113, 308442339, 21312696, 17999080, 1597491739, 14456675, 15790790, 1316158166, 1424140585, 19552050, 141598384, 29123186, 369204258, 171895473, 229219088, 330860720, 407042111, 117033631, 92996549, 3943871, 249150179, 53023115, 208019751, 1454681947, 14619696, 1518999884, 56327141, 146786347, 150614565, 285112152, 27672386, 281227193, 308502992, 304979196, 1498330512, 1260303660, 169868177, 564875331, 85885761, 1399736798, 57600173, 964179013, 573782019, 1466834923, 1527975066, 1148021756, 166914983, 467400566, 16150688, 19739371, 15199325, 102754598, 14401102, 13171622, 14971572, 15108714, 47947133, 586671909, 21162902, 1098688285, 1412526463, 1442004798, 299342715, 87559634, 14733605, 1478129642, 307419703, 120789095, 764073492, 6420312, 79543, 19471361, 31443503, 316327930, 52488565, 26877303, 15765018, 14215375, 64623, 13767702, 249565463, 15775918, 14271102, 5341582, 233212909, 74720965, 2413561, 13098, 47293042, 4893501, 17477189, 27013292, 1158371, 19530624, 22009731, 141314647, 86937456, 139297349, 10798802, 2553151, 31776676, 353701419, 25311070, 87659724, 107268370, 14048775, 18162755, 216317712, 14247155, 128366333, 310992827, 49634971, 375458566, 356318703, 43327271, 144112800, 57078373, 41319745, 100468942, 19878121, 100974966, 81826756, 28088866, 57280159, 20674741, 95204203, 759459703, 92263579, 23084261, 236590812, 85582874, 19077456, 42493604, 38183074, 344007156, 137703483, 27946943, 154649311, 21982720, 14499829, 21576334, 19589086, 23217907, 18720595, 10855372, 69267956, 5225991, 8736882, 20010173, 18278629, 20054788, 309047396, 21082293, 25199305, 102327091, 89168924, 21114159, 17467413, 115512512, 35094637, 24234523, 16870853, 6207762, 112509784, 16361000, 84122625, 257436924, 322262491, 271413771, 315697174, 126664172, 18507505, 579726970, 27842782, 271349919, 901662734, 143396195, 88385323, 384795504, 30192289, 16718711, 236891142, 279513123, 19394186, 8223872, 383806392, 334196453, 305661887, 159830034, 361259129, 19962737, 30364057, 27212264, 16298499, 24447643, 361987114, 88722311, 27879010, 19429906, 93171197, 19063323, 21201280, 15178186, 14779058, 14523801, 67221344, 15340816, 157002140, 19512493, 21126840, 15659248, 114700172, 81179597, 76241328, 24299656, 7053232, 41588840, 17697300, 20474878, 21386695, 360488923, 89246850, 16339870, 262141575, 87259922, 114889640, 20731652, 17843175, 402150369, 22164524, 44330745, 354221701, 411654007, 23586077, 494136450, 611764308, 22204380, 261744901, 78324432, 621070937, 353739335, 170998795, 93605340, 196213620, 28680544, 38649019, 198540927, 76446565, 290142842, 427360412, 741053695, 88707084, 85331068, 176389816, 259179284, 528413617, 69416504, 38466098, 52664469, 384125790, 56999787, 69261825, 107225267, 211215619, 16348376, 15164565, 2444931, 235113732, 17595439, 19979086, 113669840, 43355844, 33554443, 19927627, 87818409, 70628794, 18028249, 19588385, 31406907, 19587390, 45839847, 580734683, 24741563, 805718, 112236047, 20617779, 173640354, 15076666, 370494942, 138526099, 270746269, 39045192, 317403644, 777976063, 598753184, 145951098, 597609097, 14192329, 385919505, 230542564, 16589206, 540750078, 614449931, 26284208, 39549652, 28347256, 109905948, 14085367, 19899681, 559745389, 19678937, 344230034, 234053160, 35798784, 167335844, 148438596, 20990898, 19442522, 818372, 75323685, 51367745, 612486999, 224004614, 19342041, 409902008, 76644398, 544261179, 96953221, 86102825, 15249166, 21770611, 108390812, 18637730, 274147338, 23449327, 80354667, 71330591, 20156337, 26313494, 17201929, 19180118, 98396631, 93870488, 261676109, 341975809, 46071821, 129285748, 155954125, 36054262, 29871826, 220892718, 140118545, 2735591, 15002620, 73575792, 17336372, 15234407, 465973, 13041, 172699095, 18720688, 21745153, 44196397, 26640292, 45341566, 25494592, 32493647, 41383831, 18227814, 135583203, 20779255, 21400724, 124198349, 43511958, 125291584, 413172430, 34592271, 236548159, 14710129, 16870421, 108681618, 19019298, 29959478, 449010348, 811051, 19529161, 249591910, 2326481, 19766685, 17833617, 63509409, 24474164, 14669223, 16263474, 19411556, 42117389, 15316410, 116102898, 8614412, 22497779, 6852682, 19400168, 11698322, 37069994, 1421831, 65243335, 468505208, 15441074, 743763, 349540312, 18568825, 21744554, 9207632, 15909113, 106837463, 15023873, 211889080, 456351140, 12299242, 19562228, 192502203, 171404842, 16973333, 14800270, 93219986, 405056781, 19374728, 368554115, 317862116, 44421974, 248374423, 122805670, 20759214, 14075928, 18676177, 16303106, 380329419, 432062591, 4641021, 18917018, 788524, 117623052, 22239898, 22001973, 15143478, 22419487, 15492359, 15678862, 20815041, 19837528, 19178857, 33249457, 23751864, 54593572, 76956597, 153339525, 22244903, 429906262, 252034351, 358029499, 418610037, 205770556, 38162820, 5402612, 257613181, 97633564, 90211088, 20154994, 23003525, 200296848, 164985525, 16010685, 47931270, 19530134, 18020612, 351271933, 16484444, 27676108, 59483684, 288402066, 27834920, 43557810, 237351496, 14824849, 31892440, 131500972, 21126842, 134382406, 78706788, 15340514, 58150101, 15439395, 10810102, 19683765, 1344951, 20429156, 21581503, 25183968, 156651229, 42716278, 84125491, 37350044, 49793, 62465691, 14514411, 5971922, 48370227, 14984090, 26260320, 16672510, 22839233, 36414454, 15021155, 18294275, 52354784, 14850955, 8963722, 32372834, 27596259, 17949156, 85562303, 273943827, 94628304, 35070798, 20242378, 180000404, 20155652, 18980276, 7400702, 160926944, 50393960, 19397785, 8161232, 44874400, 215952307, 15783127, 18713254, 44115106, 17753033, 121440187, 1468401, 14871080, 43115008, 18141975, 14222176, 183582865, 249714738, 35707603, 78890225, 14157134, 42191735, 20244875, 19811019, 207484822, 20320183, 19966557, 72831048, 116434031, 16804814, 24599923, 228671925, 14689567, 8761432, 816653, 8724862, 88776580, 290515058, 243614628, 292337693, 156722369, 71238010, 17939037, 209505318, 267661411, 201310190, 14089195, 16681111, 89486038, 6705042, 58546726, 8192222, 93547242, 89582133, 122083243, 18886152, 20506424, 14396067, 20047650, 15139049, 22363802, 23925387, 18513281, 18863867, 972651, 18807671, 25657401, 19658826, 17133807, 16012783, 18668407, 85534903, 21747838, 54203238, 8236062, 19837882, 26727655, 94083901, 98357151, 20673816, 83814679, 54730258, 171496247, 14677919, 87190445, 16683666, 13496142, 135183743, 22906929, 128555095, 23937508, 87430744, 175853891, 806133, 7905122, 25174760, 201888883, 86404339, 79997785, 122152355, 25326324, 19526967, 208935857, 105096473, 75298001, 218825388, 21273566, 19245122, 18434082, 123633259, 119771348, 20971849, 39433559, 289785378, 289815907, 287766587, 87650496, 27204262, 288250622, 287115788, 112114747, 287550780, 36042554, 15904669]
"statuses_count": 848
"date_followed": "2020-02-14"
"obtained_tweets": 841