"screen_name": "SirBedivier"
"id": 567771500
"created_at": "2012-04-30 22:28:53"
"lang": "null"
"location": "Seattle"
"time_zone": "null"
"url": "null"
"favourites_count": 4277
"followers_count": 223
"followerIDs": [898541705124651009, 1006932811935244288, 43028030, 30155888, 391607074, 824969674236510209, 1110693876271144960, 771449027414163456, 961472911805636608, 35519889, 749494748, 1030732273, 1135152151448080384, 133914833, 1051526046967709696, 490675291, 897673317838016512, 261863668, 17267116, 60923323, 971123887407796225, 826063022980419589, 827153286046347264, 273500221, 1362047599, 829211078756274176, 869605838956093440, 18788107, 3432161123, 38241210, 477421219, 93030076, 863454640796389376, 2763639908, 1068003635588620288, 519245371, 104208920, 1520570516, 2546326947, 15401047, 3047265886, 1291380776, 840970018061934592, 72366154, 2970461741, 18879804, 2181552121, 829020885105283074, 1969341433, 3660668600, 2786716909, 1975577736, 1512360512, 746048849093898240, 1252882802, 757270831600840704, 557279352, 75393802, 4242967601, 817453551102267392, 921495311167705088, 47670338, 920057695226359808, 73150929, 401262548, 929480043599888385, 100536014, 366370704, 1220950917899542528, 1135320640997605376, 4271160858, 1022640536702935040, 901453217782833152, 390490304, 40432977, 3231982123, 2782778923, 938162161490251776, 829536838905761793, 973002665394241536, 4860754826, 41171016, 251356936, 2911683948, 891048371401760768, 2947612059, 9270752, 104639634, 2402915880, 2324708472, 829686763723436034, 142569334, 89085489, 3578213355, 1017229490949259264, 868192943877668864, 25242262, 1026915675229450240, 958058190641516545, 204553440, 1040357855201841152, 1040347080844292096, 53329382, 769702230, 1181259839806332929, 82596487, 1147273534969806848, 741023032458784768, 1028169030715289600, 862065354159394816, 515952351, 3044604807, 2230342897, 2475599276, 18767182, 140365664, 32776197, 154972344, 3325705647, 297158846, 2910421368, 848564135541473281, 1217868561806266368, 14707322, 824342267238313985, 16329464, 852240638, 633449056, 797063166861701121, 122519863, 1183316539, 931528869214949376, 3160049084, 16148602, 868673067223887872, 913078276524068869, 365666074, 32310206, 1165767786150285312, 755855317246672896, 296523244, 14527687, 774413948011413504, 2737738798, 39825430, 872208946139934720, 552389879, 2263480177, 44148907, 26602444, 191719726, 930244065811156992, 439585001, 2955787641, 2360030816, 568117963, 833756430817570817, 1229759588, 1003024039621820417, 3178357348, 370387810, 2586215563, 1031631901449179136, 25992656, 823678713401376768, 1022441075791806465, 734017190811303936, 815440083192926208, 968523589455499266, 909148883288068096, 279339435, 788961965020418048, 3280873922, 2404773734, 1073994923395964928, 4880507864, 1217945061872238594, 281712287, 18795733, 103450382, 45846172, 35786639, 814454612270972928, 115818052, 461816833, 1005557387376279552, 965350130, 1110373552082116608, 1641669223, 1127564706619719680, 1020978805, 1031227811715997696, 759823546969231360, 887756544204566529, 15525413, 2883530522, 1184984563585605632, 853645234298900480, 1337858448, 9265492, 885630067987972098, 1112446900962320392, 45733309, 780407411475681280, 2523158733, 23814769, 2838648298, 2182890210, 138015020, 142380275, 43891802, 959535310328737792, 791744773707235328, 999346829211906050, 25417067, 805636147649138689, 845392971381927936, 24733117, 2176610345, 910610376382832640, 758050879354175488, 17580892, 432734907 ]
"friends_count": 650
"friendIDs": [1006932811935244288, 43028030, 30155888, 9357, 718645861014749185, 2239350253, 1062864467753463808, 229509740, 901453217782833152, 601266289, 18066440, 391607074, 38539421, 21117305, 32776197, 824969674236510209, 704397770325622784, 842462613309026304, 900431184403996672, 895919823548334082, 4498208375, 290852831, 172121290, 925839397353697280, 46240599, 813158712, 19750159, 29769998, 3924002953, 2237808535, 25598396, 1110693876271144960, 771449027414163456, 378377753, 1217868561806266368, 868136400066985984, 35519889, 1129996871743823872, 924335555529400320, 886747765996347392, 59491835, 10194682, 15166390, 15727079, 2931577512, 506466140, 14200979, 949088023878172672, 1372632595, 16684243, 749494748, 108977933, 4384432054, 798973032362606600, 712758428788211712, 241201438, 22044727, 574795929, 1030732273, 62694013, 13493302, 1071903579525578752, 52504126, 368940188, 14165361, 1051526046967709696, 1040357855201841152, 490675291, 17243913, 97106823, 18584722, 14352556, 293131808, 1651522832, 862837228569063424, 370080511, 863447470063398912, 897673317838016512, 824181925707468802, 2814433071, 262799542, 324144592, 2863304846, 971123887407796225, 961472911805636608, 587764160, 60923323, 1100540270435844097, 261863668, 812001108, 520579612, 24417059, 17267116, 826063022980419589, 292634416, 16944266, 25987903, 2923108173, 883930212, 869605838956093440, 18788107, 38241210, 24112747, 273500221, 2763639908, 2966774301, 4860754826, 17411264, 28439498, 16329464, 1969341433, 72366154, 519245371, 262888299, 104208920, 217654510, 864674587518287872, 2546326947, 1520570516, 80650058, 15401047, 2323448533, 730603182896746496, 768453142023401472, 3047265886, 18184205, 1291380776, 15862891, 2941309452, 840970018061934592, 1189071710877822976, 1196040645124730880, 846205634609479680, 1134718932093325314, 2970461741, 18879804, 2181552121, 27295244, 1134236267435253760, 829020885105283074, 29431996, 2460047754, 17493787, 2786716909, 184043123, 1512360512, 1038824168148619264, 2759761998, 18981547, 122900421, 746048849093898240, 24268066, 819095640810491905, 15824288, 1252882802, 1139607716941500417, 557279352, 75393802, 18125078, 758779716157308928, 2864505821, 168201257, 1522654309, 279089944, 800713486229614597, 376000557, 454099919, 920057695226359808, 401262548, 73150929, 212445456, 100536014, 20714338, 33537967, 366370704, 2249531, 804343686310088705, 42995067, 1316128975, 34643610, 4917480564, 3105504436, 1035491, 829536838905761793, 973002665394241536, 2832190326, 251356936, 87615156, 2411574215, 1102813235227443200, 2341440244, 3578213355, 89085489, 20316861, 87977606, 932047991405363200, 2453385626, 747426392472686592, 868192943877668864, 2864978351, 204553440, 1130893345075716096, 1140995156851810310, 139943951, 479930007, 382878093, 46034836, 7177512, 2345707447, 817453551102267392, 19087092, 769702230, 85823991, 53329382, 17568783, 1181259839806332929, 82596487, 1028169030715289600, 1135152151448080384, 1364356406, 20814874, 862065354159394816, 756600619012612100, 3044604807, 2230342897, 2474202068, 722242009, 267752196, 15764460, 741023032458784768, 2475599276, 889343828536307712, 612597311, 122519863, 621858814, 21059255, 43342529, 1096494597344292872, 16315143, 2523158733, 780407411475681280, 138015020, 2182890210, 142380275, 14527687, 820296058760667136, 1026915675229450240, 3440291413, 989165295842377728, 154972344, 2910421368, 3325705647, 297158846, 848564135541473281, 824342267238313985, 891048371401760768, 429531188, 180785464, 1005418347926781953, 1041128100, 187305324, 888091946601791488, 3776397433, 3010623666, 2904942374, 318711644, 986235307, 344183143, 38999070, 1533073022, 56877788, 898541705124651009, 754775250, 42741390, 16034244, 22611252, 326811204, 152862026, 52661430, 85649579, 2771424650, 757270831600840704, 2706430603, 931528869214949376, 6461462, 1975577736, 754006735468261376, 3160049084, 35949716, 33479074, 236487888, 2324708472, 868673067223887872, 32310206, 1414425060, 460954959, 913078276524068869, 275908789, 3178357348, 5138611, 1003024039621820417, 755855317246672896, 1080191866509901826, 602317143, 18025377, 22929686, 288277167, 459872442, 18382184, 3644915056, 910492003359760384, 2840227643, 872460123125448704, 235357157, 19422491, 111683028, 579006169, 15443224, 973652287, 627643923, 18396070, 397671860, 2649557790, 1137700339, 51895123, 130491582, 93465778, 186462736, 800835415989108736, 14315615, 996462659993292800, 1035304250014875650, 1103782431100788736, 1620160976, 752743856941125632, 133914833, 26602444, 39825430, 227446383, 2737738798, 16148602, 872208946139934720, 552389879, 1212144790264938497, 15764644, 2976183585, 4361001253, 829211078756274176, 16637487, 919965874311782400, 296523244, 955189155226677250, 1726310725, 17992046, 1096392004026679296, 1062718639151886336, 14250521, 3083379578, 2263480177, 44148907, 1337858448, 45733309, 191719726, 930244065811156992, 3098080735, 109404985, 789402673, 2883530522, 115818052, 1020978805, 1031631901449179136, 2586215563, 1229759588, 833756430817570817, 439585001, 82299300, 860555190, 2955787641, 967595075952939008, 23452847, 2360030816, 3154361936, 18839937, 1003107003693137921, 105327432, 568117963, 103450382, 477421219, 1022441075791806465, 823678713401376768, 25992656, 734017190811303936, 21228010, 815440083192926208, 75087004, 968523589455499266, 3306140253, 45846172, 15199030, 3280873922, 183461663, 788961965020418048, 926764800, 883458776317276160, 16877374, 1073994923395964928, 2404773734, 962069820, 2684784324, 744812639151259648, 933873023257518080, 861985418237153280, 2849102111, 744616500485558273, 845313637812244480, 2743250946, 978776569916284928, 774413948011413504, 9567972, 833247762, 66213051, 60610778, 46775436, 2845989689, 35786639, 918005524074987522, 814454612270972928, 493714995, 461816833, 1034665733005959168, 1005557387376279552, 2468762893, 1110373552082116608, 1641669223, 985185327294726144, 4880507864, 131054195, 279339435, 26548315, 281712287, 887756544204566529, 29501253, 536904693, 3227267930, 21634600, 1031227811715997696, 2889924959, 1216789842, 874397960489975808, 44909288, 15525413, 1112446900962320392, 965350130, 1687191703, 2246300845, 25801216, 200846651, 853645234298900480, 9265492, 885630067987972098, 318005036, 584760752, 39155029, 23814769, 887946728, 819952619502321664, 835735452, 3231982123, 4242967601, 1663761480, 860350567130034176, 43891802, 467823431, 681573, 52131000, 2922139347, 999346829211906050, 909148883288068096, 290656088, 805636147649138689, 365666074, 217492743, 25417067, 958058190641516545, 1183316539, 901564781009698816, 635608354, 125653336, 442033461, 18187253, 788915123012395008, 38857814, 1051396218, 2847028078, 209088518, 372536101, 1686602108, 102900776, 1184984563585605632, 11744152, 15464697, 1111318831027253253, 961437082911584256, 2382106993, 834081571493785600, 4091551984, 2838648298, 18795733, 938162161490251776, 25872740, 1147273534969806848, 1135320640997605376, 1082852399356755968, 817166972764962816, 863454640796389376, 824303718640140288, 27569272, 1193576315506569216, 14298769, 65284273, 774407512598704128, 1017229490949259264, 15766082, 2783231383, 36697842, 160244947, 939091, 633449056, 758050879354175488, 845392971381927936, 24733117, 22429979, 20764031, 25370185, 921495311167705088, 467726691, 1165767786150285312, 959535310328737792, 17045957, 1127564706619719680, 1140379748268466176, 1189896018726277120, 953865623578189824, 41643927, 16912124, 17888709, 806906355214852096, 723635162957897728, 1114695470058590208, 921659192561283072, 920602049435373568, 751283435382067202, 32522055, 2860718662, 893841513477795840, 936295613943164928, 1089249728561401857, 2176610345, 1054197176, 815733290955112448, 3076111561, 990288854, 784112721398734848, 2268337218, 791744773707235328, 248495200, 240335198, 16721452, 5162861, 1019238758, 45009355, 28549816, 3165834050, 82943, 226222147, 48120914, 16245822, 224242967, 35368042, 918186781991829504, 432734907, 3520122318, 86985177, 631577690, 2839430431, 1069867334620274688, 849344094681870336, 27712354, 20286125, 17580892, 910610376382832640, 2427577728, 138203134, 1339835893, 161223163, 558844547, 96879107, 18173624, 15687962, 17480656, 1026844272035864577, 215207998, 1011227401257472000, 759481842814726144, 53503202, 115979444, 1044241, 2184943214, 96675300, 133028836, 25203361, 52136185, 1264837447, 4888600459, 1320656142, 3166120541, 990228604347932672, 1081645930502414338, 22891564, 52392666, 848148994102611969, 1080539438508400642, 248884036, 14597239, 16827148, 21672315, 2391, 525678474, 2911683948, 19084896, 61734492, 839420851099471873, 2863996955, 47379354, 32871086, 3949525095, 28162211, 55948054, 830908366377611266, 113064158, 4484115214, 454071012, 548384458, 884578187392544769, 510464011, 731132367058968576, 783281708137324549, 915726438, 4840958511, 16567106]
"statuses_count": 4315
"date_followed": "2020-02-14"
"obtained_tweets": 3234