"screen_name": "swannasha"
"id": 915682781639954433
"created_at": "2017-10-04 16:59:22"
"lang": "null"
"location": "Ottawa, Ontario"
"time_zone": "null"
"url": "https://t.co/OgNsxWEAbi"
"favourites_count": 8605
"followers_count": 161
"followerIDs": [262915942, 3943754235, 19616189, 3344366373, 13827072, 32933712, 1190268900073713664, 51760300, 2290282896, 1130131040842838016, 129969764, 2148588167, 901013663682789376, 1033441671516774400, 1004508034515775490, 1071631108154974208, 1140492320049160192, 933481576595316738, 1654729981, 1134457050627477504, 726006292213583872, 916517473473617920, 1055527905529233408, 15276654, 1048320087705497600, 1087918277433511936, 2248151467, 1411378614, 17637238, 354380426, 384439986, 475398668, 3111398287, 854639941330063362, 927257852003065856, 1059462826455052288, 1050095783410900994, 2564412036, 1023265087132454913, 18415004, 884511714389131264, 2715468595, 81294000, 982748380202909696, 3078942992, 988720776525250561, 150619694, 401753345, 275912281, 53749495, 925755815742623744, 978746390, 2818200291, 1041445076696743936, 3762681678, 220860258, 2701489858, 497568414, 1064963754788564992, 1038479948569366528, 962061109015425024, 870508052226506754, 348281883, 1042106103579009025, 994348230463799296, 12726792, 65134762, 3943258098, 1033011764257087489, 765950633690169344, 823239470, 726607333803986944, 986550940655333377, 562868685, 808450734240972800, 73670399, 182040108, 836578987690225665, 17958265, 108794485, 609536287, 859604492328648706, 4830315472, 921013604, 1184571560, 990248799296737281, 404396228, 784057629823885312, 1002379573273784321, 1002407336194043906, 892553293632876545, 2149070873, 987511535177170944, 3615121400, 2361385607, 2958635758, 303293547, 594225326, 971122658, 34530995, 498196566, 3741405675, 1692969169, 722459596468719616, 489691638, 730568156658466816, 3211024582, 954862771543437312, 352663695, 586024632, 572294859, 773989487353405441, 794627280450551808, 942720252, 953763069850718209, 964256383460892672, 390750751, 958065563821133824, 956712519657246720, 3305670873, 506544756, 1017185989, 917828907105181696, 912532959600742400, 404443442, 266966994, 2174893676, 181871783, 774347306510450688, 784109817484939267, 478345979, 245229488, 282810740, 255234586, 758000857883545602, 406579529, 839265817048952832, 22018221, 851462095317217280, 789536381639004160, 4627171113, 280400282, 2895395261, 798252701591056384, 1282042092, 784157357370662912, 922806101954871296, 780937209625059328, 908581813119066112, 55660997, 15032359, 786275230947872768, 848270365, 784506103791030273, 780930192097370112, 3362576307, 2254362876, 838727954, 405958176, 157905574, 786400164726448129 ]
"friends_count": 839
"friendIDs": [4227012394, 18776647, 326811204, 262915942, 185290084, 270320683, 150914816, 18351019, 18497157, 543143031, 19616189, 787500468, 832312110, 17068185, 836277107256762371, 245212504, 267915933, 4175168135, 13827072, 25049056, 32933712, 735130230252146689, 3209038193, 9668852, 51760300, 1483064670, 857827231812300800, 8653962, 3830097076, 1193709679202975744, 2873884427, 2290282896, 15684633, 25555553, 4166577089, 15428691, 1130131040842838016, 61802282, 1036387145307615233, 170472098, 92648463, 110120084, 28799075, 983189305, 733199582, 129969764, 3221888150, 2148588167, 3316343354, 737141460, 901013663682789376, 41479334, 24215395, 124302756, 3620968763, 2832807293, 23011972, 1062417528608178176, 1113153997827739648, 612760470, 17452463, 224456162, 3288705094, 18343578, 39197011, 127091266, 199770632, 178815255, 155297117, 19554062, 82533074, 1045573105182232577, 1004508034515775490, 1071631108154974208, 854111040916905984, 772238299465256960, 923250841544511488, 2996234737, 1133790162088026112, 593785378, 803819933331312640, 3042894016, 1246631490, 1006419421244678144, 3167401950, 596572961, 295895324, 1448428326, 1455499676, 31012378, 72290565, 19778399, 295792591, 905797748577984513, 4421977275, 916517473473617920, 1539223597, 16463984, 512427888, 759600033603817474, 1108495288887595010, 41292655, 1323661356, 15276654, 230952167, 17637238, 384439986, 475398668, 2482356595, 869582658648645632, 3731096715, 16529656, 1248369446, 30925378, 962427301, 123655512, 115245884, 32871593, 420524389, 882322689435852801, 92439420, 1050101733412753408, 823038130299146240, 4548930894, 2159700978, 1059462826455052288, 4733728937, 1556335328, 36065127, 732515900, 960930504, 2564412036, 846964723904102401, 15239426, 18415004, 862717617844363265, 354036742, 120176883, 201131595, 6931262, 1087918277433511936, 2458970060, 292092444, 1021086274894090241, 1576263422, 1584242612, 594711386, 501260446, 747957361, 92204251, 580272018, 2329066872, 17330657, 716688050, 29644499, 81294000, 2949131574, 122208388, 1079104563280527364, 770087886607843328, 988720776525250561, 937499232, 445586377, 872156132688711681, 357606935, 36670025, 53749495, 925755815742623744, 17698956, 1041445076696743936, 978746390, 470708968, 216605214, 146262720, 1105364952, 3762681678, 232053733, 21692297, 4032353952, 166948019, 920905949795246080, 22956018, 17565514, 16863340, 119972954, 14177942, 472449404, 47983954, 174942375, 16314021, 31239408, 66691476, 382813654, 15625504, 15588104, 708528918, 110590422, 220860258, 33290906, 2390095775, 52820773, 18130181, 1631464603, 86196231, 476858220, 1703112721, 754305143378632704, 19290768, 580074345, 8892822, 2701489858, 789691512, 871601935664558080, 497568414, 270009186, 1051832274, 114363155, 40147738, 740584184784277504, 1064963754788564992, 573918122, 248300454, 151876540, 2903979971, 138203134, 3765701064, 108094234, 4669412971, 970074820816855040, 17795776, 3105826730, 29309901, 722886870846144512, 45564482, 968368788168151040, 339103606, 2961072263, 112476445, 870508052226506754, 348281883, 974320164396306433, 2312488183, 72673544, 125367833, 1042106103579009025, 12726792, 559270364, 65134762, 37340424, 128002733, 141281366, 90943312, 90966301, 584541729, 22643679, 755237845, 1537249753, 16369150, 15865878, 8383592, 57411021, 169177288, 3188689127, 1033142532136415232, 421195184, 1491965726, 293624877, 1033011764257087489, 18625021, 227744268, 3248910245, 19201926, 24830844, 765950633690169344, 1008618108771332096, 3114917873, 3284708952, 872322324422381568, 16001827, 159616650, 231278352, 24905727, 421362314, 283234007, 20817049, 982842009600704513, 823239470, 942878337806032901, 524920756, 2494385083, 762938250, 788278808, 54930650, 349777789, 872306996967600133, 249298399, 3038964031, 132015712, 787145210165796864, 3099953798, 1912411916, 726607333803986944, 44141752, 2589261812, 305452850, 14677919, 87818409, 1084198693, 920452359800553472, 2620267872, 87609339, 750636836, 2610171890, 14584903, 595515713, 806862084277407744, 250743497, 28609947, 47481061, 25354531, 15565871, 2696368585, 55745414, 172834226, 278702482, 569714177, 1004138603981758464, 2822071535, 1022074256484524033, 609320918, 369517511, 842857689931825157, 555548903, 355591226, 492070009, 1015227101534982144, 37281592, 46335511, 158414847, 28092167, 836578987690225665, 14073364, 19402584, 22986148, 314091789, 47591958, 1561448815, 14155907, 4775782641, 25598396, 816806628884447233, 762086073673494528, 3233815033, 1108726531, 841318457723375617, 4204363461, 17521340, 923285646801817600, 897700522001661952, 1454280158, 4165466061, 37710752, 345632965, 26917714, 834190683183411204, 101344552, 989877383502155777, 2459371, 1012511153069613056, 3072869411, 28944705, 17958265, 11348282, 186154646, 16034244, 17881732, 624953558, 18783859, 2329252147, 2155249109, 19409508, 1512446430, 963631905878036482, 938424931230060544, 451131659, 757695091, 19879313, 281705462, 627953504, 29450962, 113717430, 609536287, 96689653, 780454154959523840, 4928218263, 23798078, 1716839761, 731655345542696961, 2275035980, 159255994, 176490413, 28370071, 15346695, 16220555, 188007231, 253340075, 151613826, 859604492328648706, 208711264, 14246088, 182040108, 921013604, 3252342300, 926894359789780992, 39356200, 1184571560, 1225354842, 3194349483, 789701909829459972, 226320142, 990248799296737281, 149282848, 2904953395, 133623952, 108794485, 404396228, 984292862102679552, 766575116, 965385650601058304, 2272036651, 784057629823885312, 1002379573273784321, 12992772, 4795224254, 878386302902652928, 371260098, 635683381, 949377710505254914, 892553293632876545, 4518075033, 3244365848, 860260955464368129, 331057915, 18662691, 959399846284324867, 112866161, 15870058, 93490536, 6017542, 2884771, 19038934, 810955710594973696, 2871050532, 2414979157, 16305370, 1550520115, 899695315573493761, 370604521, 961884066915086336, 2273995189, 1535461376, 2886228767, 3105089469, 265723134, 796029356279791616, 4874996673, 2958635758, 941919512558891008, 1919828977, 303293547, 901473661844148225, 594225326, 971122658, 950896516608110592, 634734888, 4896730204, 2338230812, 988962636162191360, 34530995, 2683354057, 498196566, 2494636442, 2787110164, 544576633, 449069425, 1692969169, 722459596468719616, 1403871902, 19166519, 23406730, 261987712, 198604237, 2469014047, 5392522, 122085859, 489691638, 965015705123930114, 964032914626359296, 42243562, 105534460, 338734153, 953964642052837376, 4768731052, 904111116950831105, 15934076, 355624327, 823665054088237056, 1665095208, 52758588, 2224947382, 749616855694934017, 730568156658466816, 954862771543437312, 3211024582, 973095564, 1110315240, 352663695, 86180513, 20088988, 27585991, 27074856, 19100811, 33787936, 33323849, 21754399, 183022206, 2264785178, 2372473112, 563816968, 3082986275, 69702570, 586024632, 376613938, 14222518, 3086252723, 162237835, 723550467951751168, 528700192, 771097812855558144, 110365072, 17073913, 572294859, 970101416944644102, 229521349, 20677866, 31497170, 2189503302, 2914091454, 280400282, 33027976, 49700780, 78194111, 949865689627676672, 969735913600413696, 773989487353405441, 965266179836252161, 794627280450551808, 942720252, 14500608, 3218472990, 293241302, 4317147794, 953763069850718209, 309274607, 610922023, 964256383460892672, 2361385607, 27634400, 430048955, 958065563821133824, 729614446813974528, 120689778, 956712519657246720, 15846407, 20609518, 506544756, 600679694, 3033463413, 266780602, 213520121, 1017185989, 2332037040, 917828907105181696, 44733150, 421830010, 829095470873997317, 404443442, 472587261, 791077327, 239509917, 1291770157, 23995748, 325076723, 2237710771, 308037700, 293329773, 836370086294245376, 266966994, 754720062838300672, 885644681203331073, 2174893676, 430068593, 1586427422, 181871783, 802646542779813889, 93996853, 2600202044, 18633998, 3741405675, 912078811751178241, 491710556, 2916458450, 110326494, 784109817484939267, 774347306510450688, 2279883714, 758000857883545602, 17455195, 478345979, 179932936, 245229488, 107134048, 18811788, 1108935618, 2350339748, 124459427, 3153084524, 282810740, 817486608, 2317351705, 316389142, 1043410754, 973190042, 255234586, 19377913, 223628594, 2424111361, 2910050243, 735595926807547904, 93960034, 314901898, 113514650, 273505393, 20123712, 90921597, 811533451, 788911516321931264, 125567504, 17343602, 2745189853, 76698816, 164799736, 1654729981, 406579529, 16323102, 788225600, 232217983, 20452161, 14181214, 2327729960, 867929010877190144, 2925441313, 2337459643, 208897257, 41106967, 1287296226, 24959165, 221496459, 720764754923515905, 2149070873, 807357676300730368, 102719961, 22018221, 262794965, 251433567, 18033816, 23561980, 18038269, 243163874, 17471459, 436187029, 12369372, 20798630, 13992132, 933397378857439232, 789536381639004160, 3419002641, 390750751, 882986870300430336, 1901596891, 3459051, 110509537, 17137628, 20596281, 14361155, 27830610, 14499829, 33933259, 14159148, 69231187, 14700316, 16153562, 28785486, 701725963, 18424289, 110396781, 750032596428591104, 923442625, 74669397, 4627171113, 2173671612, 7111412, 19063323, 14780915, 13784592, 5135521, 9695312, 16870853, 14089195, 179255183, 6974622, 187374837, 263928436, 174907165, 16664681, 786371033162846208, 28440197, 47124587, 2895395261, 917602028515463169, 23730618, 19323697, 40273442, 34659986, 1670559054, 899002118702485504, 798252701591056384, 416739218, 314817366, 92790453, 1282042092, 784157357370662912, 726839398373838848, 4970411, 32423136, 838727954, 3362576307, 359552619, 15032359, 55660997, 18999969, 21212604, 13896552, 14705603, 19000033, 17659340, 12993222, 19636948, 12848262, 14216661, 8736882, 6433472, 75050644, 373683618, 74186967, 24000965, 194150526, 5988062, 813286, 14293310, 2944824328, 350994851, 327557463, 1032588252, 713864781850017792, 97771873, 18536385, 405958176, 157905574, 612473, 5402612, 742143, 2467791, 51241574, 1652541, 3108351, 807095, 428333, 759251, 227837742, 139847909, 959417162, 913228452, 2382522535, 376965069, 991765993, 48405258, 832026738, 235588427, 166168355, 575766234, 435103138, 21343545, 1574895817, 871596588908544001, 861413892760764417, 884421159424602112, 107155027, 848270365, 2254362876, 786275230947872768, 780937209625059328, 780930192097370112, 784506103791030273, 786400164726448129, 180797277, 21889069, 2221964862, 363997684, 225265639, 63546487, 1956441, 203123011, 15976705, 78645110, 1141653385, 116502194, 821814254, 42665626, 17579312, 14452313, 2459609448, 20059181, 15844405, 53184267, 85433682, 197208081, 58990464, 32871086]
"statuses_count": 2136
"date_followed": "2020-02-14"
"obtained_tweets": 2086