"screen_name": "vnazarian"
"id": 366882263
"created_at": "2011-09-02 20:30:43"
"lang": "null"
"location": "Toronto, Canada"
"time_zone": "null"
"url": "null"
"favourites_count": 556
"followers_count": 189
"followerIDs": [1144824374228373504, 286289614, 763024688700358656, 1199793758495236097, 3312687038, 3124469404, 2222256850, 3109385817, 902625847, 1145283057764769793, 780568424766287872, 18473577, 1016489295413116928, 581157785, 344192912, 1097838745519308801, 1021976653638103042, 2330775930, 1062431369341616128, 3154566437, 1020139905333309440, 91099194, 53006411, 97683701, 619074125, 2806082735, 3226634739, 730094723415805952, 170403212, 607297341, 268009495, 450738176, 17850785, 62164268, 2286126782, 4718121095, 30666297, 43376623, 3702342562, 971943946879455234, 3809568015, 577085137, 2617653918, 14998722, 742445302913871872, 939977304414887938, 2961361019, 854438392972660741, 33923443, 37187601, 916570022679638016, 897097755830738946, 874525772, 728042184855924736, 4521582381, 851469153265471488, 774955187735826433, 227093392, 884181916802576384, 3344737384, 863109391737917446, 875176787726262272, 865865720990531586, 909806744, 2512683048, 853920113543839744, 4854167560, 851076066437459970, 3425760148, 833019193100533760, 818208738742038529, 3181202818, 118826584, 45181145, 484082773, 785902210953584640, 2532776053, 1454430300, 771894224740556801, 2889761679, 760643470377693185, 1142885101, 702090844484952065, 261819469, 706954608829145090, 13160492, 727122362362159104, 611269038, 718938190858567680, 719309840544317440, 3368370478, 3957834755, 70734578, 2875002550, 125838628, 3443726472, 701574420054220801, 3215759163, 4670683281, 3341691074, 36405978, 4340072715, 16784134, 2286216290, 22882970, 4128135454, 63177012, 53433240, 3145429301, 2981270769, 2290506761, 2547385766, 288998203, 1665535266, 3126712896, 15231287, 12044432, 3375789569, 195825557, 34355422, 3418970397, 463070768, 2256372797, 3409629905, 3301757089, 143223495, 65495545, 254082527, 3177277142, 3257022138, 451955384, 372820345, 149718637, 2892481030, 18275278, 2585814581, 3111967939, 2344211519, 2878268464, 10427102, 23597424, 3075501737, 2904565709, 2951548544, 1877277391, 2951517086, 1878002041, 2951549114, 3023671270, 2178770604, 2192536296, 2987485419, 419082223, 2705488736, 47686044, 19623685, 120186213, 2849070723, 2985013655, 209169881, 2657298850, 14603148, 2147854533, 29222237, 16275155, 575457119, 133135006, 14426771, 31465017, 2557963830, 2174725821, 17090308, 2655438744, 2660921124, 127710661, 25153251, 14620987, 48714066, 44675324, 89772871, 196367419, 176084642, 429208609, 1096652119, 89271922, 615303516, 449826188, 13534522, 110757545 ]
"friends_count": 364
"friendIDs": [8700902, 905059567, 280251879, 326811204, 277012501, 1199793758495236097, 63812039, 3957834755, 3312687038, 18393773, 25175706, 2729061, 51241574, 3124469404, 80813493, 16892481, 2254000758, 300018754, 5768872, 292092934, 75185818, 902625847, 2375535828, 37710752, 57046779, 720965991044411393, 720947428426428416, 52188923, 720950349373251585, 2515925815, 476050022, 498956472, 61844539, 171343229, 20841927, 198489456, 2284148041, 933301818, 2819498416, 951528935426228225, 730094723415805952, 87818409, 836501, 612473, 2300426996, 1566607927, 1691908549, 18170896, 69008563, 18473577, 1586235684, 2646334171, 80374392, 17670732, 2877269376, 226175896, 3226634739, 279224929, 3696502813, 1392126961, 581157785, 16394755, 757367904, 28543386, 19429847, 180000404, 38259453, 17389318, 14688936, 57709461, 1606182450, 14589927, 450667347, 348784025, 1467434779, 511402689, 2993230373, 3511430425, 80344952, 18965790, 72885515, 93069110, 2330775930, 773120025058283520, 1563151004, 872526149968179200, 134941111, 261904493, 13982132, 691353, 2458781599, 760595303544201217, 755877821671702528, 12993222, 1761521, 1917443905, 5763262, 231543761, 4204793878, 144859413, 105106802, 14085070, 64368500, 1255110902, 38492632, 53006411, 56166281, 287309941, 189240250, 38190216, 14940213, 851469153265471488, 8119452, 22186308, 2463654482, 234395010, 17193324, 3006350697, 3108317230, 21064366, 89205229, 2768740436, 97683701, 3239192692, 619074125, 2806082735, 14293310, 759251, 225265639, 2715215921, 106130298, 3898598357, 34566763, 91099194, 1307791, 60637549, 3079986094, 376927648, 1303691, 105267145, 117898285, 27013292, 17850785, 607297341, 90755137, 22695356, 11944382, 18999708, 30666297, 138372303, 3702342562, 1123147712, 286289614, 3809568015, 381587941, 918207158793195521, 194734365, 2435340085, 4718121095, 106176977, 72582613, 776750995313491968, 450738176, 3154566437, 195065014, 728042184855924736, 2461908300, 55684274, 126641811, 43376623, 3368370478, 1920532658, 5120691, 13891392, 92344026, 18686907, 801089827059863553, 742445302913871872, 23796987, 706923151087804416, 36490075, 8736882, 4145545527, 2790275154, 29490009, 249187824, 577412009, 574032254, 855479413, 14529929, 884181916802576384, 289511877, 17222588, 586808345, 1344951, 571202103, 181581051, 2831531811, 842036857810628608, 70763095, 2467791, 55594930, 2945881781, 4854167560, 1652541, 2853449164, 247411057, 449588356, 344192912, 26205565, 235213723, 28139112, 12848262, 17679977, 19000033, 16034244, 29769998, 344254333, 459310999, 775051276887392256, 118826584, 484082773, 7905122, 7400702, 20946458, 331697897, 244655353, 2459609448, 4354484597, 727122362362159104, 1562935142, 3774449242, 3875793315, 263305085, 3016894316, 4519617857, 21525682, 7932882, 829455038, 70734578, 125838628, 8963722, 21581503, 32372834, 15862891, 372300275, 5402612, 73406718, 4670683281, 3109385817, 27015055, 360630242, 84689694, 22882970, 294080182, 420537199, 9420322, 148991478, 252794509, 389457807, 3022400498, 44196397, 15808647, 14761795, 14689959, 24606710, 63177012, 134813871, 80750540, 167087326, 15231287, 987849932, 86626845, 344508502, 561632213, 23597424, 75050644, 195825557, 180887271, 149718637, 2892481030, 29054405, 16275155, 1944994424, 50393960, 10427102, 18922472, 821814254, 109046256, 17595439, 16242081, 15662446, 19658826, 621573, 621543, 1435461, 14647570, 17889970, 130197701, 750119599, 1850908921, 14592723, 1665535266, 161372707, 46046512, 176463583, 95938864, 2987485419, 917137956, 273302199, 29222237, 19636948, 91478624, 19025957, 2174725821, 14426771, 30862829, 246493616, 31465017, 14800270, 16896485, 20562637, 17090308, 127710661, 18776647, 742143, 807095, 14705603, 14608126, 158022814, 573845836, 291332154, 136031812, 119287260, 42670984, 14620987, 14079041, 21889069, 60642052, 17296792, 2735591, 6433472, 27549343, 7480172, 106470258, 15515420, 972651, 816653, 47960191, 26346340, 2353, 429208609, 1096652119, 186154646, 263853830, 16311530, 19411505, 19038934, 14998722, 449826188, 272546411, 13534522, 25065495, 110757545]
"statuses_count": 653
"date_followed": "2020-02-14"
"obtained_tweets": 642