"screen_name": "ZeligYap"
"id": 924022678746533888
"created_at": "2017-10-27 17:19:08"
"lang": "null"
"location": "Toronto, Ontario"
"time_zone": "null"
"url": "null"
"favourites_count": 1724
"followers_count": 51
"followerIDs": [852862617010003968, 1168637213250334721, 1022182373474148362, 55963684, 1201606399156985857, 969138275905654784, 1039084213012779009, 35680537, 604890566, 1084574895231692805, 919131332, 279691545, 61242633, 1208790526675312640, 97931373, 95676498, 1102816837941817346, 834983741504258049, 223489318, 1077699271296569344, 1203375583377252352, 41613772, 1201746657987051520, 989219359884165120, 2693557748, 1131266647577243650, 2915980918, 4833090921, 1173125700263583744, 3243044645, 1154792859431837698, 1133324603135287298, 1134795988843913216, 249404714, 722800019833643010, 1082306138572496897, 2755931928, 971254378878390273, 1078976469706125312, 1065286841992015873, 1064828820400848896, 3568411, 936824961033031680, 2412448069, 979697205664800768, 2829428812, 17472086, 226689353, 882977989, 748692541197824000, 33923443 ]
"friends_count": 2389
"friendIDs": [15950681, 759786534, 42597316, 2689635553, 215435356, 89876531, 50323173, 635537798, 1227223851546755073, 51606154, 168760005, 175429424, 20776190, 286432534, 72344638, 343148690, 257293510, 117235399, 3302904116, 1855081202, 702263970724507648, 1300794127, 3307521202, 213394155, 61623544, 312382472, 255827932, 351120282, 733031468121751553, 89820928, 799390015, 446461168, 823519451756855296, 843831481084628992, 63859619, 3697013177, 49976458, 1039531, 49778356, 28254715, 14839965, 1968778134, 1024486231, 75797367, 2279949104, 233930147, 90482166, 8962882, 1881168794, 2223489614, 720579941184757760, 1098380616129642498, 52521572, 2893223998, 18080708, 36434049, 14538949, 52069202, 42944430, 1615557272, 246033684, 4735046127, 1057708820900630528, 1214963028489322496, 1108824595732271107, 7860902, 76656706, 154253850, 82692359, 430077433, 17688928, 925137102148440065, 376927648, 80374392, 996120313, 25681997, 708781527551905792, 19130800, 46955476, 407207598, 2188878457, 17436250, 482388629, 271931236, 47526275, 78138814, 989193646938378240, 61930642, 1099670091610767360, 113047940, 988654859296493568, 4898641373, 883156970693414913, 756577431222386689, 847518592736333824, 2382218850, 330557340, 3063734826, 3685885574, 910198504068444160, 945369129141358592, 38673920, 26951743, 113351115, 57029492, 51837775, 1082000847368679424, 1084775697997070336, 16086791, 20449042, 188787513, 55015468, 489336176, 324405898, 707463510, 945668010, 2871813069, 601154827, 168531961, 1545306691, 467756681, 285698560, 73121583, 14054949, 553780392, 158426909, 817787882395955200, 289548939, 88992798, 3292813628, 193288540, 217708411, 1653477433, 530848535, 475957325, 52730608, 44945327, 407013776, 245954929, 423769635, 2771424650, 326811204, 436925910, 130684893, 335759893, 1168996735877820421, 870429873621172226, 1126936055133790208, 19788990, 105533870, 11621822, 232294292, 18121069, 3609913993, 26244297, 47590443, 914886920, 24543481, 2275883743, 327337127, 1471542956, 32433037, 20776497, 18678924, 17907987, 38474934, 1053361403535519744, 266635682, 172367302, 3124112591, 19387386, 801965580391763968, 887726090508283909, 18831926, 77377719, 1192516369612496896, 1039084213012779009, 243751237, 31037199, 77413975, 24431892, 7709782, 95463107, 140286364, 876410539, 423109364, 2859178324, 3039504459, 15728161, 12376942, 3365960592, 975731, 15384720, 755895789520584704, 1399811624, 49982906, 161814038, 17995712, 184577143, 910253568397053952, 35680537, 612238162, 1220140506933616640, 16949344, 19152000, 48173742, 3717653539, 1599085766, 2816944560, 249159060, 55487998, 34041396, 15411998, 236898565, 1302128118, 1003895325025865730, 27448416, 191557624, 44021545, 329294962, 216921189, 66400391, 223906506, 197561835, 18652307, 752108825436577794, 57852539, 16926550, 2509515110, 3003705386, 2498027605, 1321134194, 22642788, 913203265466257408, 58177215, 80813493, 1034036828469223424, 746440524052082688, 3423739275, 120233868, 25387735, 27101698, 244655353, 21431618, 19334118, 22403663, 914937590889017344, 241983838, 264390865, 22127500, 833715346506993664, 101720224, 4541535439, 1560875191, 3311286493, 2561646679, 117244757, 37860248, 196324920, 2243374385, 3005733012, 2327559364, 806123993619136512, 358903351, 4216847717, 216080074, 1305556297, 770981239817842688, 4068347835, 632091340, 14308180, 604890566, 857471436, 722125936834060288, 418899778, 51606395, 2472624794, 2366113867, 583938358, 1254412448, 51112072, 2863996955, 22148802, 1196494921, 604641964, 92116069, 3131662216, 990009265, 156893207, 23787870, 830042512379281408, 104198706, 2875344927, 2244953047, 3300085344, 743666168481800193, 188066375, 838789353279209473, 3259973154, 975572363331878918, 9909682, 55963684, 21132877, 594175899, 22833425, 919131332, 945496245530869760, 3097519864, 91656941, 14283504, 107244208, 3223917794, 1695630044, 263483174, 993601315459694594, 945809834112200704, 11766442, 279691545, 42955171, 733647469305864195, 2536510904, 21305239, 64657863, 59924621, 15305044, 816592081200279552, 30761484, 1084574895231692805, 830320413741838336, 2874102076, 25409870, 1408003598, 324703658, 3391699133, 17225962, 101025273, 804387171356606465, 1214215979200172033, 1439275952, 3257593736, 586291040, 2363460824, 2223157392, 1645028119, 917255347844165632, 1183865115503976456, 35880846, 1218209698706612225, 350543741, 874032556840284162, 237226427, 3415715278, 852862617010003968, 25160944, 359425864, 36510873, 3231188767, 17261066, 24254084, 14848157, 2539868276, 953383684383608833, 321358063, 546007186, 835594501, 1036588330987737088, 845283699604250624, 6705042, 534563976, 17375116, 18244332, 384916348, 140252240, 826833894666219520, 14974476, 39091844, 806969856486584321, 837079877501218817, 259401680, 929211084, 839820726777544705, 139550237, 971268744667435008, 116511372, 1085165820127395840, 1078804207551926272, 18918483, 56381997, 19038768, 1433356862, 2375574151, 823277120944242689, 771583225466531840, 453602533, 1380753061, 14907643, 47438403, 880818638315339776, 4810936868, 964187718858223616, 197008121, 705539763349164032, 151191872, 285706952, 14888467, 190063585, 340441440, 1345185876, 20472393, 38521659, 1023805409960833024, 294902433, 2228091, 14816237, 16956827, 110522065, 17466132, 252521025, 248038112, 423548238, 602083976, 57105450, 254174364, 40252886, 816734594355646464, 1158051475, 176202072, 953983894398873600, 1093549174535012352, 774282912296382465, 414887685, 74186967, 788898706586275840, 806058672619212800, 14135350, 522282462, 18463834, 933350367160651776, 48511236, 4764882552, 815033787645972480, 4156957588, 306989200, 321589427, 14668111, 802177899583467520, 86364947, 33810723, 3044908432, 1649821626, 883039700, 4401335380, 1107704216238415873, 835977678, 16781974, 33856936, 201059165, 937778257952432128, 10656622, 19768173, 63895732, 78702900, 577432615, 1969097227, 1542228578, 93637779, 1320656142, 71028123, 280830358, 15923226, 786767469604143104, 2453534069, 326149890, 167535120, 2953270419, 1171109054, 26378018, 86384980, 701638582587371520, 801367260, 3202060546, 930386257, 785924480073764864, 2414788774, 255558301, 885953601067208705, 167518667, 27955781, 23911915, 821120891006451712, 932461730, 85262682, 1100923445368549381, 16067035, 288755234, 2315512764, 347147346, 27931710, 153085446, 3341766299, 4112287715, 15098373, 480678403, 44718864, 969138275905654784, 999008647, 243248082, 613212190, 789303014192402432, 2876220447, 1626294277, 923315168607653889, 471102898, 723208054699790336, 109417248, 195826487, 884034140, 1050478262009262080, 310892700, 309282144, 20253808, 1035948712500056066, 4646156380, 964227358218649600, 964234828039249920, 882664530802868226, 27493883, 3434576657, 880434141766066176, 50446226, 482120066, 258988836, 15639774, 7855062, 3189435458, 16855888, 26668729, 30699754, 73585872, 564069706, 317980134, 249013720, 561516853, 398271367, 17579312, 1123962794884333572, 110729352, 1290082680, 87397874, 75028838, 41633850, 19027427, 47436923, 14276734, 119421760, 49640770, 17814635, 97680081, 34013800, 19670226, 28144343, 34613951, 101584084, 177101260, 728392263555026945, 20963651, 145431295, 3310486835, 3048553131, 325385270, 880801071052062720, 18774246, 15766082, 155214257, 32674684, 887278045761077248, 1356942170, 3130919615, 547860279, 1180627544, 921772230953934848, 2785337469, 3960895888, 1152678039207235585, 338416941, 1042147622570668032, 39082174, 3244305970, 24619641, 49702592, 6085962, 44638576, 197554405, 398752046, 226222147, 820431635145510912, 23578274, 942156122, 274699227, 2511955764, 489729616, 22370884, 3290436545, 97939183, 16128259, 1459232030, 17757642, 17264476, 489218573, 299075997, 1071767384, 16591288, 3218244202, 95676498, 1332630685, 3488471, 75742264, 19417492, 57048551, 1176004076, 1169229537730805760, 25950355, 86626845, 575954382, 1199136998, 3129033749, 52763281, 16192197, 1908627954, 228136993, 742154723382398980, 567607474, 24712487, 30247200, 732987464806072320, 1446376116, 578641879, 21212087, 864302334691749893, 3013313063, 35415904, 17072457, 14678279, 2267988685, 74087670, 74478182, 165944767, 634734888, 13493302, 2200679306, 331120729, 15907986, 790399716475285504, 14184699, 109275869, 984862330013044736, 1096237058358693888, 1102816837941817346, 1169092523496574976, 82364810, 50140857, 224495471, 2733320850, 28567809, 14594687, 932243887, 18209971, 4227122451, 18622869, 117754884, 164425558, 86736696, 1524976560, 34240147, 42688847, 13153002, 407779393, 113613491, 21968928, 225895485, 14146966, 765251098819067904, 15111030, 1301463320, 15276573, 2822012692, 806912423605178368, 719761285190131712, 1247375072, 19663365, 95972239, 159255994, 68727303, 14821314, 604254394, 106370162, 3077240717, 1018028261014507520, 125453969, 894375340696420353, 115522457, 958906549845426176, 2873615703, 15223870, 246723540, 36984909, 190814558, 246939630, 28117421, 620197006, 429531188, 549256590, 329819402, 42618323, 57535118, 20263710, 15278016, 1134950945689722880, 285380856, 259763847, 1204331527, 3441357856, 636586551, 249235406, 29342326, 24768753, 20715936, 14393114, 829059574514712576, 136927069, 2568461, 21268897, 958085612644552716, 4170491, 782325, 136300373, 15950086, 39279821, 14911886, 1018558062444064768, 174625497, 1594508888, 195920016, 4515396858, 2239670346, 2235411914, 1398479138, 738767160395321345, 26579339, 1686270312, 331803536, 1955164250, 30043148, 21252618, 45564482, 461345065, 4870078413, 29771100, 48096388, 795701305691910144, 1244087220, 301863076, 1175221, 246615051, 817270221236879360, 764097710882455552, 15675013, 25102806, 32406021, 192939151, 91409081, 3075438393, 168470806, 1193981789787824129, 390823537, 611980002, 1601593543, 3230881504, 745606497456001024, 2262749110, 4690043419, 372536101, 3409898008, 44359302, 334470578, 1949132852, 536540206, 10671602, 24742040, 2342613998, 2899149439, 107264139, 331816614, 44678417, 18214541, 833074406943502336, 10810102, 28049003, 750330234461949953, 19415796, 3070059761, 18686907, 1095940362177150978, 401620804, 18655567, 22021397, 97931373, 23876839, 937703628751679490, 207697744, 172377661, 33773592, 947336118243966976, 740238495952736256, 2382923779, 825117123936612353, 265414308, 60944552, 47747074, 79923701, 16326882, 1144276612470444032, 3236251346, 8487622, 41596136, 331877987, 46654897, 207630252, 15441965, 16044997, 180887271, 2233090584, 1021022461, 283226685, 382949896, 61521038, 793108297402286080, 49719781, 81783051, 300355838, 21108916, 32137602, 102793896, 242477152, 245469967, 399380884, 16015499, 96025443, 15830635, 810590628727914496, 149626146, 44706837, 122795357, 6730222, 4834898643, 25508510, 1489278174, 1326309428, 142696927, 10695152, 37972706, 16370782, 16164636, 1920431011, 221938964, 3186218394, 937936135161921537, 923614913062252544, 1028986186533101570, 2314443930, 911297187664949248, 994271837361061888, 4539346343, 2428796856, 7424642, 264997155, 93069110, 233842454, 356853423, 114050808, 39977710, 36396846, 499497572, 341149674, 214337395, 19402584, 124561869, 414334713, 1009342910624563200, 2924488818, 4834870942, 743836563302420480, 1266209922, 47455112, 290061912, 1006563934822977539, 287595596, 711633829702684672, 2693557748, 721525965973766145, 27568113, 450035215, 477554072, 1414130274, 989219359884165120, 218657699, 327862439, 225265639, 261128702, 908874468923076609, 13031002, 2915980918, 818483631295463427, 284870222, 1032986500168904705, 26029878, 185270017, 18104734, 3270678680, 58478256, 1176489594927439872, 707231479047315456, 20623211, 14085070, 38941661, 2445479707, 2498355775, 808705470504566784, 63441844, 956523931862781955, 281877818, 1049291506463334401, 605320792, 17356547, 1177708421166112768, 14968475, 8496762, 2425151, 14914385, 2324423269, 985983571176427520, 3071520730, 1070344375979438082, 1038280427734220800, 116630713, 386513, 55673398, 996923362386546694, 232901331, 1013259079601590277, 7401202, 61963259, 82380985, 22539112, 17969963, 830908366377611266, 1187004211, 529477577, 2708131880, 237871265, 20742461, 83374478, 252194566, 946386588556300288, 1185616561081667590, 3515085202, 19387570, 19489239, 92576336, 108186632, 7511362, 1120016840816824320, 44527679, 123595995, 334864052, 1646334073, 31764814, 35338880, 331907658, 463765807, 16955870, 2303751216, 16017475, 1131266647577243650, 1196494608437563394, 259395895, 148803925, 2563838934, 17004618, 1704108026, 39801655, 227682918, 5776022, 2472781538, 1154343930483433474, 1167152105737658368, 965685176901791745, 722682203889614848, 744601892, 27994823, 4817888358, 203132018, 121514648, 88502912, 824669300699070465, 44073696, 23016699, 191841146, 154909422, 46879405, 17293532, 33836629, 367297219, 839819096686530560, 164641631, 11582012, 47361184, 1119248934629773313, 996965099523977217, 271283266, 946405062, 4827883464, 117122683, 1170256471, 525544194, 2336279258, 811537238425214976, 2804731499, 838374132756713472, 1437234858, 1014861853338398720, 1886751804, 771267202762670081, 949703828064129024, 100534402, 426877765, 4737807261, 25995304, 537803804, 9273802, 20094138, 3502655001, 749303541282603012, 737140237948715008, 287194246, 61417559, 2871958740, 908470735, 2244437857, 21457205, 16955517, 128292609, 89337224, 1175821711, 4127912357, 33266209, 33272687, 1726451347, 1192293949546909696, 24183598, 928866954, 24889586, 785137860911456256, 91667789, 1022844108853968896, 709161518621917184, 1137750468350947329, 155651779, 14897792, 823644602292903938, 2178012643, 836657815137607680, 1378619803, 4438354094, 807103381978247168, 943076297638596609, 1052102286829346817, 1056917387356835840, 1085821365758898176, 1058396671309217792, 1071436684519194625, 880141414155374592, 928138977957294080, 17685258, 1458440143, 302087562, 392685543, 41345461, 2468094146, 53601471, 48463418, 15804774, 16742053, 955458385243066369, 98601958, 347849041, 2766925212, 3405044566, 2422634642, 4201214013, 969492221069332481, 1596034550, 963881146403696642, 314723679, 281196299, 20094409, 1222377097, 87524646, 453319164, 1139598041466441728, 19041500, 923010104479252480, 2573466488, 2254236379, 119049214, 336218991, 310374952, 188363529, 17494010, 788363167, 19959946, 14260960, 21525682, 769543580469919744, 25911963, 155650832, 34700693, 956539964795301889, 1024340951320461316, 297067961, 3108039663, 1074552192, 395150807, 844143144694374400, 2888561271, 2745794442, 15987188, 932284560204709888, 808646735438311424, 2577855113, 4865400629, 1179460897154174976, 299339422, 834081571493785600, 1044475134927663104, 2348783658, 17989166, 234343491, 4766587661, 2169114588, 335461958, 44572060, 963873866392186882, 19843630, 1179804543565078528, 861619895485726722, 61249886, 885386329, 1302514100, 2776678615, 972355081, 4048787009, 452218563, 1079183912, 4002044717, 1978330974, 15282064, 1095852027920506880, 2259549685, 1064311, 15468227, 113252339, 14291750, 14704470, 243643878, 113662554, 3357857123, 25877112, 1143989844508643328, 1154081168276566016, 190715185, 1128373437553106945, 87326890, 389904534, 309090843, 18052661, 21021784, 10929352, 3735469043, 887433704729083904, 739857437272989696, 25219709, 19739126, 449588356, 297100174, 809273, 2903868620, 2439177534, 866964025267159041, 141440459, 1251851052, 25079629, 106520446, 846354889819279360, 36764306, 823083, 48354754, 73349899, 54263477, 89544203, 32217587, 1029110935456239616, 1092693586263457792, 2909296352, 439038555, 1172050317850095616, 915580697880023040, 77815209, 729912301730422784, 758578173332316160, 18331985, 1115767793729904641, 1157755056374128641, 1109809482656149504, 2438839411, 548384458, 242907470, 837133583558987776, 42665626, 109346133, 777681590826651648, 1169993464433577984, 3301643341, 556178124, 96213352, 240362110, 1162454740237737984, 1173125700263583744, 702919640, 28941291, 214262752, 1171149059505250307, 1049991257995513856, 1163786515144724485, 969633411857047552, 824266170127810560, 21405070, 63149806, 3356613700, 717093419756228608, 20392811, 45896629, 1168887442344206337, 1171751236917321728, 1034256778114949120, 54730258, 10666172, 393372877, 2598140246, 17631078, 1171150024983470080, 767, 340613443, 1651522832, 160867526, 1097257002, 1018920164882972672, 9172102, 98471035, 1093909465886326784, 276540738, 4524846597, 18549100, 3290170484, 39185033, 1068545181576773632, 906604424851623936, 140976305, 3243044645, 50235110, 1027275974008885248, 1112211, 94421286, 84873162, 1166048614805848073, 16892481, 205418762, 252794509, 1076533113017257984, 204646101, 37401969, 15455314, 18165124, 537507873, 14210043, 107336879, 1164821539700658176, 96452769, 20683724, 1165552957695377409, 46954727, 460562725, 16129880, 188359178, 820310041517555713, 1444029422, 418609418, 3383536403, 112053784, 1070907283, 23427407, 1066371605209714689, 1568105364, 599515941, 2279967715, 16337846, 47448886, 16664681, 14173315, 15012486, 410303995, 1158428354208337922, 9420322, 66369181, 59157393, 12848262, 71256932, 52758588, 237469420, 9963832, 101534369, 274113269, 741495197809430528, 2341644239, 121516577, 1058364586028605440, 115154099, 18742444, 290097288, 84351228, 123327472, 2969611414, 61306578, 117423359, 920848679967383552, 62658970, 37605107, 943006420659818496, 22737278, 14651591, 3433407383, 3075845932, 2330407506, 19224439, 3092104835, 13686822, 371017223, 86533185, 64088396, 1022495015908438017, 166090910, 23314228, 4823641894, 821814254, 65638162, 577229163, 564930438, 20707070, 811228725798957056, 278376505, 2882926570, 3775360879, 21373193, 750119599, 1963617619, 1135921448, 1384425704, 4576958476, 2294678598, 811257809174167553, 163455051, 289389766, 732353140272599048, 726114977757671424, 964437371251863552, 17230461, 2970435694, 112717746, 242272620, 2811341428, 2425754287, 15333148, 795135686542118912, 2646057576, 970782037563985920, 895332160130891776, 1087148757727072262, 1144514382, 516111825, 553729228, 113152969, 2412802208, 20492281, 1037856661958995968, 20536157, 783214, 266409664, 1326071846, 82867773, 338444630, 2790594553, 202573676, 1130507860062945280, 239005322, 1685580708, 1093671351716642822, 1142961546403950592, 105496887, 21237486, 1092790441840463872, 1084132644294717445, 976993633126830080, 932381084674875392, 789897023990431744, 1088008017654833154, 4035279532, 1028067443032256512, 909604669126774784, 942869480040001543, 907758700462592002, 49832877, 1112618342, 42688339, 1416302694, 1145718687732776961, 2467926141, 1091068530, 15875851, 294188323, 839783977615572992, 921633603729080321, 47478918, 1083383994668978176, 932805374, 1375825160, 180810921, 1128654639593918464, 17265153, 101091457, 1593207031, 20750406, 175049339, 1613366358, 1100049062429163523, 15249166, 16880077, 15919988, 701151279783870464, 37025554, 17839398, 18477428, 65134016, 107391777, 206255645, 1112397367163027456, 27687783, 1133324603135287298, 89479750, 2964584867, 4923310229, 793461359237337088, 4103851936, 39522998, 926430448556957696, 476192085, 84637837, 326870441, 835828592, 17895673, 80897937, 95926298, 52823705, 18506515, 989577190793621505, 1551361069, 201130645, 1562518867, 107572196, 567471315, 441266892, 84321709, 190632027, 48144742, 2950206855, 1909232666, 130936280, 50689310, 16929600, 21056978, 180681251, 916488570797408256, 2890046292, 816685734858002434, 155230346, 2166116277, 6742592, 1252970888, 19484833, 962748619194617856, 1047224058893537280, 46654180, 68452445, 108321307, 92662265, 1122011549613219841, 1241724194, 1085276346962661376, 760595303544201217, 3930516933, 217269599, 273781698, 191552380, 19913075, 915973217432621057, 2541941466, 1039515681983741953, 1060013288, 977687191202693125, 523190528, 1017457913034616832, 21410801, 16454027, 243727553, 48478726, 171606833, 586572915, 1769646126, 1087183776, 264542169, 62145577, 209309794, 712851889793183745, 1158733934, 15000857, 31936449, 19557220, 29115262, 1134550592, 870364054044520448, 1235031679, 454977993, 67003972, 286476728, 855399533655851010, 989539580398522369, 1034882857011949568, 541003108, 963859825, 31053563, 1140505710259666944, 130885802, 236921052, 415773647, 66998391, 29274213, 3332014947, 3345275435, 146567174, 474069250, 119376050, 15637375, 18165866, 272451302, 736541978, 20133643, 395253547, 903723696749109248, 1110181073735073793, 485757615, 486788669, 56564230, 137836269, 318053222, 35306978, 797475400607633408, 1076493068, 370808273, 874740064600952832, 37254334, 589573694, 1055609183930933249, 4871511298, 1022779866176016385, 4919311286, 1896963547, 4239436517, 2797254210, 84708115, 372910226, 96204094, 2246576714, 1040324334504628224, 2402154793, 2188634969, 147750051, 1612021634, 3671481555, 52220019, 133953445, 21611239, 734931590, 59582985, 909795733, 1120757661098704897, 331827860, 15507064, 33971066, 17226612, 1079774587288727553, 4016911334, 10226092, 1073262611536494592, 1085912081763876869, 40047360, 1267922724, 50940456, 767054602113998848, 808627, 731463062230700032, 743452002, 324766896, 2750994354, 21886811, 171782897, 1403263087, 603367602, 8819662, 402888514, 3785382917, 4360845316, 3835398851, 569063423, 207495308, 96102210, 765843238473334784, 3291236113, 94199200, 742149925, 2432173771, 2249045844, 338526004, 180993910, 5620142, 1125510053103058957, 4558314927, 476582730, 990433714948661250, 1013971684624424960, 2836038230, 40116885, 2854617612, 717001930095136768, 82008070, 732312436242452481, 898175687076524033, 991049974468300801, 106962512, 2358707752, 17369110, 1103621849508966401, 1004059175343673344, 317422543, 18604137, 1121864337159856129, 2364445033, 90258002, 807365647, 2312466282, 1068602338779308032, 18499709, 875122615769194496, 976067176187813891, 824654504528400384, 1096133546480037888, 840618056678293504, 1507235112, 85601670, 1924484352, 14137772, 29501253, 212657985, 24506246, 884452435414134785, 28218594, 3404085119, 19080617, 912995043845210112, 925149752525803521, 2885383679, 4568714669, 783532964, 91944877, 153112962, 968514570443780098, 3297991170, 204279080, 834149323122364417, 469277383, 52672963, 2412919032, 19968025, 2400315782, 16702817, 34743251, 1117082868, 2280986521, 715254777819619329, 90696553, 569436456, 470022099, 79104388, 130745589, 143909021, 121204594, 905865830143021056, 776428802817875968, 299942246, 2384462192, 82657929, 277124730, 339847475, 16432203, 1245859790, 19837528, 4781862559, 2380785074, 722800019833643010, 869888309836865536, 815686758, 392517257, 43199901, 18319313, 702942034399780864, 27596259, 92522167, 1080753187, 814944684707643393, 2221126386, 61066660, 940348874228604929, 1963897189, 55180202, 64453378, 991781379334705152, 1075893326602153984, 10724012, 23705718, 227724772, 15626406, 432047363, 703717140369698816, 1259839165, 117373375, 89583009, 1059680847425527808, 747538968, 801465065455108096, 827230895144845312, 989160650327908353, 723657183846666241, 595452868, 1067218780806307841, 17292623, 215593059, 34371118, 179347030, 80887402, 1018168834434297857, 2822804378, 119073765, 162118290, 972120528667467776, 2584449696, 1096159979982241793, 1073349141227601927, 1259698710, 456672915, 343487516, 981610073125457920, 30862829, 133067266, 132291445, 48008938, 875537970425720833, 166252256, 87740980, 1393155566, 34960648, 20608701, 2800581040, 5225991, 16568227, 7996082, 16576356, 15057943, 17057271, 12804422, 16517711, 79188362, 65739179, 865732788, 979697205664800768, 38530021, 20448698, 968980629445586944, 484796656, 373756413, 2293237416, 80422885, 790846916192002048, 121417367, 2696723713, 34138752, 37548975, 988830782, 359712021, 1601715348, 1048837266695581696, 609451332, 3011777773, 1011309405273513986, 4790144893, 35633092, 29931309, 570261432, 892266780151865344, 2190843289, 60783724, 1002240421819396096, 859866023071281154, 183767243, 89465677, 255546870, 26195165, 321299775, 1084212657761148928, 182886164, 16319797, 2983468651, 527590256, 951807554631405568, 17487476, 104237736, 10107502, 346618331, 21678359, 4266062594, 874567930213793794, 2284640171, 3013302856, 2596457474, 709644992, 16308689, 68639853, 63359297, 1615618795, 293633237, 42955173, 17006157, 16686144, 33838201, 957397421801091072, 548820917, 870728449132032000, 36020593, 14253109, 1064471749675442177, 217284148, 437593607, 1064828820400848896, 1469603575, 14085099, 71048726, 20747011, 3568411, 96570221, 963030306977705985, 783086442, 594221669, 2409340327, 267879894, 1296859046, 207256884, 1034844617261248512, 788467623629500416, 223468552, 29212597, 17234741, 999823638932189184, 776778848, 845968426011119616, 40281983, 2561078119, 3223426134, 2690525215, 949934436, 15949042, 1410832886, 819861340294524928, 21786831, 115763683, 1433861786, 4878803272, 3177050092, 18938646, 426159377, 65174274, 1155522630, 61875147, 253167239, 23756134, 22053725, 2829428812, 738080573365702657, 2790996109, 931468093, 515865890, 1002014071, 821794103943950336, 610922415, 81965252, 128356652, 243968939, 1480852568, 841291457579356160, 274004832, 52838996, 13982132, 23803664, 3243052266, 144853604, 31227243, 20774514, 29731124, 16812515, 18676162, 16404772, 165848423, 14792079, 7348612, 3111506853, 142973143, 3234116270, 18065266, 15173291, 1136870845, 14688936, 4244835873, 48935126, 35005086, 23476681, 12609292, 14706139, 21097230, 22659609, 1050433739782803456, 23125257, 31586578, 43955240, 19256685, 16010685, 175419546, 604252261, 87204088, 10378382, 230968739, 1011703008869007360, 182545611, 2293551781, 153324320, 1921535654, 325848484, 4638521419, 4091551984, 826854440367845376, 2740821001, 118263124, 2815077014, 55236002, 749868630221828096, 218975278, 34568673, 384910109, 23289019, 202886242, 11740902, 2316224708, 372372537, 10933732, 19767193, 2910571290, 191477653, 1041827489524330497, 35669932, 864885048193024000, 755877821671702528, 85794542, 780475893114298368, 859441121893638145, 561115297, 20565970, 826084656835600385, 720917347058524160, 874578297031708679, 164043817, 19692478, 116763916, 5120691, 46671396, 1963312058, 1556664198, 242908331, 2726154522, 918574108148764672, 24222204, 821766660822626304, 77234565, 54645160, 407850830, 191948440, 117184668, 246734304, 3108351, 105267145, 427089628, 48436234, 13298072, 364612474, 21309608, 46236831, 22034409, 86336235, 97532053, 81339834, 822215673812119553, 30313925, 109275829, 5392522, 1408663670, 226689353, 15359205, 23995285, 386742828, 622021412, 92162698, 485109912, 464041057, 18222961, 488620840, 19333719, 1614057440, 135647562, 2471315234, 19182978, 414736305, 2458115778, 18380770, 2192449777, 7494482, 14325025, 21634600, 13746792, 449462207, 143912910, 40054423, 246820825, 271452947, 781251776, 52381876, 16817883, 131144285, 16258157, 14410756, 1344951, 14569679, 15161791, 6580122, 1112026975, 14936377, 64713183, 14514411, 134511640, 49666871, 21251300, 15059330, 902610032, 16564324, 478657075, 126906429, 169859669, 29003702, 258847118, 35778956, 15987295, 143106740, 15921173, 135918180, 262875169, 205195655, 1440641, 169081481, 586661401, 11877492, 155987003, 23962323, 89465917, 300890894, 510740358, 25115454, 518056725, 156005429, 97314708, 54480908, 107277785, 39537053, 43131684, 211666075, 11914402, 9207632, 38681183, 248795646, 48289662, 22974854, 8963722, 621573, 41476705, 15862891, 36843988, 19826509, 32423136, 14293310, 14857525, 16683666, 21417687, 144837110, 1434251, 22001973, 23975060, 60959527, 14287094, 1435461, 35773039, 14677919, 11178902, 82689705, 103896200, 22061951, 372891324, 29479898, 12413032, 10880202, 68800476, 25887275, 165099102, 244571543, 23013488, 80654873, 22820146, 47974129, 15234407, 148073155, 35631558, 20715956, 16245822, 49686679, 24894213, 143443938, 126702658, 19272796, 20690459, 43104516, 296981593, 216478332, 17293921, 281854310, 145784826, 579299426, 860302657, 7593662, 91455335, 731373667, 15431856, 39775482, 23626407, 196233238, 2255182597, 143170980, 860158302, 407790032, 2649753055, 13418552, 874694993377710080, 3008138493, 2895845137, 835699572366180352, 703885338687594496, 70971351, 2561738191, 702377290475442176, 914061, 183749519, 1605, 113130846, 19778187, 962005753455243266, 827637158555033600, 266182223, 821769014691168256, 21872269, 11417802, 12901712, 4004570247, 15813140, 66780587, 593230243, 202831369, 16465385, 1280320154, 4103513639, 1148362634, 1513221576, 96716109, 61008852, 17437735, 362687208, 116947296, 460163041, 39568996, 30872787, 65381936, 34042766, 501801749, 15692087, 19606528, 8724862, 14800270, 17813899, 16536844, 176932593, 18036441, 33474655, 5694822, 15460048, 39585367, 46820458, 300982287, 552184361, 5644962, 93017945, 12, 262243980, 202719554, 807095, 2240001715, 41806795, 149197471, 26024010, 14987728, 30034124, 67283363, 28543386, 7717612, 18682917, 949034673786802178, 717691699003330560, 38630618, 85988415, 17054817, 16145097, 13235832, 2395146296, 713263, 37959591, 125213162, 3250922227, 49736166, 541042800, 27814665, 24775410, 41003633, 64844802, 10078, 16242081, 5943622, 4490486474, 257048565, 393885518, 425871040, 1022869560, 5695032, 169426475, 1482581556, 218817724, 272019676, 54311364, 17469492, 151106990, 17826187, 236526490, 51205137, 556151596, 1872399366, 283996426, 133580589, 224964544, 107225267, 15358364, 235322186, 61212645, 2729087478, 809523745, 2885218498, 610659001, 62603893, 20106852, 327760265, 23298976, 468741166, 33771434, 56654358, 22330739, 21457289, 15808647, 264501255, 286454227, 2895499182, 5988062, 2467791, 15506669, 6843302, 33612317, 93957809, 1442906958, 2182419998, 55308417, 793585473956425728, 275686563, 209811713, 1654188770, 859816394556284929, 15473958, 1451773004, 19802879, 113211856, 5418912, 102812444, 4939401, 811377, 848903782478082048, 254107028, 545404505, 2803191, 86395621, 14861876, 23127272, 61559439, 19205186, 4783690002, 14647570, 487833518, 19402238, 32372834, 2217099931, 57047586, 4398626122, 611941828, 729468343, 2889259650, 813286, 44196397, 16581604, 1636590253, 50393960, 14075928, 28785486, 158414847, 17471979, 29442313, 16032925]
"statuses_count": 772
"date_followed": "2020-02-14"
"obtained_tweets": 762