"screen_name": "AnabaMike"
"id": 2246349551
"created_at": "2013-12-27 10:07:38"
"lang": "null"
"location": "Fredericton, New Brunswick"
"time_zone": "null"
"url": "null"
"favourites_count": 278
"followers_count": 140
"followerIDs": [3392073035, 35057448, 1217863285988564992, 1972769490, 731120665, 1059506461993254914, 1176473923610759170, 1214447026001207296, 1215195151124926464, 1214713821752938498, 1214464506287591424, 1958646854, 1211155555122737153, 967323315923599361, 1156290648657543173, 304880098, 961998211652071425, 1125810806594199553, 1174296808362786816, 1084562559800406016, 291199753, 1159908736691003393, 415648065, 977358141493886976, 901131939863834624, 1150733963109027848, 1138065719336288256, 1151111543628750848, 1083775883905810432, 906399854699696128, 1003294879, 1129359730512674816, 876691561026682880, 1133261622393430016, 859199616163561472, 1099530008, 743443448619991040, 703242897861308416, 4869543315, 181773931, 1086021901909147658, 3177482436, 1067412891115098118, 1083814322969690112, 1082381778671861760, 835608973, 1018609310, 1083834574541512704, 86292908, 3399235593, 1039848081012019200, 4220498632, 743188952618799104, 1078750780742488064, 1034824638453506048, 1036187533959413761, 1065693130580742144, 281798687, 465866900, 862016797117165568, 1039046742652727296, 38404137, 4664705510, 957021074364993542, 1018621896781418496, 726025470974681089, 769423247725109248, 2572810058, 811508831213658112, 356663407, 525474615, 157565766, 754599725333184512, 765881915475984384, 4157898743, 3844746564, 3027183257, 361124250, 258030141, 49097834, 798617484752322561, 97003759, 333782895, 926237348664365061, 206089893, 992221874, 55308684, 975856325480669184, 3194197253, 890523220771786753, 37599351, 966368252749320197, 938484952819294211, 180462556, 286023231, 955586683122089985, 193778206, 2515785547, 4892234733, 71074656, 525724410, 870042418346905600, 859841483662172160, 2826554936, 2765093358, 745361801865465860, 3327192515, 926186997630291968, 97223779, 3314140626, 1281009498, 2916098325, 866668014221000704, 1867434529, 3385832541, 347664924, 2278820208, 884362196716793856, 878652425699250177, 778302363375403008, 2291753834, 845274694811090949, 826607339662876672, 3302164719, 827179055749459969, 807886587883356160, 806649383278223361, 806123318306897920, 804884088767344640, 2826742476, 795191346579513345, 790173206388826112, 179589744, 165731156, 773798399372103680, 4097606367, 4599590661, 4410836835, 3167491941, 3247763255 ]
"friends_count": 722
"friendIDs": [27472675, 887242417, 2842105547, 65063164, 4716094827, 317662616, 44853190, 3392073035, 160908420, 921674162992709632, 715189568002199552, 20170584, 1096597184, 999710485, 87017466, 40271841, 101790067, 148477475, 15368404, 14159148, 17137628, 194643654, 359962497, 194132774, 91031837, 21676073, 97699036, 47503130, 44763075, 69091913, 76355615, 140852532, 159249403, 160534735, 46664272, 220273458, 763024688700358656, 1059506461993254914, 198548491, 854705534, 726748106, 3290364847, 163616150, 621210412, 320038366, 210896263, 1170888913, 465658169, 47391648, 289621063, 27941496, 1214464506287591424, 624517612, 917605051752890368, 1167530371426082817, 36365736, 1473069499, 743814002921345024, 3718954223, 1206209958, 48711683, 212206083, 33252286, 212205321, 162874163, 518370815, 1036187533959413761, 1211155555122737153, 38465211, 373974495, 2739341592, 1379832775, 1133261622393430016, 1125810806594199553, 752967707277029376, 719898723199893504, 153529375, 925419823865253888, 961998211652071425, 19397785, 3904237758, 2162548866, 291199753, 1006419421244678144, 416990099, 796367760322228224, 1159908736691003393, 2360312929, 2149996640, 34324846, 26268870, 85647994, 25415680, 875987130, 85879815, 1109641704, 170035820, 972632527, 1322700570, 1322489232, 2377083396, 104870504, 538145074, 1159834224083365889, 413105295, 374627026, 977358141493886976, 1138065719336288256, 1612785980, 2304922502, 1085353576581472256, 139525231, 3341414159, 621896223, 44293898, 872817377674764288, 414263937, 601888277, 1003294879, 3148162141, 859199616163561472, 974354312, 326269559, 941893517407899648, 1375004472, 1099530008, 1092770975081472001, 122413315, 1076172362415071234, 76715273, 961291266418819072, 19004299, 482796357, 3975257511, 336651295, 346967269, 138739908, 22959763, 929410028339126275, 3465947355, 361124250, 4149877034, 3120958009, 76332033, 217451586, 865638447003738114, 752908012810080256, 743443448619991040, 817989318, 356206400, 51408053, 499767227, 127763121, 1085889241673019392, 1086021901909147658, 1084831779150876672, 911249189811736576, 738461376922984450, 703242897861308416, 4869543315, 289093859, 181773931, 365638185, 792055793143123968, 754462558082457600, 1325797820, 888017406194536448, 566337543, 242929815, 1083814322969690112, 603654945, 2864249105, 1062543576289013760, 267148062, 882688266289508352, 956225894489706496, 494681816, 1332532410, 733664398548570112, 835608973, 1046641758, 262149450, 89090605, 1083775883905810432, 1018609310, 1084562559800406016, 86292908, 939012352938164224, 1083834574541512704, 740610750, 1670933058, 2342762778, 522471607, 55313267, 784093975502356480, 976975255, 1182761232, 3393859841, 3399235593, 393134557, 954022512475754496, 2915973491, 969567600882700288, 4220498632, 1039848081012019200, 885953601067208705, 436998967, 1229570232, 743188952618799104, 906399854699696128, 845274694811090949, 862016797117165568, 102018028, 1181166282, 846757880015540224, 2968234919, 482171948, 17032646, 91193025, 1034824638453506048, 442948191, 1089886190, 259376306, 3153894872, 1054496181462564864, 288445186, 1663263672, 92581274, 81200820, 257058263, 1065693130580742144, 619255750, 797220063820578816, 1029911215294869504, 19726161, 724680371091189760, 904965093640855552, 37228630, 351613934, 3378723165, 220054502, 274108892, 465866900, 938219030, 465089745, 36375825, 3872715855, 584169629, 467235566, 1011127481091452928, 917169799968509952, 82215506, 777169034, 3003705386, 1025001171780558848, 724735311205392390, 69034469, 38404137, 1022798731354300416, 537525424, 1325213322, 34676583, 2469950395, 474434522, 979547916271435777, 2913880107, 965116362, 724978297583587328, 4664705510, 45588335, 2279846107, 533214691, 2814300338, 89714367, 62888702, 414979446, 417459447, 1360557960, 3903104900, 232953159, 20223386, 14055301, 17899109, 15457383, 2179591172, 14526763, 994706173159862273, 367983784, 2396864504, 483764354, 1379662802, 278506592, 19513912, 988668133, 802604395, 956137863846027264, 25399463, 614998108, 2288824748, 198579639, 583061670, 4312585941, 473098259, 183323215, 931088615534415872, 954266017986990081, 611770928, 994878101787238401, 2998671349, 769423247725109248, 877749044524613633, 876691561026682880, 726025470974681089, 401087824, 138819914, 3031133961, 936592899063545856, 72082730, 2478992256, 1454414904, 14786322, 242496394, 534177344, 2439440786, 3062542110, 116529768, 37927189, 754599725333184512, 479950492, 357328966, 756034621, 558178672, 901131939863834624, 65497475, 263586461, 433687940, 522591477, 579459851, 498569501, 3040880860, 3027183257, 266493034, 3028083112, 1454160348, 1001390960, 3844746564, 3149176301, 525474615, 818760341131771904, 258030141, 798617484752322561, 1193037529, 992221874, 97003759, 333782895, 116814825, 885944384319086593, 70902697, 3429615765, 1399619161, 52129111, 370204293, 125666398, 177100851, 264356595, 50393960, 352690126, 906306631637405699, 72268917, 903364940169441280, 3682860854, 62741042, 2380533150, 1962962911, 894770103316758529, 2221304789, 723334463254499328, 833033518120857600, 2218796122, 619839164, 762582769994194944, 210818073, 23609996, 966368252749320197, 79032381, 7446242, 928602758701355009, 1672159260, 3903422780, 761546109990776834, 91353230, 32132651, 14550448, 17895673, 2259363626, 3192319248, 967187224755392518, 3956906271, 1531065378, 46335511, 390095993, 2892174574, 133552941, 586513722, 2457775409, 3842166497, 825814460883296256, 584717222, 890523220771786753, 37599351, 576189568, 22019881, 2412739760, 872819870756462594, 3419251203, 718495181914316801, 938484952819294211, 300317250, 66700066, 790292348852965378, 66682604, 1728408043, 1857561595, 57277057, 877077656117940224, 2191372346, 3328134448, 3305861825, 855394695119286277, 21662996, 193778206, 867407493126860800, 628731432, 611967979, 899691144, 413849446, 728544632141910017, 724853031934775296, 903865201, 782947883771424768, 4892234733, 289356189, 62572984, 86964484, 65201417, 715575655, 3432772679, 144827368, 3039361162, 564295887, 17494918, 27648752, 48079032, 21902874, 23967554, 61555491, 27916865, 20732710, 36790269, 97219875, 138047264, 76780096, 6653022, 63339242, 60762435, 399311503, 2613311413, 3499052477, 583868180, 242443144, 358209716, 7879202, 81970601, 383401431, 71074656, 3327192515, 97223779, 2836855117, 2906036650, 25073877, 1546672423, 286023231, 525724410, 92946050, 941863076676194304, 1316621202, 2306323704, 1115874631, 1323378462, 834430088846385152, 765881915475984384, 2826554936, 2572810058, 180462556, 804468418963324928, 722018291288563712, 29328876, 745361801865465860, 20613514, 81406732, 15587500, 282282694, 146569971, 357648167, 20683724, 834171673981153283, 918929317, 31611286, 356160701, 4776487889, 859841483662172160, 87581736, 2983165693, 4114630464, 4492748003, 49097834, 3302291212, 532779407, 1292286236, 18252867, 2515785547, 2524446480, 870037900712431624, 710847303217778688, 588586596, 1362137636, 2548327358, 84306222, 2599907901, 27655893, 2832099889, 582831852, 40704181, 164731201, 67324224, 426909329, 95753389, 15134240, 68987936, 870698472957132800, 785853722417098753, 117514658, 124237063, 20186316, 3254153806, 1281009498, 108875099, 95938895, 71873770, 55198079, 83870947, 2916098325, 2915365288, 43860973, 72843097, 123239496, 33896935, 2412749940, 106810410, 3126758879, 775343250148302849, 44937057, 152866991, 18446082, 333561131, 213658668, 371960204, 1867434529, 2165373445, 3040466836, 718105501507186690, 227621594, 607460994, 828885158, 891900882, 800035814675808256, 65064852, 347664924, 337355466, 20265498, 883908026826182656, 813286, 18491026, 376763105, 711908667067654145, 2278820208, 3176032077, 468655659, 297019278, 222193688, 240664803, 3385832541, 1364107459, 3834054292, 51735659, 281098482, 325123441, 189868631, 619396210, 778302363375403008, 19177501, 280548474, 229046403, 46158711, 3457421895, 67828592, 778252922, 468531355, 186378365, 21288875, 319027117, 27830610, 33933259, 20596281, 36683668, 783482808366829569, 2164886365, 4563077953, 92137440, 4519304843, 2291753834, 766149895334035456, 4561302798, 91945009, 91940596, 385884267, 3305982290, 14499829, 775623966455111680, 3610270768, 748838947023908864, 299893846, 329431141, 630986953, 63805993, 397544123, 353178813, 752896558895685632, 19377913, 7280572, 85433682, 1523681, 813363260288364544, 833851281202638850, 40918282, 790522935496826880, 827179055749459969, 547926311, 825901439193059328, 247217109, 18909186, 110512936, 58636516, 158414847, 738390654066294784, 335107974, 12728672, 844619190, 82064317, 30064358, 2826742476, 373313414, 415648065, 318541376, 36964538, 206089893, 3584251636, 50297939, 17817214, 22028564, 346568888, 717397657141043200, 2498027605, 3262561656, 719569656437215234, 2591581682, 1529251303, 522583021, 351311850, 72842277, 15684633, 14750572, 35315865, 487673211, 796745155, 722847719430066176, 4097606367, 3336523005, 3302164719, 90822768, 18600947, 788019066636234753, 365588527, 632823093, 3340883325, 2443378248, 158396052, 38530021, 1412624312, 14617444, 435668110, 1164056179, 58521645, 570263278, 248587527, 3728420061, 165731156, 179589744, 773798399372103680, 167629839, 3247453455, 4410836835, 158683498, 1357348447, 31105334, 132171061, 262648904, 2557521, 91966685, 286599740, 343627165, 485296591]
"statuses_count": 254
"date_followed": "2020-02-13"
"obtained_tweets": 253