"screen_name": "edznovilla"
"id": 1091454153757519872
"created_at": "2019-02-01 16:52:03"
"lang": "null"
"location": "London, Ontario"
"time_zone": "null"
"url": "null"
"favourites_count": 388
"followers_count": 34
"followerIDs": [1039582929184337921, 2864055989, 1199386272252538880, 1174653041217331200, 211585504, 80304229, 96960225, 1031580806, 3220794872, 861820298, 2842676247, 975258306, 1128790294013460480, 1139965186209718281, 106669566, 738435134228168704, 558707301, 3511457173, 943682136422387712, 1139246577376256001, 19267533, 1597467217, 142402651, 575625820, 1110963309623140352, 1063499593407782914, 90456536, 3429881050, 3904583598, 125858646, 1102010492531421184, 1305715603, 1047479877488627712, 271673643 ]
"friends_count": 198
"friendIDs": [32475736, 3048553131, 22562961, 763024688700358656, 813286, 3142228041, 143648809, 113455009, 415813292, 19875325, 634019011, 1039582929184337921, 219674636, 1170327476116942849, 106854950, 614578523, 536427805, 2217780072, 1504289424, 1040730849455439872, 326881710, 13896552, 2795145862, 44406539, 40793878, 153085446, 1462157304, 934577784, 745734757531672577, 96960225, 211585504, 481776574, 80304229, 87282532, 3084036370, 87686159, 1110959286807613440, 1031580806, 473179284, 2968424080, 24665054, 3161564275, 46475424, 58545637, 62513246, 950417322203893760, 2879884947, 3220794872, 772173294875340800, 298631302, 821511323980886016, 84091246, 1001920951116881920, 102267629, 116502194, 42909467, 975258306, 617272080, 1216094690, 1738139725, 2842676247, 1139965186209718281, 738435134228168704, 288322268, 558707301, 1139246577376256001, 106669566, 943682136422387712, 3511457173, 19267533, 17857522, 3428254552, 100126848, 1597467217, 872819870756462594, 34676583, 250724456, 174593833, 2493431251, 409669053, 218961811, 531561605, 568381743, 129835871, 1030045338831400960, 2871627629, 142402651, 19004299, 575625820, 1117789204044345349, 273776450, 1007549503426252800, 425441304, 14963174, 492399548, 180463340, 101798589, 452346195, 399928821, 258158606, 182381802, 1516277647, 2150327072, 3058223719, 1110963309623140352, 3230044693, 3620455520, 20204500, 1375546435, 52412565, 3429881050, 404248209, 1037552192834682883, 30503160, 1401388327, 342892902, 4020532937, 3904583598, 125858646, 14942701, 1012293910469595136, 222073627, 23563916, 796197522444316672, 23850428, 109213578, 594289636, 271673643, 1047479877488627712, 1305715603, 247585001, 90456536, 67418441, 1173464773, 373437230, 23613479, 157140968, 898721256605974528, 19636948, 175134027, 3193788217, 17659340, 15872418, 109813090, 186154646, 238197220, 431042029, 224699195, 18946138, 236530681, 85841811, 3618354350, 312194762, 21623298, 415643219, 34507480, 829377907726438403, 15492359, 390951353, 44374135, 763920626, 17471979, 18681139, 11348282, 15485441, 23375688, 807095, 166739404, 409486555, 759251, 15846407, 17136009, 203782160, 2864055989, 1071734379188236290, 35004071, 106865165, 21298946, 420606636, 23600234, 1935070328, 34144956, 16034244, 150804266, 26872682, 48824637, 76332033, 1568960600, 258930059, 44373882, 2798393936, 821814254, 172352150, 15033673, 18776647, 20601500, 78758834, 197208081]
"statuses_count": 189
"date_followed": "2020-02-13"
"obtained_tweets": 189