"screen_name": "EricaTheRECE"
"id": 1151204973159563264
"created_at": "2019-07-16 15:00:28"
"lang": "null"
"location": "Toronto, ON"
"time_zone": "null"
"url": "null"
"favourites_count": 229
"followers_count": 25
"followerIDs": [849811472595247104, 824018669172690944, 1099771359725477888, 574154619, 253050330, 69882304, 92720521, 1090756627542695936, 739197287579017221, 1190082788424376325, 1165010965366284288, 1155710566008270848, 1011100425699774464, 28415549, 280251879, 1151178314737946626, 855461488819097606, 725076563302174720, 568392460, 177958840, 1139426606643105793, 1735047596, 176904849, 1055418058582351872, 1092989057255190529 ]
"friends_count": 140
"friendIDs": [431627744, 522345885, 1853310463, 824018669172690944, 4881189997, 849811472595247104, 259602009, 893479800, 22720779, 712295521612910592, 13896552, 55272667, 24121620, 409486555, 763024688700358656, 1243950216, 831626356278562818, 757303975, 4627414997, 253050330, 2319147342, 849583446, 1099771359725477888, 71846012, 776913736762167296, 737326331281604608, 940357255056248832, 595507275, 27767093, 574154619, 90732175, 30395567, 1601891131, 69882304, 30013357, 92720521, 1006419421244678144, 739197287579017221, 1190082788424376325, 1011100425699774464, 1141726654886268928, 28415549, 1171916702189326341, 184866881, 18776647, 491613887, 172352150, 1090756627542695936, 2412978740, 775712910500696065, 3255024474, 3032109176, 17073913, 382171562, 280251879, 6433472, 1151178314737946626, 543590980, 855461488819097606, 17881732, 45599081, 1872572352, 112764509, 1633706478, 253340075, 725076563302174720, 568392460, 813286, 1339835893, 138203134, 975201867499233280, 18659109, 971765661692317697, 248037857, 755116305884274688, 1566462084, 18679574, 1096200367694585856, 441120663, 889040342, 2771481511, 50729619, 17948003, 2564429233, 1276123381, 971180676, 893879213039775745, 2858391402, 15844405, 86320422, 115497325, 416025003, 353889124, 776227722632826880, 17995735, 1735047596, 64434700, 185290543, 35554303, 265123560, 131172264, 44442585, 16220555, 363997684, 176904849, 3165211457, 28370071, 188007231, 20452161, 102448827, 130516054, 190817371, 68711727, 15346695, 821699497, 58791677, 256360738, 27947203, 2809959174, 20059181, 116502194, 14705603, 203123011, 8736882, 19636948, 19025957, 12848262, 19000033, 1223101, 12993222, 17659340, 16397147, 14260960, 16295454, 19377913, 89760824, 14713787, 193725962, 61608622, 2459609448]
"statuses_count": 33
"date_followed": "2020-02-13"
"obtained_tweets": 32