"screen_name": "GetInEdu"
"id": 1004381268342202368
"created_at": "2018-06-06 11:15:29"
"lang": "null"
"location": "Nigeria"
"time_zone": "null"
"url": "https://t.co/eZMGU99bzs"
"favourites_count": 395
"followers_count": 286
"followerIDs": [596870844, 725709302862864384, 58790783, 1097965687790817280, 3372508331, 1042860888, 2233702460, 1220704532533071873, 920272649506447360, 1133372180711006208, 546056002, 808465976, 782719347584139264, 3330201820, 997009071546028032, 810885094143655939, 2395339282, 1055825833527558144, 904408101079707649, 956819335896535041, 3147051267, 1897278672, 308592589, 1201391209345929217, 1447158488, 258982897, 1124329564891750400, 994221432, 1163864243273424896, 222378197, 2663022028, 421849343, 1163356934050865152, 155664723, 848057222559039488, 1134561217505320961, 196561292, 568495006, 1189176981364989952, 249434072, 953236579, 1191113628881215488, 4240942888, 1032286828416704512, 958340283267276800, 364866385, 2231397993, 592594251, 1094953722, 1126227970413268993, 948503358217867264, 731370595, 480226489, 2339818725, 193755234, 2494545954, 1127696638817001472, 263391122, 1171144210768191488, 69121007, 3225521915, 228462894, 772448442484482048, 2367675237, 452965301, 3760969097, 89140461, 999037296463831045, 1510793532, 2870675468, 4698314623, 2541290704, 315056045, 110197377, 419513424, 3429188117, 1010107540506636288, 1433420550, 1143409618372222977, 358093784, 415958619, 356811948, 896178734, 369507787, 460636275, 3310984067, 630295393, 994679636847194112, 1086919587696967681, 584686270, 1192730731, 332897731, 436119508, 390040280, 3429071776, 240792303, 905554779023319040, 62695982, 1391325517, 2262664803, 67096570, 3612647602, 190154365, 75626513, 200503697, 498907730, 148086268, 1853951048, 4452557783, 19443486, 1170109540915978240, 635805024, 2198135373, 4012261157, 1168846537947930624, 1132797112268279814, 176799087, 348442929, 883984935643750400, 394078770, 147314223, 284030168, 1121087387373842432, 839082527495176192, 462327825, 576528563, 41490293, 1079962445802885121, 942811295576928256, 1149264277527814144, 830488733598281728, 2851166004, 951101383960399873, 892528935371759618, 1139680913699278849, 614673622, 2216021698, 1125628858961674246, 973569911216885760, 228991292, 1127670511113244672, 106380505, 2774666360, 4144568483, 765846878, 42559890, 307902301, 200658733, 169106814, 441066595, 169926698, 794812969473425408, 393888484, 299886748, 381553818, 290250923, 62065766, 359298304, 1108338233128165377, 605777568, 336604482, 310948749, 1128641704976965632, 257814481, 950885973289848832, 3111542182, 705766508845207552, 986186591205982209, 1138757045019189248, 1007744476146749447, 1104542278796890112, 2878132625, 797934726, 908625127486705665, 548336932, 796106819919900672, 961648827076890629, 383132606, 756672242, 1112087999758635009, 2540911330, 1086612604531949569, 1001349195222175744, 1472578208, 422814049, 816346714017763328, 167810188, 169619358, 758573694457438208, 1578935779, 584360624, 73107318, 1207591002, 152408043, 128982011, 186648631, 84303435, 135867490, 395848297, 170474318, 302732601, 1131952948815306757, 824948312738508800, 33000335, 68098778, 1134136191589265408, 187099138, 781819144572399616, 2998110659, 909133378863161346, 4695376826, 221476827, 2569055907, 378013387, 822526503082569728, 1618544845, 85763615, 1048173253930496000, 37415080, 381497528, 1131537446955626496, 169669654, 1131164268022378496, 1185303145, 187552445, 346451050, 830775157, 4377156314, 60099140, 2384646071, 1057162815369297920, 838077889, 880507977115066369, 351780249, 852171208300920834, 606992455, 479059361, 58821213, 236621568, 1049930708783955968, 251783630, 493800682, 1244407795, 441749170, 155740612, 1120249373747752960, 1533128430, 522276431, 933319828210962432, 1118218083838115841, 974633400693936128, 3291808139, 2235492827, 795492796912271360, 860057930145685504, 76258032, 870284042, 2545827623, 80544976, 1105411068564832257, 2173470142, 848828476232695808, 819605606495649794, 906105138930221056, 4902570281, 439533806, 1027548243310338049, 32458356, 2438586665, 976653792, 2420978563, 3093985387, 923228744902414336, 231502594, 988336795698917381, 188081136, 2845762047, 461659785, 635598636, 1154741118, 259845701, 782635137422897152, 481982059, 173259580, 1911681679, 353617254 ]
"friends_count": 94
"friendIDs": [900323359, 19009884, 23150071, 14356153, 356850668, 4347998773, 3254751522, 3166722445, 57271025, 382684721, 788481597519519744, 763024688700358656, 4331877975, 381119796, 76715273, 2791970377, 1194506978, 28380248, 2575156644, 102733022, 171551757, 331785496, 109003272, 1433786082, 2811774463, 3224063257, 280630853, 47986333, 27653864, 64500044, 991603194, 103156632, 178058455, 357091355, 519601634, 64705947, 16473957, 15353955, 48289662, 604416116, 885953601067208705, 2371164240, 810885094143655939, 2395339282, 1055825833527558144, 904408101079707649, 956819335896535041, 794812969473425408, 5694822, 2097571, 248795646, 5695032, 3436836863, 39585367, 28421825, 2244034274, 249434072, 1032286828416704512, 772448442484482048, 378013387, 4144568483, 880507977115066369, 1127670511113244672, 838077889, 62065766, 3111542182, 359298304, 1120249373747752960, 479059361, 187552445, 346451050, 2923724679, 105328660, 4377156314, 60099140, 3297694088, 933319828210962432, 1057162815369297920, 850157859065151488, 90386519, 1459289726, 811848394796830720, 860057930145685504, 3131797826, 1092898975, 824928485038755840, 109046256, 14884486, 17369110, 821814254, 33474655, 173259580, 2420978563, 15819466]
"statuses_count": 1198
"date_followed": "2020-02-13"
"obtained_tweets": 1196