"screen_name": "gu_tue"
"id": 1220259311307218944
"created_at": "2020-01-23 03:18:08"
"lang": "null"
"location": ""
"time_zone": "null"
"url": "null"
"favourites_count": 3
"followers_count": 4
"followerIDs": [744204715907514368, 1082104959531835392, 553287900, 1617146372 ]
"friends_count": 336
"friendIDs": [1037768217496707072, 212648050, 164826343, 1228325660, 88723966, 63796828, 85426644, 6253282, 23375688, 74580436, 300392950, 373471064, 586198217, 130649891, 95731075, 17874544, 1177837052, 296459271, 862367567419129858, 1008376630505398273, 1090737616524169216, 1081603477581684736, 1148609486786973696, 1156133410881937408, 1148377093715009537, 1131186103363330048, 1123087957475201024, 1110432993296814080, 1129036205260201984, 1142703344521056256, 1110505264497618944, 1156410271767781376, 1160595052315340800, 1121461296400977921, 1165885722202529793, 1176195307807199232, 1188387673691410432, 1194031462908973056, 1170391893076692992, 1160247439682445313, 1179187069567954945, 1184854124199727104, 1164188077708828672, 1182499165227507713, 1178024026809044993, 1194789870306070528, 1161174076762669056, 1185845124242083841, 1159140368367026177, 1115598948029222913, 1124286703894581248, 1075021458051481603, 1142852548191088642, 1157217596623560704, 1161377754824077312, 1139304950855376896, 1148576210424778754, 1147738021413834753, 1124129821452263425, 1167457305002041344, 1171668377456263169, 1220577677280546822, 16038575, 933171240369512448, 977243322598248450, 3309830144, 701836772, 2996765551, 901816322589421568, 780138545885446145, 3075174079, 860003227, 833489366815236096, 807355517530054656, 3178861105, 757350526275035136, 282387213, 880173634379292673, 704993213, 2288822702, 4745918035, 4840958511, 783281708137324549, 849344094681870336, 631577690, 198270108, 2839430431, 20127529, 96879107, 15234657, 454340464, 14922225, 11928542, 7157132, 18927441, 42861755, 5162861, 3873936134, 3300594994, 29758446, 10671602, 24742040, 309366491, 239760107, 1375344378, 1487070804, 816653, 30261067, 243381107, 382267114, 20536157, 783214, 10228272, 3031071234, 2439022850, 2617641582, 803263807489536000, 1123106417265655810, 1068696379168444416, 856818991112663040, 3887138056, 1077176662956027904, 1004751458309324800, 967500729408565249, 925806273223802880, 2675751462, 1022435062824939521, 1008984193123037184, 1180314485426286604, 994563997176233985, 1106560067162136576, 1215679531035455491, 1095382565664391168, 980522141643767808, 974507780085235712, 1060308380294635520, 394006579, 2332937256, 1001502679342960640, 1066561104367648768, 1094525845996134401, 1061459869226520576, 1090602025191071744, 1013429836629471232, 966340061594771456, 914810956152057856, 1082104959531835392, 1139051937255419905, 1174211605640491009, 1205763558627086336, 1045995350522159104, 925370553380126720, 1123872465925615616, 789130756991819781, 1097085052700090368, 1135771722307653632, 1120799597020860416, 3119206711, 1030080303555985410, 1128209066092687361, 1081149566236340226, 1040934821495681024, 1050835888442204160, 1054517120782856192, 1062743636863967232, 1008766970760609794, 293322104, 1154650497149571072, 1162187784406237184, 1158360328972853248, 1189819574838951939, 1177853934796324864, 1136509241555017729, 1129379424829227009, 1149107870819950593, 1142066706199617537, 1112495582659014656, 1130188877983932416, 1116299257315643392, 1092608555557900289, 1058082587556536320, 1083195255447404549, 1047177365095215104, 1023243030722007041, 1103929583789735939, 1023405063253807109, 1118094138648326144, 1055324165106917376, 148751938, 1137645213554397184, 1111997112051392512, 1037556015049236481, 176134579, 1056092867213447169, 1104343162019930113, 2351698202, 782867545, 1132338786505879552, 1044841495008866304, 1130459502015213568, 1078632348168507392, 1005677766723825664, 702875968860323840, 1080427073968078848, 912978287621582848, 964963142189985792, 4405181904, 976376024811282437, 963792378250211328, 811355121632165888, 925407844660166657, 2820307308, 913179353420251137, 791544598451499008, 1129120445955837952, 2176620248, 866078985737785344, 1045608064387170304, 1075378742514507776, 2836444802, 1036306439931744257, 964935069390446592, 1001837242774470657, 992952441820794880, 803949842741350400, 1090226225157554181, 801664674362032128, 1150958929351888898, 1059327337135665153, 1148637158711812096, 1099572812048588806, 1137451917129289728, 1180321633191358465, 1033619615169929216, 1062971889897766912, 1135734507896631296, 801450672344342528, 815750957774479360, 1030670476756963328, 1140264170958417922, 3287948130, 796621592461590529, 1083725709376245761, 1026172625167376384, 850553039307980800, 1105121161594068992, 1062408126668754944, 1033716376471388160, 993266429842538496, 1134742454677061632, 1081456923709366279, 2955537031, 1075797287266410497, 1177906673882583041, 2408632464, 1090335494137769984, 63648546, 1006862202052046849, 1149992026332512256, 1097702010621636608, 1156965173153812480, 1045701158214328320, 1136780056850599936, 763024688700358656, 18776647, 775770014179786753, 20061523, 775768718391537664, 20248618, 1467570926, 196599991, 125706908, 278546333, 107527111, 122465515, 84181532, 361313270, 41148729, 41141448, 34670905, 51252741, 1433591384, 914960532, 312075030, 89787188, 793108297402286080, 913491951013564422, 767812739960082437, 845968426011119616, 999823638932189184, 2816636344, 345129453, 91026902, 3302448566, 974280900983877632, 468942274, 1004584432617975808, 874386398597570560, 31563056, 874721012897562624, 42853583, 626950830, 288275969, 289158382, 508360150, 801449812486782976, 828096456, 29090443, 765289080875876354, 3344958413, 610552974, 560473379, 12216282, 157393523, 332923362, 195190736, 1232745601, 47680950, 12657742, 21355875, 1617146372, 553287900, 1074376922728026112, 573299587, 64358426, 17679631, 948483001712693248, 2185553887, 852451003400019968, 856908850959482880, 123529004, 1099112474937151488, 811416576440221696, 359955132, 1063858084160790529, 957779174726356992]
"statuses_count": 6
"date_followed": "2020-02-13"
"obtained_tweets": 6