"screen_name": "GXSLab"
"id": 1062778436266180608
"created_at": "2018-11-14 13:44:59"
"lang": "null"
"location": "Toronto, Ontario"
"time_zone": "null"
"url": "https://t.co/GGom7IRfLd"
"favourites_count": 167
"followers_count": 159
"followerIDs": [484082773, 25177328, 475265360, 364664580, 106141640, 64240786, 365530633, 39124439, 1037409322110738438, 2349365367, 52926571, 263838282, 1266312673, 337272697, 1167898902676353024, 971786888641171456, 127334655, 581327660, 16887357, 103626259, 168303138, 1138538803688280071, 1204058964234850306, 2785372571, 865388688, 1217959363505262594, 122149232, 265088190, 18776647, 2883189897, 1211468939991011329, 334835653, 918505136326033408, 1004356297, 74830283, 357126037, 73179368, 1141138412193366016, 1034554370057297921, 3948413451, 235213723, 214239061, 851170580296589312, 540551620, 926868621640585216, 1413953114, 2434739976, 1054924381355413504, 1115298816759095302, 1323298075, 358391904, 1181631462371713026, 387438478, 135580263, 941275718251679744, 923223684063604736, 1732345111, 799126047342133248, 321381593, 1084867699715555329, 108106506, 728667406579572736, 300606934, 309440814, 333243876, 25067623, 839637263445180417, 392079828, 917197394189737985, 1129043723906686976, 1111047451027202048, 19132819, 1117813410916372485, 31107866, 217474287, 2367473784, 792146677, 1278757519, 909126208998318081, 167240810, 328048109, 256134076, 759815336501784581, 3599323822, 279460753, 1380502680, 419872416, 72766691, 385082652, 12842982, 2843196640, 371583247, 4860903891, 3312028147, 4871998253, 887121706199994369, 50932026, 272986348, 1098221596823744512, 296429154, 606656268, 1048276307270725632, 771595850, 1084695030969847808, 781253202951958528, 829612107687718912, 25776517, 1089185769510658048, 410390027, 136776311, 74213707, 1582989176, 384023527, 785021142037884928, 406036973, 1055525523248553987, 56173230, 790675091747172352, 21756477, 92127919, 1532632610, 4540682600, 775096367886794752, 365623726, 239095509, 277686884, 529307347, 744338763468382208, 261471755, 1895188093, 2307923793, 17557961, 3078516394, 368629001, 2439151240, 2805988678, 1413779192, 452628395, 259752428, 1058463920, 369793380, 2750232023, 405958176, 432125577, 330678995, 589523704, 769620866002980864, 441341395, 905059567, 1044674111467909121, 43959529, 2434189555, 326811204, 1732554330, 2664646400, 176665296, 36984672, 3025940357, 1046135187644518401 ]
"friends_count": 255
"friendIDs": [475265360, 106141640, 763024688700358656, 3056667193, 971786888641171456, 214201922, 425871040, 309366491, 22720902, 26347394, 168303138, 862674332618809346, 955185752131878912, 357126037, 73179368, 1155192127, 26487256, 1255006490, 259752428, 851170580296589312, 40892016, 74830283, 1181960525032427521, 1400973342, 286129651, 25890783, 243939268, 993271955267637248, 1413953114, 251902756, 238138792, 2805308640, 1658684538, 135580263, 235213723, 113152969, 2327359038, 1585589059, 880222183510888448, 796714189540786176, 503255902, 880435909132419072, 1053535332, 318482708, 29718653, 67504379, 271073165, 1111637891946561539, 1287746768, 941275718251679744, 1029758500543578112, 257381227, 261846721, 1059592290639867904, 22676250, 1539428107, 528998448, 743116735, 3272733949, 335478080, 1065987998699986950, 2411169799, 616618831, 73478873, 22648778, 222518495, 22637281, 22662371, 2752812749, 191849753, 3420319420, 1105523498351505408, 22959763, 538238147, 393987702, 24889825, 457030700, 1732345111, 335916599, 58859159, 332798565, 87195526, 3130956225, 853223863500644353, 837561540211400704, 198476009, 361209197, 25844225, 34518459, 431305406, 4860903891, 80480330, 130649891, 108106506, 4871998253, 21660529, 41468683, 73406718, 16112354, 284513895, 279149723, 55557629, 224237896, 831736758, 5402612, 970812707489267712, 331908924, 16905329, 759027320560627712, 3873936134, 791065461672685569, 47981561, 1433246138, 3138170940, 941043518289711104, 420693597, 40807751, 37938742, 217474287, 244612749, 4644133290, 328048109, 233339672, 169171088, 133494590, 29326467, 29820155, 274778644, 1094026064186171393, 300392950, 2328002822, 1380502680, 72766691, 3599323822, 309978842, 120153772, 17137628, 25249798, 917137956, 17220817, 4273980252, 606656268, 1048276307270725632, 771595850, 1084695030969847808, 365644014, 143526837, 18479513, 23083404, 23508439, 26257166, 123417995, 2557521, 19923144, 19362299, 19426551, 25776517, 1089185769510658048, 410390027, 18494981, 28565368, 18943774, 1582989176, 406036973, 405958176, 16486901, 17745051, 194740553, 3222591236, 23102795, 21756477, 194172085, 778687957435764738, 32882868, 92127919, 239095509, 529307347, 868448779, 431177865, 277686884, 261471755, 2439151240, 52296424, 937836743528734720, 411862111, 852752743, 463079988, 368535820, 2305603543, 2250933186, 2307923793, 3078516394, 778728743447638017, 765772531, 2173801343, 368629001, 383925435, 392396499, 1049575549, 4092177856, 4860162182, 780636054260887552, 745117167545257984, 829612107687718912, 775096367886794752, 819989696482775041, 4131020297, 790675091747172352, 2883189897, 2157540828, 1164921277, 529597969, 2805988678, 339366892, 364356842, 1413779192, 17557961, 385142771, 254309861, 2235597368, 49713246, 1058463920, 445193482, 2750232023, 432125577, 358291579, 452628395, 330678995, 912370891, 39124439, 479683485, 471155924, 892220646, 90491792, 589523704, 369793380, 1732554330, 2434189555, 769620866002980864, 905059567, 43959529, 326811204, 4540682600, 1044674111467909121, 175905795, 294660973, 18776647, 44674447, 2664646400, 1046135187644518401, 3589241416, 176665296, 515356428, 3025940357, 36984672]
"statuses_count": 235
"date_followed": "2020-02-13"
"obtained_tweets": 235