"screen_name": "Handymanny1969"
"id": 983478406955192325
"created_at": "2018-04-09 18:54:59"
"lang": "null"
"location": ""
"time_zone": "null"
"url": "null"
"favourites_count": 303
"followers_count": 55
"followerIDs": [1174796202761752576, 885191528561463296, 876555360, 1095145326678364160, 180707834, 380680185, 1207274036662853632, 49081015, 1123859601970159616, 1150828077733335040, 1191510844426903552, 1189673625248583680, 1173629879008419840, 1130369999699267585, 1195114457141301248, 1162825201169707010, 758814069214228481, 3918765680, 941817222741331968, 137863204, 1141471691807371264, 4148622316, 1161406189470703616, 1167105132884111363, 2370697002, 1165674759805444097, 765475973785583616, 1133017164724752384, 826971222432944129, 1119345344909701121, 1116527212809867264, 914773470864535552, 213337685, 3010638972, 751037566510632960, 182815202, 838804517370101760, 1052323472620294144, 1045270491668369409, 243371409, 3225589127, 32090699, 978618813443923968, 728572275067248640, 967435297230344192, 895134082623045636, 980610839047794689, 766698669076873216, 804829665881899008, 850435593234403328, 975268464351956992, 985213109660012545, 949342173241192454, 841434249337143296, 3361780925 ]
"friends_count": 628
"friendIDs": [834491890020057089, 938419883745869824, 2535663920, 743638200460124160, 1200234865305772032, 973289270877171712, 77234740, 204891696, 1053688417689563136, 515335020, 106463227, 107416681, 103948050, 73385342, 454218852, 1069502738332033024, 1068830543536631808, 456354916, 24705687, 1151507736565170177, 42172964, 245488077, 227480273, 39364684, 35583547, 409535536, 2249182471, 2412983768, 317341166, 140976305, 86959409, 280675668, 998877474741202944, 885191528561463296, 1206777996314652673, 763024688700358656, 110783489, 6207392, 108361327, 19773713, 234878051, 1108068854574600194, 131286593, 444086149, 252827789, 26257166, 336564991, 1175881858636079104, 38949480, 52401028, 46135450, 64405759, 938869514896379910, 982094101175775232, 2755188890, 561574363, 1003733434957684736, 35944242, 46509425, 95467487, 83870470, 1002039935782670336, 1153273429, 3991876037, 3386579451, 339207245, 82169273, 169162399, 3105214361, 2924667192, 2698848186, 372994837, 1133826323317690371, 348785149, 2964541237, 259379883, 24523660, 160574153, 29778407, 277276900, 561395101, 1156100665, 2713331460, 125167381, 180707834, 22832029, 24963961, 236956880, 21163600, 260864109, 855086924209561601, 20061523, 66496796, 1047491197780946944, 380680185, 2419468878, 2276512980, 28164096, 40836581, 183610859, 165819788, 18922472, 45913677, 48062810, 1123997337645408260, 1158109914927116289, 5104571, 90741956, 52235599, 26109965, 965294551459028992, 567646259, 138382552, 17219108, 19110632, 117662694, 36184220, 15066760, 16211434, 1399071, 3010334490, 14831515, 133458374, 81758202, 62999331, 63387090, 281858935, 808557046870085634, 3323480474, 804937531238195200, 17399269, 70436289, 19382366, 191908830, 119199038, 1292449110, 156289384, 92097654, 156285533, 114877072, 38032209, 600307742, 15069555, 73484903, 1004032248033828864, 85103201, 1149159932777730048, 18780355, 944440817032110080, 475830927, 17897698, 77463667, 813417452, 816305691979907072, 105001940, 27737538, 866226684600692736, 3387972023, 182815202, 23817447, 25125905, 1101565440327847937, 972608732034228225, 970625399947517953, 3080695079, 20710809, 340514550, 18173624, 944376625545723904, 243679064, 27947088, 485182129, 2301691662, 18638090, 213969309, 50883209, 183398746, 15383636, 15730467, 972197053194522626, 4621072882, 26992961, 26992276, 258392502, 293128035, 1022596614, 74240176, 37442041, 2221700707, 375721095, 329792903, 785906474, 17604596, 19114743, 14780915, 19081001, 217518231, 238475531, 234763024, 27079921, 43347285, 19251838, 36439939, 2667275929, 20348431, 300114634, 187897893, 54886503, 234393389, 23075654, 133017545, 21345455, 256360738, 253340075, 234395010, 1035607041765793795, 758814069214228481, 1162825201169707010, 27743648, 7573792, 182336137, 43731357, 1128689569375969282, 171384112, 50776172, 3101588527, 13298072, 830189596155707392, 844200014054342657, 56334435, 97200075, 259035570, 365204252, 219151504, 941817222741331968, 2859786382, 34421127, 296878541, 3918765680, 137863204, 1082885696359223296, 910878745627643905, 38660877, 17230018, 1905223496, 25375962, 2987899828, 17293388, 2893511188, 2678072634, 32162441, 233386754, 169243528, 1681324362, 2239258537, 154280902, 920554562364301312, 1198406491, 1558126178, 2370697002, 538245803, 551298374, 89344186, 40204635, 122805750, 18056707, 25757597, 807003567605227520, 17159603, 263935539, 26642006, 36490075, 1588420278, 769982595786481664, 24000965, 120129298, 179555829, 165148623, 253323171, 179551512, 809907855071596544, 349658423, 963204890842615809, 210880415, 32767923, 236856222, 1372141952, 115465588, 181682192, 386157562, 479623622, 539051023, 97824668, 1015266554412519426, 21660529, 33765492, 1058847528, 39728435, 44699893, 102448827, 18206318, 23762005, 2228638345, 198873627, 222565407, 84718924, 1604444052, 292018827, 124618913, 41529013, 202719120, 633992964, 407979688, 33618667, 21212823, 18679703, 915879847, 83901762, 41776183, 369122539, 512603747, 401257081, 1635293059, 33366449, 1069404341935710214, 518823374, 103982695, 169789428, 210844741, 21332348, 316441538, 23439838, 522611380, 703990741, 130250127, 912988142, 18847632, 18192639, 14882455, 7424642, 31145897, 61608622, 23473928, 869231, 57002346, 18625021, 2428796856, 16529238, 494027712, 18965790, 17679977, 25402566, 188245869, 250080744, 69231187, 177201478, 14700316, 111228143, 3313090247, 2820190948, 4203057065, 52188923, 1070201886, 115487334, 3398508706, 875321929757892612, 2786147872, 2785924491, 3738939755, 2785892463, 21840057, 1116717810, 93943974, 15726449, 1019023423, 67378997, 128267983, 2474454354, 78897206, 40358743, 92245322, 523388341, 308193132, 52861612, 482770399, 1263036030, 2151813955, 3066490546, 502251940, 437081126, 718822207, 2867822399, 118123618, 16688821, 51852542, 273776450, 79529480, 1196328007, 15861355, 551085920, 87775422, 163962167, 381939189, 63812039, 826854440367845376, 17471979, 85839993, 17842366, 18244358, 193031832, 47285504, 184903026, 771573399495729152, 98036380, 48137317, 981708203233890306, 1365619333, 3192468964, 760335014, 301657747, 21897570, 208692630, 20585994, 487429656, 35071201, 22785299, 250724456, 63439660, 2651803758, 16339285, 65688291, 3520752864, 93668278, 2987448628, 53187953, 182623903, 87060818, 27817680, 523423153, 24404025, 291811655, 438399143, 382662522, 2221883407, 16708360, 16708161, 17536922, 996245368416407553, 171663779, 24300583, 983020086037499904, 1036153094, 199409066, 983952134851866624, 14871611, 90885588, 3064993961, 23167206, 110618894, 205671915, 3225589127, 212350063, 524568357, 124190867, 198975780, 11348282, 15687962, 3099613624, 19424820, 50374439, 563940069, 629892954, 415773647, 745995126263193601, 92367751, 294296393, 4213138642, 1523681, 1587946645, 501293202, 48075294, 69677501, 235206263, 285282053, 50274203, 292386295, 423967218, 3279820002, 463933187, 14692405, 2803861628, 238204315, 495434352, 98634641, 6625392, 17137628, 2413319770, 2819224526, 17525027, 14159148, 34355078, 864840537630756864, 21440734, 196198372, 2785832997, 3739251376, 111053011, 64815985, 14153842, 36465468, 23937894, 1347713256, 14043002, 750770017076142080, 21212604, 17477592, 20741577, 31442511, 82643620, 614236021, 26862273, 242957669, 16034244, 16044997, 203123011, 116502194, 197510725, 23450152, 22622242, 408605930, 250831586, 708400830358093824, 4851461892, 34586219, 50145201, 41423967, 84099164, 18565637, 15145732, 22930902, 13896552, 2214443485, 2220030241, 26584441, 2785962311, 2220067658, 824012699193315328, 19711734, 3289924442, 22631033, 2459609448, 73460068, 85433682, 43903245, 248714917, 40918282, 20030116, 20313474, 130553833, 29241141, 109046256, 821814254, 107500136, 28642370, 2218377602, 46191743, 1846244977, 30038775, 1018447908, 930358040, 2525349907, 366225624, 1023014989, 150389119, 21137035, 229219088, 238253340, 248747209, 3648465740, 3750138376, 263305085, 3648389893, 1183120178, 94435143, 1452024901, 19025957, 21762780, 75374513, 15517751, 73412535, 2381578122, 106470258, 3301972365, 561649189, 142805688, 17351972, 415859364, 565546055, 453289050, 284590933, 3226235063, 106176977, 2688047946, 98963477, 16351521, 19377913, 16295454, 21238524, 48348561, 876803988808663040, 14216661, 442026896, 3361780925, 19000033, 12993222, 73406718, 8736882, 19038934, 6433472, 55594930, 12848262, 1223101, 14705603, 26872682, 72582613, 17659340, 41468683, 19636948]
"statuses_count": 3
"date_followed": "2020-02-13"
"obtained_tweets": 3