"screen_name": "hlwarkentin"
"id": 753113841530273793
"created_at": "2016-07-13 02:28:26"
"lang": "null"
"location": "Calgary, Alberta"
"time_zone": "null"
"url": "null"
"favourites_count": 861
"followers_count": 51
"followerIDs": [2416667292, 559660238, 898353485359349761, 1175434654532259840, 1570845210, 634606040, 1142192698809413632, 3666605535, 796416849781129217, 260603528, 835720647296835584, 239529833, 15607213, 3331931992, 1051770919, 781253202951958528, 273180747, 50579713, 1089185769510658048, 232677522, 1083421642632491013, 433642643, 164700688, 1268785459, 267973609, 634124030, 281227216, 2888099231, 2419970966, 334687860, 1050261137265029120, 2370627199, 1006389260281262080, 4262052793, 276677870, 1021440572727406592, 249855627, 1017581123952472064, 84236857, 998210404114288640, 27550331, 762456799, 91054624, 1004879395520065536, 719145147934617600, 2798390737, 1135222904, 571112451, 41243560, 585370731, 94181357 ]
"friends_count": 228
"friendIDs": [49587925, 763024688700358656, 2416667292, 1342456760, 898353485359349761, 559660238, 23954775, 1190321498008903681, 14397399, 191915993, 20636969, 948016303, 1175434654532259840, 1570845210, 126379864, 26613017, 206340892, 1006419421244678144, 1305340285, 634606040, 50085192, 1142192698809413632, 26782762, 720951847, 796416849781129217, 23709654, 260603528, 711752002477412354, 22532501, 273256194, 835720647296835584, 478823758, 2860593312, 19667986, 15607213, 239529833, 83633438, 3331931992, 1584410269, 1070709668773806080, 349199638, 3095341545, 4723957344, 26260208, 1044674111467909121, 3816567737, 348853676, 17974481, 2602993118, 30235089, 1051770919, 545981158, 2239940184, 273180747, 18776647, 2217988506, 1089185769510658048, 56178932, 1096084052, 1550520115, 781253202951958528, 138203134, 24120793, 433642643, 484093131, 2437409532, 1268785459, 19041310, 281227216, 253883302, 385905207, 2369370818, 50579713, 2450511614, 634124030, 79229753, 164700688, 2884831151, 3083002802, 890617650618880000, 1050261137265029120, 2419970966, 10798802, 22879574, 872570005, 75912185, 82999576, 267973609, 1034215172, 709615912148545536, 232677522, 789109693696192512, 28060826, 2370627199, 287325885, 153535280, 7152572, 21744554, 17057271, 427475002, 71256932, 19816859, 22001973, 339791868, 158068692, 932779154084417537, 18625021, 40140191, 116858823, 17672251, 956660425961046016, 16504257, 1434251, 266178979, 255773815, 213478296, 2678072634, 15521075, 4823705386, 98963477, 26596576, 17259340, 255351091, 743838726653095936, 1006389260281262080, 293128035, 1512446430, 963631905878036482, 451131659, 33285177, 2507799686, 66496796, 18065007, 109617898, 14677919, 186154646, 1729579022, 16809022, 228149824, 16808905, 17515979, 14423351, 25070342, 67775207, 18999641, 23496928, 15933148, 415773647, 41852424, 3195466602, 18393773, 14452313, 722210815110041600, 4196983835, 948775674, 166418394, 32313425, 241007225, 19404782, 53184267, 581997367, 27901722, 16305370, 13683952, 61177314, 17881732, 480930665, 17844280, 25786243, 90420314, 24807616, 502135911, 409486555, 1891806212, 16034244, 36184220, 14360757, 11178902, 18999809, 12848262, 813286, 2317351705, 316389142, 149282848, 6433472, 84236857, 253340075, 340124434, 334687860, 998210404114288640, 27550331, 15986414, 25337405, 91054624, 87818409, 289998339, 15856835, 249855627, 14260960, 16874265, 202099009, 20539937, 7130402, 807095, 2888099231, 2606120593, 3225537968, 766553732720975872, 4262052793, 4581554009, 347463698, 166739404, 17163265, 12880012, 17654134, 343134534, 2981629088, 2991467535, 2798390737, 94181357, 1135222904, 585370731, 571112451, 33798654, 348008320, 509346361, 41243560, 3666605535]
"statuses_count": 132
"date_followed": "2020-02-13"
"obtained_tweets": 131