"screen_name": "JordanTustin"
"id": 974815748328710144
"created_at": "2018-03-16 21:12:40"
"lang": "null"
"location": "Toronto, Ontario"
"time_zone": "null"
"url": "null"
"favourites_count": 73
"followers_count": 67
"followerIDs": [1168004101612941312, 224819669, 2783782729, 1158103367660580864, 473774285, 176857870, 262472181, 294322461, 26163478, 709910138296082432, 1141525250171133953, 978901649468125185, 14864150, 460377014, 1087443283163467782, 53169773, 1100211029584343040, 415287660, 138451153, 1035192921723613184, 1099673279240040449, 937867168926064640, 1098848983349448704, 994130274567925760, 1076459961142652928, 748162432749703168, 194321780, 29384938, 3086997200, 1047961555428503553, 1044636237603180544, 975685934355230720, 615554233, 850490848102010880, 703909451439460356, 1042715952150917120, 34617210, 1024997186424238080, 999702322920939521, 1007387939008122880, 1161872852, 743578396328865792, 2769992039, 1007877743504130049, 798955257900384256, 4104435436, 14251434, 160322871, 997984942289309697, 344107122, 326687028, 985553033395400704, 2617836016, 1879611055, 1723458516, 942266422780157952, 987126918720794624, 969938769649524737, 2411537598, 247351807, 850027089596227585, 730094723415805952, 198590737, 382171562, 440517737, 280251879, 958438136 ]
"friends_count": 159
"friendIDs": [294322461, 763024688700358656, 224819669, 391099346, 2783782729, 1328162480, 1158103367660580864, 473774285, 83446962, 709910138296082432, 26163478, 2599562040, 1087443283163467782, 460377014, 1523681, 324002618, 1100211029584343040, 415287660, 271741358, 742143, 37696233, 1035192921723613184, 1080751926415949825, 138451153, 1099673279240040449, 2151240036, 24185568, 37935680, 47645083, 1332388310, 254201284, 2800371230, 1076459961142652928, 748162432749703168, 151498372, 988391679299346432, 405033226, 29384938, 1047961555428503553, 199064459, 25728193, 407395156, 1044636237603180544, 975685934355230720, 850490848102010880, 223716829, 703909451439460356, 2769992039, 964687782059782144, 997984942289309697, 4104435436, 14251434, 743578396328865792, 872904292352630784, 64406468, 326687028, 160322871, 16434613, 22562961, 1108901138, 454267905, 632184479, 36083059, 30221263, 36675313, 320745703, 1685471179, 2295934778, 3377641523, 621543, 57703513, 27830610, 2796752340, 477845706, 942266422780157952, 262472181, 131353469, 16351521, 1223101, 20646711, 20596281, 39511166, 36683668, 75069067, 16348549, 1723458516, 1879611055, 987126918720794624, 22084427, 969938769649524737, 2314087860, 2411537598, 17899109, 50393960, 272108097, 280658133, 104532480, 121514648, 40065170, 376211514, 18776647, 161801527, 184866881, 280251879, 64795125, 14159148, 357648167, 455839750, 252794509, 225102152, 247351807, 20629893, 2752200919, 97219875, 281768682, 186471638, 2713172484, 34617210, 798955257900384256, 2603927576, 279545698, 3219953443, 16926550, 36375825, 59131425, 16341166, 730094723415805952, 917137956, 198590737, 165781081, 440517737, 2195671183, 242804380, 544389588, 194321780, 958438136, 339263510, 164802800, 178375974, 1161872852, 3086997200, 382171562, 850027089596227585, 14755165, 352863972, 615554233, 14499829, 19038934, 19000033, 12993222, 21238524, 17659340, 12848262, 176857870, 8736882, 6433472, 19636948, 14260960, 16303106]
"statuses_count": 55
"date_followed": "2020-02-13"
"obtained_tweets": 55