"screen_name": "Julian_Muia"
"id": 1226931531303849985
"created_at": "2020-02-10 13:11:00"
"lang": "null"
"location": "Toronto, ON, Canada"
"time_zone": "null"
"url": "null"
"favourites_count": 5
"followers_count": 14
"followerIDs": [794758789, 1377231139, 21807917, 1190285079551107074, 514684960, 55029884, 336797519, 1268785459, 2888099231, 1035543602473005057, 3306005770, 2981974672, 97830821, 3306201767 ]
"friends_count": 76
"friendIDs": [1377231139, 21807917, 85711582, 1190285079551107074, 80456589, 215163606, 514684960, 336797519, 1102052061909114880, 17881732, 186154646, 36490075, 18177126, 291792912, 14043002, 22658254, 18980055, 14677919, 143526837, 2280921378, 705086383124312064, 1035543602473005057, 22502626, 3394611485, 24998433, 2981974672, 794758789, 284633151, 710131898446696449, 188007231, 16397147, 1092387727, 55029884, 16034244, 428333, 50579713, 284684670, 14216661, 8736882, 13896552, 22154398, 19025957, 500231605, 18870182, 12993222, 14260960, 163562125, 89760824, 276713213, 33285177, 91174164, 14357273, 905059567, 1268785459, 487665931, 3306005770, 97830821, 2712065731, 3306201767, 3225537968, 3083002802, 2606120593, 2888099231, 763024688700358656, 172352150, 67109130, 14294699, 4836947526, 18776647, 26637348, 2228878592, 409486555, 813286, 216776631, 253340075, 138203134]
"statuses_count": 10
"date_followed": "2020-02-13"
"obtained_tweets": 10