"screen_name": "pwa27"
"id": 63606625
"created_at": "2009-08-06 21:55:23"
"lang": "null"
"location": "Toronto, Ontario"
"time_zone": "null"
"url": "null"
"favourites_count": 1212
"followers_count": 161
"followerIDs": [175446004, 3170120872, 1478304464, 1197475324658769920, 760518588, 2285551753, 114589705, 42625553, 1176204680554323974, 42271645, 4143615149, 1214609409990692867, 1213271683630391296, 1205614709816340481, 977204844, 207780622, 96172463, 1199327316394086408, 2442900458, 1085670222441390080, 44974922, 1175225787684970496, 559153098, 1392282468, 1016473146604638210, 2800516102, 1193221353954054146, 351688038, 280251879, 771776312704921600, 548757952, 3298424080, 1135742499916402689, 849188810755686400, 82638578, 485475676, 3208741529, 1723624201, 958438260166021120, 3782983036, 471518187, 32607740, 1116511783311724546, 1178588152006631424, 979010593150693376, 1039628332952952833, 1027154478150168576, 961665922892263424, 214296679, 2821271973, 268876743, 1087149461288161281, 60997041, 923368942621442048, 842111328646971392, 1011711390145568768, 785882137, 779748849992790016, 22364669, 272629928, 1583287813, 860134563032551424, 1220327562, 1099156075608264704, 317512851, 888120873516912641, 866416675, 915257780, 3430429025, 113080011, 172821243, 4017254477, 18002117, 1116790094, 1717130714, 1942811143, 3149775727, 527524575, 2939054429, 2657501304, 221649733, 16034244, 183334539, 30950693, 192022343, 836149747, 262527111, 282259479, 93523369, 2170089506, 1614009828, 962649811, 712365494, 607235329, 42732253, 1352812730, 23685899, 380775195, 882653498, 448046897, 939719022, 191319894, 568271615, 402761670, 19060928, 458881348, 243000644, 372591431, 431892483, 411030731, 513858057, 273501563, 23866018, 46026125, 461236082, 431077221, 431078096, 149189422, 426814372, 268856107, 81107319, 317426914, 190717488, 26697549, 372911233, 330431578, 364280825, 355376602, 355462472, 293827474, 23436430, 229086360, 259123530, 31575289, 25241255, 12792792, 57723627, 279759937, 274080699, 278407682, 274693217, 49183117, 117456567, 46286710, 138095006, 245037233, 208009624, 18967986, 111964447, 114637457, 19238278, 17737556, 23836474, 181092210, 50321044, 23225712, 152999383, 121145315, 128269594, 108004103, 16689738 ]
"friends_count": 804
"friendIDs": [2518199410, 1369953998, 38495710, 65739253, 538409644, 2285551753, 848143698, 1073954718567796736, 206221653, 862007934, 114589705, 35911782, 1156560530594832390, 37758638, 471261222, 42625553, 868151842131382272, 839127874015744000, 909006465410764802, 738758898463608834, 2855866215, 763024688700358656, 263853830, 42271645, 268410291, 1241688648, 4143615149, 2573091379, 811053619, 1974925220, 2601895807, 508154949, 404750664, 2934010471, 1034191383769346050, 142183341, 16313140, 70673658, 184932914, 14247155, 19377913, 70821640, 2220067358, 16831522, 296553576, 358887139, 22260202, 16051471, 1213271683630391296, 1205614709816340481, 63812039, 31610084, 977204844, 800865942150463488, 949131277, 14538949, 242827267, 15373767, 766326031259230212, 129494205, 3072222511, 463933187, 863689993612644354, 785905010, 207780622, 21832884, 407243130, 2579359027, 185290543, 96172463, 819614166, 151118136, 2304869472, 2194707954, 64434700, 86320422, 1199327316394086408, 416025003, 61930642, 391513063, 961057646555095040, 872080073440067585, 2878204895, 2442900458, 12993222, 173996982, 19000033, 149517978, 44974922, 721390246756282371, 505073464, 24831757, 43054046, 1016473146604638210, 57724175, 1392282468, 944384058, 805418083, 1175225787684970496, 502281810, 351688038, 1193221353954054146, 1483952540, 115497325, 24959746, 522345885, 328171348, 163802435, 2820766993, 1478304464, 2375461, 280251879, 2890823095, 107608849, 172859293, 1178870015254237184, 80373404, 771776312704921600, 3689692221, 789186857561051138, 302039811, 67533376, 627476894, 86342401, 87269158, 906241454930104321, 576977734, 1925905537, 3298424080, 394966491, 79438625, 898597260497375233, 318145993, 906967920588279808, 849188810755686400, 46107447, 30454224, 1855818506, 344410229, 17299331, 485475676, 2730909379, 128750686, 90918708, 50952829, 82638578, 948506076, 3208741529, 787830255679668225, 141266091, 1594318622, 291918098, 894647433178820609, 2383792388, 21723731, 50253560, 209814743, 16129534, 11990942, 282029250, 1172345859905871872, 466783875, 1723624201, 1281227490, 389539338, 16892896, 1694120570, 3367792659, 3520752864, 48179754, 548757952, 3331804450, 2786151358, 34317032, 1167914034, 185043343, 26073581, 3782983036, 1711439305, 1146452258458079233, 243000644, 376927648, 1176204680554323974, 2259336193, 246443187, 104255797, 124302756, 24215395, 58511657, 30800681, 197966247, 382949896, 32607740, 22321118, 831167796801372161, 1271291858, 21525682, 1116511783311724546, 1039628332952952833, 979010593150693376, 203320496, 932779154084417537, 1956441, 1322476392, 101781053, 702221359389155328, 958438260166021120, 109282155, 121290796, 858849264, 1027154478150168576, 961665922892263424, 129181323, 188785056, 471518187, 385631367, 207603568, 268876743, 732739500334579714, 196315798, 60997041, 589997551, 2615804557, 3170120872, 18797583, 51890332, 1019974187975430144, 1006419421244678144, 89760824, 17948003, 3091376128, 455254430, 923368942621442048, 842111328646971392, 897205923348963328, 1466569422, 42690248, 423580628, 14955620, 148034257, 238984493, 38032209, 498351723, 888120873516912641, 1011711390145568768, 253340075, 159982293, 2993785898, 733648356908662785, 102260889, 20452161, 366690534, 53184267, 21543757, 948775674, 17800181, 34030502, 63739796, 836430410, 124550454, 299098538, 777695367194406912, 22364669, 2961261339, 1020360275718037506, 196308814, 103155170, 271970590, 253152109, 73939990, 272629928, 111057129, 2882957998, 17815546, 3196430804, 779748849992790016, 1583287813, 240313334, 2800516102, 22502043, 21800712, 2950206855, 136668956, 869231, 2428796856, 16683301, 742824223, 310450883, 67098611, 112215606, 233356796, 190817371, 226222147, 228394456, 488753533, 188007231, 20878297, 821679222, 1704781784, 80758969, 102154357, 438483210, 2251009748, 173843226, 998632220104511488, 70497621, 322375052, 1976143068, 229509740, 3107680016, 14231419, 2231954420, 912988142, 1220327562, 559153098, 2149821295, 620001274, 1868947333, 440406554, 373683618, 72198806, 1536791610, 357606935, 1339835893, 30354991, 970207298, 216776631, 29442313, 2153005170, 2201590237, 80467432, 102448827, 20972371, 140252240, 303862998, 39279027, 19520108, 584141481, 46770535, 326834507, 54972010, 116332567, 24099041, 97751945, 25570250, 1184768473, 36941793, 471941392, 146105775, 48787628, 895293047726116865, 200293513, 993999595, 458480423, 845350469056770048, 17560195, 413802355, 2155691491, 203132018, 3308334284, 3303663329, 366042330, 2314464974, 16625091, 95703081, 331803536, 278617398, 143390584, 400292974, 2308445042, 3235342814, 918207158793195521, 2449843106, 27661013, 17179368, 2204131760, 1023072078, 48194891, 330514570, 120823405, 2926993218, 3200064952, 1278650538, 362486891, 1647702762, 2205130434, 2811271002, 574353492, 340409657, 99625216, 480196886, 235764167, 18910324, 2342536272, 3192691039, 3194788843, 882631453, 506865732, 1633273298, 889680864, 2901448168, 214296679, 48533754, 728710062, 129563535, 130844467, 29178372, 980317590, 2308353710, 36854939, 14824849, 6480682, 60821539, 1000262514, 4017254477, 17293921, 417940027, 18002117, 380253875, 44196397, 6016752, 1223269296, 109325553, 465798981, 17680518, 24618825, 567423868, 51738291, 188761522, 274339616, 527524575, 2939054429, 401786465, 18847590, 1723978933, 41700119, 16034244, 1299995892, 370163149, 1872237048, 27457788, 132983131, 836149747, 282259479, 620201089, 30041336, 323472359, 2184187561, 513858057, 36998406, 2170089506, 262495043, 111478664, 27195114, 586671909, 14545561, 90657796, 87971189, 141311769, 1614009828, 262527111, 786937495, 19029137, 602317143, 902264588, 424436382, 712365494, 81107319, 223442374, 22337300, 1352812730, 248745604, 915257780, 844825399, 122028557, 1249676186, 199709323, 349540312, 221452291, 201769579, 15949042, 1129576363, 37795925, 250515126, 813271062, 448046897, 189253902, 186154646, 87818409, 191319894, 15473958, 788670, 402761670, 425553421, 293264785, 241122988, 387851940, 61358313, 133825148, 289640081, 89002325, 52551600, 319300853, 47219662, 556221904, 24952320, 316607010, 563282937, 186561736, 584015753, 14780915, 19769848, 55687338, 109315305, 112815157, 618300542, 487977202, 329746058, 256573865, 177335809, 251496825, 166739404, 21521330, 546274135, 19659579, 38491229, 16825289, 97204427, 54904679, 37710752, 17471979, 11348282, 33798654, 18807671, 113669840, 19060928, 41338020, 6038642, 289508298, 90420314, 22944872, 24925341, 27016209, 15987295, 326844718, 243284052, 20065936, 3264221, 14871080, 58601997, 157218534, 43115008, 62581962, 19058681, 618593, 443215941, 17020962, 23866018, 59742254, 41780094, 46026125, 46207622, 470416797, 423699169, 329600057, 15254148, 65792611, 461236082, 742143, 14700117, 120252183, 285190720, 40726270, 22906929, 268856107, 364488011, 426814372, 190717488, 278233734, 38142380, 806133, 364280825, 15142243, 203123011, 39774958, 293827474, 9930742, 50374439, 51302497, 180515073, 66496796, 31399411, 428333, 64763754, 14511951, 112753504, 15493820, 171211006, 16278177, 58809045, 80702644, 16343974, 17452280, 260795359, 158396623, 21214602, 22785676, 117414115, 283361704, 38290074, 18686907, 44039298, 276132595, 208019751, 1223101, 28370071, 8723522, 36042554, 260384666, 81122301, 16184435, 31575289, 34981094, 278263812, 148869627, 15844405, 278187062, 190224295, 138185168, 20479813, 46160732, 17141770, 279668530, 12792792, 175049339, 11423372, 12034642, 280523158, 47459386, 104587649, 183663247, 278405451, 278233409, 278184252, 278272181, 150251331, 57723627, 50657158, 277660036, 239378797, 80094210, 214924806, 50751556, 71324882, 120553196, 278407682, 158099396, 274693217, 85428184, 218342227, 264894513, 127134078, 212665083, 15439395, 218333534, 140118545, 74208784, 28804785, 16335456, 19658826, 227717774, 24807616, 146332990, 98202977, 4970411, 14392636, 14216661, 188359178, 21887420, 788524, 21581503, 46286710, 144549643, 16620002, 16085441, 142713268, 20108560, 233561717, 88756294, 184903026, 16214545, 24171225, 38625077, 19182434, 40550119, 16307818, 16606268, 38102212, 1307791, 17834196, 14677919, 2467791, 16931588, 24535241, 15383000, 208009624, 44442585, 201396180, 18967986, 7280572, 16942242, 188873463, 111964447, 15110431, 1652541, 14138785, 164418122, 19238278, 55967248, 20240050, 20030116, 109046256, 76090255, 17737556, 161303516, 42672470, 74186967, 112508240, 49183117, 54682125, 87029364, 16589206, 17293897, 36686415, 19805800, 54730258, 15907720, 72357545, 23836474, 181092210, 180887271, 103099657, 36184220, 19637934, 16161679, 75050644, 18177126, 16423797, 36984909, 23745072, 86384980, 14260960, 17389318, 16044997, 154193322, 23529233, 119530217, 21594028, 17670732, 50321044, 114637457, 30364057, 16220555, 158058614, 21068991, 14678279, 16400913, 16311530, 20059181, 153810519, 813286, 23225712, 17963724, 128269594, 7401202, 17289530, 17881732, 19171433, 12848262, 15485441, 16303106, 18652307, 128956175, 15227791, 41626387, 34041396, 121483664, 30950693, 23436430, 14647570, 8736882, 18916699, 16397147, 27030473, 23685899, 115485051, 113080011, 91303627, 16689738, 108004103, 105853944, 67488451, 6433472, 15846407]
"statuses_count": 948
"date_followed": "2020-02-13"
"obtained_tweets": 944