"screen_name": "rmrh4"
"id": 337926310
"created_at": "2011-07-18 16:10:16"
"lang": "null"
"location": ""
"time_zone": "null"
"url": "null"
"favourites_count": 20378
"followers_count": 407
"followerIDs": [2897436606, 23483816, 1220749570050797568, 1188189114358738948, 227197688, 1155509709014618113, 882286349843394564, 1423997096, 915245308241522688, 398201923, 1206647769257201666, 1159505917433602049, 938384285660217346, 995840404472958976, 1227370211843727360, 1192531025064267776, 234146875, 1164948222747566082, 1205927494882381825, 1208113356550352896, 834544500395667458, 718863328060289025, 611171128, 951832507762315265, 3357277319, 919283024000356357, 1198363762723569665, 798836710977126401, 96368598, 2327104615, 436414193, 1926692725, 1207147444997373953, 2738478622, 2213858564, 1211772794670731264, 875063813141299202, 1204161386529673216, 1210854707226218496, 905827153081753601, 129835871, 431529093, 1395923928, 1130038463628111873, 4614054149, 1195730910353727488, 1204940141887774725, 919365578640408581, 966141224322248704, 1204681747620859904, 783969938142859264, 1050850676694310914, 1038735092103839744, 403230210, 1012538203516080128, 81475201, 966494868208889857, 1210936557797953536, 1192521251597815809, 1090720493894651904, 3090158248, 996619939, 2778721921, 1159529864929644544, 1207946648799862784, 931142611938750464, 872832365139075072, 1074445700027568129, 3035544952, 1184846741515964416, 869584403739156480, 884283778184728576, 956494460166184966, 1035539427903397890, 1205799837419102208, 738455141909692416, 778714123, 3400805349, 1179389339006115842, 1146843067649089536, 1125105153885917184, 1185806332848418816, 988699786743345152, 1149676165, 983181426483838977, 1193883559720816643, 2855393821, 2924706199, 1125006221424189442, 1137124780837154816, 1044262943733542922, 1170267091825496065, 2992595179, 4087992677, 992368075654787072, 723555408380616704, 1099016306693672960, 990896015279644672, 798118959937703936, 1183420148243410946, 1113921631708241926, 2396424968, 742719523346776064, 915673341045936129, 1186182987240615936, 1019358825701429250, 2199831698, 1183844794449252360, 577559916, 570383279, 715022191, 878650598043856899, 350593129, 585506928, 1172598324047884288, 3073163445, 1178865919826759688, 3346532637, 1112791224359047172, 1067585261905809409, 317697152, 1157243677258997760, 732873711427145728, 1123132037509079041, 1110871391304331264, 1095938294586793985, 1043403367056396288, 991397989339066368, 4708218153, 1165762515973935105, 3981474022, 953053682, 1169794026272448513, 705362103671062530, 959856676890398720, 910423134058270720, 114178223, 890712455411900416, 891448122, 1169143970049527809, 1117410682054615040, 1022159515272269827, 917295870344908800, 114235871, 796140180231098368, 1162267693849833472, 1175100242330566659, 1109157244615180288, 354330485, 1145080946875670528, 881365687805104130, 848199690, 1123652439830343680, 1159205852177469440, 4453302874, 1003103205537050627, 567116338, 884030816036245504, 941886123038605313, 804065803255631877, 755738480819535873, 697871691314237440, 4203135849, 3467899245, 487884221, 2894400635, 252990181, 2688258978, 2568095202, 2757858502, 519913030, 2427813900, 935305902, 1232093905, 521825119, 1870073222, 976726674, 2554636528, 752350447, 2541993511, 2473059258, 1026617166, 2427310636, 203059841, 2337053482, 2395116761, 508540545, 1027535304, 103814049, 170326742, 23109598, 32336536, 2329299281, 2199310158, 2259998337, 883183460, 2201908889, 263728080, 1344707473, 2363793947, 1202288869, 2195759713, 412214764, 2300249481, 473609613, 987038894, 516873810, 990006408, 280161496, 250875893, 434811935, 1421330130, 868691185, 1858729111, 717312507, 1160633090, 1914090182, 1425123672, 1924494054, 1122929270, 1863508285, 1042398104, 494923996, 828947725, 1098321900, 1368203797, 1726112245, 506053591, 972685861, 243364888, 268739054, 976667420, 1428623144, 1574767772, 159952000, 586307177, 1578580728, 281643421, 1127302105, 1563430429, 553000469, 247501954, 457508601, 1521625938, 559056212, 1521870720, 1407474787, 277634160, 210750091, 863940721, 1465256377, 1482753416, 1385708767, 418987975, 917409379, 1003387952, 1033739582, 419346550, 243492691, 262118192, 775404703, 46158614, 173620450, 246327276, 1121872094, 484170042, 258980046, 295265947, 814873350, 138378510, 1117304671, 283604496, 107704850, 20660353, 369840468, 1030383960, 1071960247, 499233514, 365537759, 1037603348, 1088809423, 325071652, 790095258, 998447011, 338848541, 228168714, 1036874162, 1019247325, 362019851, 844429026, 307538362, 123084128, 250130084, 555448852, 974283481, 597447431, 152194546, 973887564, 280064977, 985771502, 822418338, 257862234, 65929802, 257540362, 560239774, 190163284, 786081546, 930243486, 939164503, 369021210, 143449318, 929796541, 276551227, 581799204, 595792852, 882143492, 858770288, 247384177, 602840003, 863845717, 863100564, 832703154, 371861738, 758927606, 846058404, 601803966, 830957797, 337033495, 14125577, 420423710, 451992545, 423836500, 598753184, 201867696, 700472226, 49096674, 348691849, 556356539, 264394737, 591560370, 591568995, 797926220, 369377230, 225932718, 254607922, 247408480, 608386621, 554732946, 512433698, 460881254, 598242596, 323584491, 235984818, 358576369, 243337805, 246994207, 436898705, 273993163, 58038488, 172868717, 343932712, 605900419, 18893196, 418955274, 574460242, 603071130, 562412165, 477935124, 99308104, 487899222, 34221744, 205094271, 375988807, 255874837, 223930696, 509223726, 351828162, 533846036, 557696041, 544714622, 247853809, 355137956, 39897996, 325728500, 282596094, 243764489, 488285719, 498749433, 190258941, 440067897, 340199014, 158345423, 467901405, 327919260, 131900327, 101438422, 375208274, 303449901, 131230809, 246259197, 184731952, 109065841, 267218707, 332552997, 246733092, 330698836, 410822556 ]
"friends_count": 3464
"friendIDs": [1220749570050797568, 2897436606, 980956988082413569, 376856683, 1064609599, 1423997096, 3009118856, 1085957267760074752, 289176806, 710028492541448192, 481153075, 111628167, 634392936, 2397548766, 43292254, 1131528376538337280, 1215247831, 1192531025064267776, 9420322, 1005567237066018816, 480196886, 525640838, 353078080, 804181104, 534190218, 791772870, 75337805, 3355264455, 291936126, 750693605279498240, 709229757108387840, 35755118, 822365621941768194, 3074442540, 4127912357, 16827492, 357714405, 72582613, 204698478, 227238702, 1067043147899912194, 136624898, 909773143341977601, 989389021, 487118986, 303862998, 1344897174, 2239837200, 9518482, 2247121418, 1532591052, 21844990, 22283190, 3064016363, 724537777170354176, 1311351074, 635617330, 109570285, 1017834543632404480, 1327755054, 896158685533220864, 969879464128770048, 816653, 20562637, 919283024000356357, 727574226966855680, 2896065964, 2735591, 609365230, 40636669, 1181273788836507649, 266089190, 763024688700358656, 189868631, 88941855, 3730165402, 105395016, 1034425740052365312, 540348539, 899623626927898624, 2997657300, 892826509622353920, 97018191, 6608082, 34689599, 1115092581023539200, 1143202958093541383, 63841004, 2876847317, 3973511583, 1180181301095215104, 22089519, 223197986, 61737886, 137422200, 1219392721296732162, 14462907, 3972255329, 398201923, 2835567615, 561572636, 1207147444997373953, 1926692725, 383214661, 1112376929070600192, 274583859, 804028371789377536, 26249346, 36178069, 476199422, 2213858564, 1105074705428549633, 1169315308835868673, 32974711, 96368598, 25589776, 944081454618746880, 2283285965, 3225432743, 898665535730266112, 133254545, 402270043, 875063813141299202, 3874118374, 854531213394137089, 886724197, 959056775256223745, 997682298786021376, 1425309018, 269335453, 3116811566, 881311210318286849, 733728856880877568, 1098371639056703489, 701529236495015941, 771325591, 442712794, 471363046, 3177251315, 1117391122286952448, 246479768, 1212671199982997505, 1563149796, 69401695, 2804032454, 2377307239, 1395923928, 2430564295, 4720645153, 4614054149, 1211275932264087552, 1556181120, 3309301323, 449279950, 99142431, 2967000706, 226865424, 370366433, 966141224322248704, 919365578640408581, 1151826173133037569, 3343921305, 121383284, 4053579557, 856411754, 709697598777651200, 585219943, 894840655943479296, 805338114105417728, 2228834050, 257707055, 1121736946580107265, 1169927446054998017, 121166381, 900497136, 116627555, 108326157, 464163048, 3222089774, 96941094, 197347638, 41103933, 964944121730347008, 2491805281, 261502208, 891014971747913728, 12492842, 961893443088912384, 823624474780200960, 1016392667121537029, 965194091549126657, 253700606, 814728244834373636, 771655244631506945, 985916593065476096, 10503302, 303735625, 266991549, 869231, 2428796856, 319259180, 396603252, 403230210, 36042554, 1180075049220485120, 3005247208, 719711824074129409, 816039689127739392, 789303014192402432, 2972907441, 3299437269, 2396677714, 17525171, 546076148, 17446621, 11644562, 827066696, 892529134638743553, 467346438, 3019806471, 121460284, 2204663755, 95288386, 204486153, 435835723, 207969906, 533116782, 2979878962, 4815222941, 505752384, 573022158, 463854509, 306841756, 1116831673545396224, 259162548, 973554540, 1012538203516080128, 25073877, 125041033, 91813421, 1280246359, 1004973518, 717772220177719296, 2716131271, 43318750, 201580991, 265731309, 1074034389481181184, 4020532937, 294594777, 591736574, 2443667180, 1207229608208281600, 815626754765258753, 837111011962388480, 1102169177970814977, 1127301398658416640, 1147707625682944001, 374752807, 1579898653, 720412440735842304, 2519018171, 102625641, 3209029589, 20043573, 14180021, 17169453, 14163474, 783352283249664000, 717826254, 944515177185193984, 1090720493894651904, 966494868208889857, 2880480428, 1049240249086484483, 256455213, 798118959937703936, 738455141909692416, 1205799837419102208, 1184846741515964416, 293469313, 32528708, 83620994, 624517612, 67605258, 1073774032686862338, 405141067, 88621782, 834544500395667458, 20604674, 63076720, 40079154, 3090158248, 940293111670104064, 1000212499973726208, 2870475259, 249748390, 1124509357658394624, 168520392, 304400958, 3017596308, 1130981894, 766686773560930304, 95229500, 18220767, 25140894, 2327933017, 341941265, 19967728, 199000304, 491195550, 415630243, 326359913, 779007929794134018, 85772748, 45571293, 190633170, 126614785, 537061252, 73359920, 2749134306, 2779570808, 2812792560, 1472091486, 425352442, 869936498, 93048007, 241108187, 407035155, 366567219, 557518462, 47414242, 3116176054, 1050477460263985155, 54602443, 983673932367712256, 619430396, 506306480, 1100072933328732160, 1216808342, 269234349, 1013688298659876864, 996619939, 779737209155059713, 246400922, 37659677, 30076100, 23461322, 17220785, 422379941, 268372266, 728658612353011712, 28418204, 847154365991407616, 93921886, 1203306535063040000, 914458897393618944, 250517619, 2778721921, 3044537835, 872832365139075072, 1074445700027568129, 3037208183, 1491030763, 1073591491, 3035544952, 884484870, 94585213, 453242907, 366102159, 869584403739156480, 984111846843174913, 972651, 44196397, 15808647, 453474572, 475079336, 2946438746, 2979687347, 474839971, 17908825, 45942005, 280445786, 221312674, 1070877486, 103821088, 32861321, 76590358, 880712565285945344, 786660568677703680, 494127655, 1910894378, 107397984, 92955419, 67015304, 19524929, 891900882, 846938599, 490262092, 19019580, 493508075, 561332957, 894984534768443392, 1540529606, 452100948, 1161505817138475008, 720364333209821185, 1015577378440007680, 1117134141299023874, 360488971, 956494460166184966, 22675279, 37222058, 1159529864929644544, 1073956628569968640, 1013036782315802626, 4299457516, 1075634873111666689, 1062496577179316224, 1060145826071302145, 789843396840087552, 4045291097, 113116197, 2435389471, 432591346, 849566433138933760, 753101760563179520, 865558964976603139, 52779939, 234070652, 600307742, 243226629, 28207060, 613617582, 1937836206, 595546963, 97185496, 470504806, 800414768024518656, 436414193, 522448015, 56766146, 33742289, 326686061, 1690272115, 181698945, 90228911, 901799294184939520, 702963421, 293999733, 118125560, 803559857634701312, 467629384, 133880286, 5770762, 1524601278, 21382844, 14660296, 821766703587663873, 54467379, 77787152, 196924909, 305565958, 1864191372, 3058700361, 3032428733, 2379161372, 2478558774, 1193206009688408064, 1166699798080163842, 3982026323, 778714123, 975715948115132416, 33871230, 162132294, 50026190, 1415395182, 28150927, 861412933, 1112831602164301824, 2860544847, 1102338014620119045, 441685569, 839887102829547520, 305587868, 1042813875131961344, 241501269, 6689552, 1108704600054550528, 620690342, 968182939, 72555770, 429172227, 247471506, 933985618253811713, 964059074873749504, 1006419421244678144, 261228615, 1162115815384203265, 174658223, 4835630289, 25098482, 69231187, 20596281, 17137628, 189890093, 3219153534, 1203570097, 720346099333005312, 926320892, 1850969846, 266486797, 195652796, 367521367, 745536053801426944, 819452762329149440, 322933840, 1194471420891455488, 711113241150230528, 1125105153885917184, 931142611938750464, 841154756, 387198089, 722211018, 1133661070244155392, 761599389278277633, 1106527153556992000, 948533828141895682, 983181426483838977, 418902323, 69181624, 942394622797639680, 940604032414035968, 1137124780837154816, 1179389339006115842, 32485683, 1399785206, 744524670595141632, 2924706199, 1114562792613347330, 1197428540297351168, 830061646634766336, 1153256324840513536, 4845800949, 1227011635, 2232301998, 463263738, 483205795, 839786790013763584, 2290611069, 1146921729077522432, 1021805144952987649, 760213207332052995, 928672740168515585, 4700789424, 2991411570, 730057211565748224, 1775731, 117777690, 786220596531113985, 3030452571, 339409458, 947873414, 864055321077174272, 508955321, 18921643, 2485019736, 54983317, 877025898687590401, 253518573, 828909711609176064, 41362149, 69019134, 1054265934209339392, 59159892, 1098864334757920768, 70473909, 356450811, 1644264312, 825039235409408002, 447031577, 706858639, 794535782, 1146329871418843136, 1039894733756264454, 708004835652722688, 774978946014253056, 2166945949, 264217819, 806048703207374848, 785597562, 476103346, 909902372322861056, 1039103510200180736, 1140653009506095104, 247367625, 1186710498592604160, 1082333791857901569, 2992595179, 1161434047366778880, 2724074958, 18080969, 277027959, 580015454, 139878900, 1538954383, 140252240, 896126557, 1072270926, 1882871270, 770827677515280384, 2304869472, 157011259, 273762975, 1499098706, 475055719, 124238635, 140645052, 3362007574, 1535265686, 2938408880, 733460867195408385, 296362851, 2161088306, 400300042, 1042209137428291584, 263240749, 944083907288412161, 881867660, 1146798369634803712, 1059249893364129792, 2313812046, 1626294277, 1074371429922168832, 136982031, 1693256101, 556963466, 6438602, 1376836328, 188725399, 883643088627007488, 14640476, 1070682581031632896, 613077369, 32712794, 1144515589395734529, 375060948, 76682652, 31429737, 2908298870, 976389175783149568, 1012223454081421313, 781607760811192321, 75586592, 1667130704, 33612317, 122695478, 953881872920178689, 1060512613354926080, 751666177, 83726887, 2541053604, 2266036627, 2353831182, 4917057852, 1853737442, 2273711550, 1963443109, 2167283149, 990896015279644672, 1169994577723428864, 2450217207, 153442746, 20561101, 37282121, 978169135, 123876384, 2951658069, 988797298829381633, 340523624, 1084862653514829826, 16548023, 577825869, 291541596, 377069754, 954512433967779840, 898890980258172930, 773457816770183169, 533092252, 14382779, 191049345, 1016711586965225472, 2568576076, 33523660, 1162044594617561089, 1683077954, 744907661251051520, 2688148651, 17416571, 2516599999, 813373674, 1480533613, 25760403, 332042664, 543784736, 198905133, 220393801, 84185133, 81133226, 67100149, 19311894, 16139649, 419520517, 863934111362187265, 844169711072002048, 2248389990, 897458468851941376, 288131907, 1051847256696074241, 995333998317592577, 112720863, 65910646, 112696327, 164279598, 41582030, 2270452956, 308453650, 232392210, 218228419, 2310025144, 65079542, 18055737, 23403081, 279022953, 3295355652, 745280575603417089, 42483649, 36695839, 436829061, 237918222, 2518331167, 172299168, 2612102256, 2511158502, 236856222, 702569606259474435, 613611929, 23473928, 18192639, 263265852, 2396424968, 246751019, 742719523346776064, 819493172183257089, 59376089, 968141033036025861, 895467701073842176, 894390386441023494, 331208499, 256249410, 2546935685, 1164024429233393664, 994348968, 1036713554295115778, 979841744517910528, 1113921631708241926, 2725765620, 915673341045936129, 377940503, 504194219, 4272189161, 4233807309, 21401523, 124476322, 54904679, 468741166, 2155691491, 21221149, 240690104, 15649577, 276847573, 1171144876311941120, 1172693294670700545, 83808920, 953933797300502528, 792445586, 855441846193053696, 722785259809607680, 1090715513586679813, 50140117, 211002550, 1184475467622973449, 1331469710, 1920829086, 979412180238991360, 971035715285999617, 515322005, 812981620168867840, 1142551485911326720, 1183420148243410946, 371358347, 1519289173, 1106968291367682048, 1084338981943283712, 1111756007045251072, 3881685263, 172283868, 410764075, 462107378, 109282384, 18244332, 52076024, 257173659, 99266091, 496831883, 3064762176, 1536904292, 1327775185, 413808511, 1139254572, 54918435, 289800958, 521409059, 52809547, 357314826, 395350496, 2499475318, 17433049, 1109202365771628545, 2885845379, 160850438, 1123350825366171649, 90520238, 238897491, 633395376, 14677919, 8161232, 17889970, 1043538436588736513, 1016160504677466113, 1125097297254256644, 405864144, 470307418, 1089750920282271744, 874709817029529600, 285295831, 84282694, 12865632, 1341765326, 414000000, 17616640, 816641613778812929, 3045068195, 2161062962, 374572934, 813835717, 33459527, 4294476135, 720524258661834752, 796720343587188736, 4894497581, 926381469026652160, 1964175024, 703674228500013056, 2363268193, 1545847801, 875327431976112128, 507469942, 1299097585, 736133685683101696, 975738662548922369, 917073326, 117423217, 3300304324, 905148200000114690, 918363914131386369, 414287661, 429612994, 1138342807331102721, 935190852577751040, 1147929627932934150, 274332229, 118970094, 4803154354, 1092712565858336768, 546988798, 337399038, 1073209380978524160, 132929442, 397219443, 4200360913, 2425173950, 2935564171, 868225477, 837512062075039744, 915877535380066305, 189003823, 715022191, 570383279, 334427501, 1158930506106302465, 4784617850, 32792712, 128267983, 14526582, 180461338, 222249603, 585506928, 2199831698, 878650598043856899, 1180127207127207936, 838466378692714498, 33546635, 12880012, 25797905, 7130402, 893726079973826561, 3301362198, 776971573106503680, 592504289, 16892009, 1562518867, 727442788929966080, 912613071855783936, 884614969219846149, 221900457, 899827533310554112, 1062271838334709760, 3111507850, 1142891522, 704140053392531457, 1165452101230780416, 1172259725825773569, 994950431234080768, 286742737, 785115397410295808, 874536588474073088, 781427301472874497, 919985754863935488, 897058816226844672, 358790348, 1171928308235276288, 1081191355546771457, 1172598324047884288, 1062517606975000577, 1180767415963127808, 490897145, 614284263, 33208919, 867833374139969536, 975041447673004033, 3157712907, 903624281497722880, 3073163445, 1181462714, 3710616557, 2826192363, 280664663, 1178865919826759688, 770670057697443842, 808851440517189633, 3346532637, 287391184, 201672438, 2561287644, 274986655, 830777840241106944, 4740573312, 452088533, 447342892, 2428579684, 427242970, 1083505538745409537, 1077354994729476097, 1052889061348831233, 2738478622, 745090891, 785516478841978880, 938982344865693696, 957748808775061504, 1651222364, 395543568, 4764942788, 953686020939288577, 822935820646699008, 60410938, 720291550375186435, 1112791224359047172, 2345444227, 461516650, 2801493661, 2871412752, 310505096, 78680738, 1525769773, 394507784, 1069277496363925509, 352480493, 425682041, 1091790355253596165, 960413741258027008, 1114260308783194114, 37181562, 407830752, 297305018, 482472254, 734325523460063232, 362829935, 742307620606889984, 2972053023, 1136285178123509760, 1116323483947098125, 861501494, 720284309546897409, 3044781244, 910876620, 351610824, 243414461, 605800074, 2735527230, 1526790788, 262781937, 892562071572938752, 134188882, 1150683728177483779, 1157243677258997760, 4860147784, 317697152, 948521559198785536, 18337283, 324781804, 382290292, 292233625, 36447455, 481409262, 595887271, 583127470, 732873711427145728, 1002670646017568768, 1136424546473512966, 1108841275204218882, 970728965685104641, 244440393, 1155874269542400001, 777097908374110208, 920313589084381184, 1257203264, 788750347, 394864353, 498177610, 1396161031, 801281178, 1123132037509079041, 577559916, 1915534530, 962065368, 2910477983, 3372634079, 4148833993, 2610504775, 1128636523849637888, 360959995, 913203265466257408, 1164891405346660352, 142753116, 4920805624, 310534151, 492570390, 475830927, 925375599023181829, 1088462862509473792, 377580602, 4856978189, 260797558, 1020830321514819584, 514807439, 1067585261905809409, 466500166, 1181663711729192961, 3304276986, 1156544418930974721, 821344003937468417, 1110871391304331264, 1045815137045753857, 880126624150245376, 930397230816776192, 1119696133981376513, 1162823166785478661, 1114507838158704640, 1076188594400886785, 902185238985617410, 1171090616190717952, 1120653443079733249, 2516591094, 153458310, 1303786886, 1604444052, 708592687612620800, 2793115700, 2622566769, 4544448675, 709317384352493568, 3195682735, 848078166698676224, 929841465156612101, 1272336283, 910546369324179456, 548622727, 1095938294586793985, 2855456716, 1101439134, 731595199156228097, 3028983662, 3116020521, 200078972, 18639734, 774791455680434176, 104237736, 69620713, 237417499, 240826569, 55387911, 388946214, 763906257409314817, 2291428702, 1485983569, 350593129, 3032367965, 3357277319, 2248894694, 1157219046271705088, 3092194948, 3092443319, 28162211, 16686144, 1172604799520522243, 14345812, 1015199105839239172, 4100400976, 849335700566749184, 937851862866374656, 960129281270665216, 1042902562662502402, 37042180, 874060801, 613672536, 604048269, 746399141144707078, 520633364, 916680834685554688, 1170864641486053376, 1169794026272448513, 447221102, 1046703699240910849, 3254911726, 1070232869669343233, 1124400386943725569, 1036617375112679425, 1064408551857291265, 1165762515973935105, 2873814423, 959856676890398720, 1210520172, 871101298212556800, 232924891, 3938635173, 4795483642, 1065713420916404225, 3381067449, 890640356710248453, 240236217, 3458742736, 2924609978, 3402146475, 3023766914, 4708218153, 3394572525, 3981474022, 4110865403, 3070756593, 705362103671062530, 1118221840198066176, 1061006670652948480, 1062475366726598656, 1102139691510439938, 2394119439, 1086312057388044288, 1111345859717931013, 1174663277537837056, 991397989339066368, 1176162338900250625, 1152305932392632320, 1088792226682019840, 1033727555050848257, 809504648616964096, 848524803740925952, 3882075861, 256775827, 1867423140, 910423134058270720, 1068194490, 1169220385856008197, 556652943, 275708464, 2345059698, 114178223, 161440887, 944167761881812992, 254653961, 456798362, 2997071140, 2615368044, 1007740654259236865, 86949652, 943802806854651904, 259252196, 243770125, 242939158, 905739604912992256, 947551354582650881, 824246214048829440, 1107884150374191106, 1021809591003303937, 590058899, 4175315361, 352868888, 794939220880199681, 982595665, 1068158180608409600, 1260255704, 890712455411900416, 897368868884291584, 482476715, 932430930, 953053682, 282065689, 261609730, 211932358, 150578679, 259680702, 1145001696, 1139612204, 891448122, 270056523, 2441609198, 14216661, 19000033, 19636948, 12848262, 589308885, 74186967, 16397147, 373683618, 16423797, 18999683, 180000404, 407395156, 132945170, 37935680, 24185568, 252794509, 103959028, 28405485, 285198313, 168712343, 23600234, 98685863, 823703354, 17193324, 360630242, 35764601, 2295271932, 26029357, 33068663, 20732032, 247448902, 34676583, 258930059, 196611511, 3108317230, 169769013, 263721362, 727948682960592896, 546209862, 16864209, 329107565, 38393473, 17846762, 2383783141, 19462877, 153085446, 48824637, 15145732, 969854873540931584, 555103984, 3208000462, 1351063634, 429391235, 1172585862363852802, 23745772, 193090598, 494027712, 1563103711, 1169229537730805760, 749836830, 1078192482, 14072761, 568825492, 354133033, 430313116, 2210710508, 4100050719, 2795934237, 1001142468040187904, 733661001002803200, 18164632, 23424509, 398797997, 560936253, 105103721, 253213737, 222642262, 78319491, 77252599, 259325103, 202647483, 2414833700, 1088884020308525057, 1686862418, 482353209, 227653209, 2414812230, 777688963561693184, 3834878728, 1097919870400909312, 2704538372, 2541044737, 16743561, 16733175, 2447433031, 347430183, 8736882, 6433472, 203123011, 3216871042, 1620220746, 1044603931496779777, 4099028248, 2373735295, 2196349652, 1083290850522775552, 273989113, 268191776, 82377994, 789474378, 163770896, 103841782, 837387420, 534307928, 252751061, 1141488542117322752, 217749896, 80820758, 1976143068, 560628457, 2796422286, 280973617, 368980703, 1110890216, 109263459, 847396122, 62747302, 16717501, 951480480, 104227735, 14353202, 157981564, 453030125, 438355707, 21387354, 147512019, 380824639, 98853413, 145935897, 2963731179, 38480298, 170081233, 268047932, 38498866, 313477893, 1686660054, 376422078, 2153723652, 136320005, 3058666047, 2515367600, 976621066859794432, 908513688784658432, 804296170210267136, 3396397342, 1303720952, 2907076171, 63674691, 746086653542940672, 348650529, 249142578, 1146573999830441986, 1117410682054615040, 1037772984147165184, 1022159515272269827, 17525027, 375783685, 86628652, 254941497, 4195542203, 823516964, 28784606, 2190690667, 988775272634814466, 555136602, 1179769602, 1095906564, 262935056, 458672959, 1387201488, 1166787389815238657, 217181037, 86107125, 815120954, 20955192, 119129023, 246341742, 328903649, 759203995, 194268352, 29761241, 248161310, 3054113493, 114235871, 1633652774, 814907329925828609, 192929401, 168826960, 66780587, 21441630, 515674291, 796140180231098368, 226175033, 205566516, 305496005, 262868861, 2954089838, 964195781208104961, 1161057482728452097, 838544397620903936, 432124788, 1431013681, 841232552, 864464284063076353, 973777587091668992, 200562107, 1709907247, 279023062, 100320522, 270622245, 481071092, 40621384, 282220110, 3342911129, 481609647, 1113430736089038848, 404999475, 633669083, 1045137127380537345, 489296156, 280669637, 975031615591256064, 2946753318, 501999604, 6975832, 70735224, 44907307, 3360914474, 446487660, 1002058355974852608, 247227134, 782806500, 1282992704, 2550273602, 772368, 1030951787287732226, 354330485, 963894757259988993, 3292915064, 1058308059473297408, 835094497260339200, 1110880281437847552, 3039268516, 783969938142859264, 744348821736529921, 881365687805104130, 154708617, 1665475375, 278530768, 1034141225421561856, 2260383145, 360497632, 1109174775392415747, 3298329980, 3194767183, 252648551, 217129230, 2987448628, 705806473897635840, 999268456062210048, 992305547843194880, 3437812870, 848199690, 249372620, 3248031282, 63256123, 242206071, 3066058181, 2510646928, 1157552515786903552, 1123652439830343680, 1482003498, 98171528, 1145080946875670528, 1138940796663619584, 1162267693849833472, 3281004648, 879700334, 26491179, 1005422441492082688, 4743471580, 341169260, 8510412, 32939851, 1602335282, 593847755, 373111728, 569003257, 210942699, 21001013, 66036908, 108701392, 461184460, 242673662, 255596200, 1036220551143059456, 47184134, 801488042, 22856750, 13745872, 710876784951214081, 4453302874, 41230226, 251031919, 722465334456922113, 888306226764935168, 318239742, 2355072042, 2890061180, 2714921106, 159184902, 2873624216, 243260426, 1003103205537050627, 785925582206988288, 3912877828, 1613379265, 908922261519966208, 1097831168010080261, 1058661954858954752, 949028564996952064, 14260960, 12993222, 22930902, 993234070585962498, 997386169385213952, 1081299804435763200, 1063232620241305605, 937792958920822785, 1159205852177469440, 1102127141062356992, 275423516, 245264726, 1150065055284830210, 544819364, 1054542030175723520, 382286556, 3378141321, 2774629571, 380471022, 537139515, 810675031, 225344708, 1343013738, 1055968423820382208, 558982443, 2224879871, 2320873614, 2435645281, 3318693700, 3318652817, 1047953129126420480, 1571258378, 203424656, 106203727, 253688871, 1568960600, 135254970, 1017405939245375489, 1541727181, 369128114, 122150936, 305022602, 92788206, 2949390160, 1413060816, 1249392882, 2154375577, 784010721847832576, 15168040, 1354601634, 72280875, 968477555861925888, 940938863790428160, 115711568, 112967355, 125296735, 1052156854959296512, 2974466243, 977294089459830785, 1045700791913320449, 2201181, 258864647, 267046460, 834066503980945408, 912317697291161603, 23483816, 29059079, 303020189, 24399357, 17944853, 873566560278990848, 1014648924144009216, 565152167, 23584609, 25019745, 121514648, 1102949079607316482, 2459609448, 14713787, 104532480, 2196335228, 707279982997991424, 70425256, 2419191913, 254456208, 19262500, 15484198, 74721676, 15699801, 304148808, 141255641, 341779932, 706744465, 391587455, 263728080, 1701525704, 2264314422, 575555647, 1679319458, 2199645855, 200538497, 598241193, 293223521, 1413419281, 617716746, 151664481, 284489365, 1858729111, 12791412, 422110189, 543785249, 994512049, 456197104, 228748833, 315120098, 75475665, 259248463, 1563942596, 266638901, 272168843, 168093878, 570996245, 755947410, 321808260, 463076304, 267925694, 1187916932, 732734755, 29070629, 437321091, 583589920, 1339976190, 784323133, 350412299, 1238960191, 260295749, 251738110, 269512392, 856380769, 162265926, 444543403, 705198662, 290767757, 412325537, 246268717, 270846694, 1215676459, 373925433, 443529185, 230758716, 3108351, 199565083, 1276050631, 1307766084, 1064906840, 1120736058, 16180909, 1094692116, 223073305, 926658781, 296663621, 479756411, 228111301, 416685811, 256154088, 142448536, 775404703, 231128479, 403394804, 173620450, 14423451, 372582296, 280420027, 470703648, 168675661, 971975958, 275282733, 364054027, 965391043, 205315932, 814873350, 1117304671, 151688106, 296252870, 258942105, 529371629, 42320186, 263728438, 630855229, 1117603490, 120818389, 445374275, 71516564, 271372949, 1008526526, 250598311, 240307495, 25333609, 231805608, 266837071, 261421358, 446620011, 620644563, 74529179, 293079111, 497788324, 68087683, 321289331, 376537159, 486023178, 1040286912, 620483863, 431922802, 635654161, 391163597, 954035226, 243365240, 349957835, 1006173564, 48294884, 584858391, 1027532264, 267993581, 1036874162, 252617274, 774528018, 366930139, 499233514, 1019465677, 283665184, 416713955, 195516356, 123910041, 249555403, 37516559, 396252418, 251739190, 72326479, 50966671, 479651460, 382620365, 243492691, 794552838, 902607991, 985927118, 83980316, 944919799, 310048866, 582256233, 360711608, 80910421, 904196982, 38454978, 232925769, 447632134, 66450555, 72540874, 80600798, 362019851, 168622790, 16688821, 150804266, 140879424, 16093104, 118198263, 384948266, 382603414, 307257492, 467896770, 475006179, 338848541, 252248316, 577781391, 591455583, 317872759, 558885335, 51852542, 77473785, 169558252, 174668854, 197886488, 67058206, 268390354, 242302402, 82431899, 21440734, 495434352, 200595365, 86975600, 89771113, 98634641, 18922472, 23796987, 75312734, 124618913, 21687022, 26872682, 123878965, 97870708, 223818328, 379425245, 122771789, 1024329026, 236034110, 927351564, 259266292, 254687065, 246335101, 17018343, 250137978, 130887366, 22476600, 11562822, 304653031, 68964626, 78391438, 58766925, 201681996, 34382731, 6479252, 264505528, 284652829, 248379691, 252944640, 40223107, 748409948, 6075292, 148274324, 296980166, 778370484, 272842493, 183936362, 827072340, 888333452, 123084128, 57742392, 31114386, 231076071, 106970167, 485730971, 102277041, 316312895, 118992217, 88015113, 214633767, 502755787, 521255661, 435068938, 17709178, 248291955, 183345252, 149915877, 549592658, 50618793, 283449945, 383173197, 327929005, 575906967, 21081020, 497884103, 707032844, 546077406, 239636299, 232317070, 550388942, 420771847, 613549094, 324622175, 811549405, 143392894, 19325369, 25261709, 252833625, 181905925, 11196812, 18725815, 252098153, 222420022, 16624525, 246941860, 201659978, 122962453, 241520457, 39705013, 183981867, 312670027, 176229420, 533443623, 8286812, 462970014, 248246813, 242380980, 16714879, 164343354, 267693755, 951787123, 306177301, 54569329, 139746430, 246406064, 151940265, 380436145, 470066028, 163149460, 974283481, 222083838, 249081765, 401250468, 280996498, 250584341, 906644018, 89534691, 294806698, 167050566, 246225482, 22739285, 248545453, 361238311, 359855979, 771580724, 161700892, 82106759, 300138469, 597447431, 376691967, 822418338, 467786524, 985771502, 973887564, 36912852, 244250747, 292333526, 283448154, 125139498, 273604129, 349117113, 129972826, 18729130, 415461922, 266925256, 257155988, 73529539, 250683880, 246335879, 134594888, 359427136, 341908704, 152194546, 314926857, 368399529, 51264901, 920390185, 320700444, 9930302, 305909076, 128628690, 17170977, 23588075, 338700802, 536108136, 269244557, 8317952, 80898912, 52695697, 131840144, 258821733, 515766854, 15108702, 25562002, 14584903, 330506567, 247258813, 255757340, 450438905, 16533448, 699293, 216359011, 75036696, 277476640, 50431603, 418987975, 418972772, 15726962, 11316572, 8220122, 50698743, 23475538, 556104349, 294561217, 474126901, 250510385, 285575561, 927421452, 850069728, 263395732, 761273863, 28064760, 151455701, 40838461, 301031367, 247009765, 8457092, 80583602, 86635068, 126249403, 6056392, 89663070, 18833257, 45313351, 429518127, 292447173, 69048174, 495211516, 148644929, 349682018, 625863139, 323269451, 350342530, 65929802, 70184966, 133843156, 595792852, 168093060, 105537454, 251733260, 236576525, 561454815, 930243486, 939164503, 611171128, 758927606, 370190121, 371861738, 553532807, 863100564, 863845717, 882143492, 703817695, 319652885, 220588212, 157113432, 383713849, 204034227, 560239774, 380237353, 220179709, 190163284, 20511329, 245019407, 889737097, 920392574, 584093139, 414316749, 282251277, 750047778, 379487563, 205591036, 211765893, 228168714, 291139494, 304570122, 80266528, 336851152, 47087274, 242435607, 232631513, 246553938, 446493543, 295852803, 272355392, 300049606, 591249906, 786081546, 173575418, 56047798, 436032216, 267468863, 603004023, 284804449, 262222255, 270237859, 243344141, 50593725, 92349752, 312586606, 193189639, 420767539, 324049175, 421859162, 44084633, 385434112, 338910187, 204622064, 19967557, 264312798, 24670390, 377990772, 46144269, 614449988, 9252622, 51061750, 118668821, 246243087, 2235111, 18864435, 276551227, 143449318, 369021210, 889703546, 759472688, 47459700, 70964484, 36375825, 91193025, 143528416, 7280572, 15836703, 289998339, 156675496, 124190867, 104244407, 48478025, 16926550, 41353531, 102448827, 76791547, 85433682, 19690667, 14500608, 296441287, 326507095, 319811804, 47634588, 24993557, 475886188, 468586060, 858011418, 246646013, 45709648, 181274929, 873749886, 53329352, 265299560, 532863204, 348269660, 33344290, 301998990, 69349836, 303862036, 241694977, 261232011, 40561655, 26354659, 212903082, 593295366, 460210929, 578146495, 247439348, 253975010, 55303016, 364148636, 553785251, 259049528, 167609060, 33162177, 589664105, 46158614, 46247180, 244407087, 393297963, 371828235, 286153268, 279580179, 581799204, 14125577, 243658174, 201667223, 111856889, 78593879, 247384177, 256540426, 310166756, 420440107, 519425256, 564613375, 101528278, 154837205, 108944698, 9164892, 131271637, 37502019, 353469582, 772402310, 379395669, 86688050, 450582381, 49934786, 312137183, 152014217, 43937371, 268617729, 243119621, 404672494, 262172824, 320385351, 379150169, 400764120, 587300825, 602840003, 395860476, 408823762, 323063034, 113474316, 494601449, 397929204, 242793870, 421605453, 154627162, 2204711, 572105583, 59064715, 155638011, 339995041, 250232023, 804805146, 293644168, 729277788, 248800148, 257822108, 14314858, 179392188, 137045236, 514996164, 320954038, 159918537, 251737814, 198786710, 418731150, 174786304, 194911597, 133929829, 128919924, 710782592, 240745193, 346634744, 265376535, 298282502, 230124660, 294622365, 130130814, 106861068, 386647600, 49552337, 337859468, 367947960, 36932286, 18601609, 167128661, 246648128, 445552645, 296488356, 81885178, 373113149, 18899176, 635883116, 155937198, 133299096, 631510704, 245710556, 146179274, 243412621, 215596066, 8633982, 274650112, 100706139, 356831977, 402615056, 407032001, 51484467, 369188235, 271947854, 370169208, 257459561, 426836886, 180092934, 549185294, 261743873, 580690277, 394183850, 154831546, 602116880, 327556272, 295057187, 624227889, 17564905, 52383377, 337033495, 326030596, 404291569, 174189809, 252359088, 268053193, 118265300, 14548347, 522103171, 294728485, 15188997, 167352466, 62650320, 148073286, 257652337, 40005385, 521967559, 97033227, 69242982, 196107297, 223684402, 333298483, 212914154, 240031928, 275702563, 246275656, 109786381, 226616077, 264164202, 24744541, 19243413, 69061257, 87187435, 133663801, 44144458, 69060064, 69060527, 276605327, 69344798, 34294667, 38395124, 36932487, 34867057, 36383320, 29701712, 31444568, 308944868, 144868128, 261843920, 94789896, 162138001, 715259412, 298627291, 338314810, 306441198, 452345959, 166134102, 7527852, 136002930, 303209611, 250610373, 420423710, 201978694, 34059522, 598753184, 801091556, 258485695, 32821272, 588729204, 245904583, 423836500, 467602306, 230003818, 307538362, 249409411, 19697415, 35993261, 248413557, 262785033, 354675210, 380685511, 314760115, 42278126, 382740462, 256879413, 110714850, 76945884, 94379247, 99602319, 275576176, 597443769, 451992545, 341949552, 8098562, 267190859, 404071799, 50461242, 202872841, 89927527, 57989379, 60032756, 47613, 72910458, 77496542, 4007281, 352771628, 38258672, 291012942, 30254305, 424552548, 1305251, 745984153, 539383, 32848439, 8135452, 218679758, 229095452, 261047829, 281742936, 359357901, 280615076, 232947606, 43114667, 568666524, 252224511, 33485597, 245098388, 304534517, 272498598, 357487383, 32223937, 250889686, 8423302, 488154751, 21273874, 627893, 390673692, 101108084, 122656618, 237008031, 62386839, 312838262, 86963748, 15635108, 120585019, 203654375, 208546349, 12256442, 417415246, 351780011, 13598222, 242663500, 10228272, 237477533, 263475932, 12745892, 130115796, 290704315, 274240477, 248523079, 242466647, 322953191, 275008413, 242656943, 39777648, 49558353, 134073667, 101704542, 45796503, 14523787, 603071130, 248647484, 635253805, 48144886, 582443034, 122714097, 262457844, 351371644, 264394737, 49096674, 159131750, 251229043, 435736762, 580012646, 139038669, 258069347, 799869116, 242722113, 257986573, 114909490, 94638396, 101677248, 637388866, 295113790, 382435113, 285898032, 621155207, 720904129, 348691849, 199748654, 518822419, 236708347, 252662729, 402553717, 291429451, 55312035, 440226047, 751743, 36637698, 55484650, 85018579, 47897519, 130533425, 162467538, 435189628, 796838880, 293464866, 181664259, 797926220, 438711738, 416395788, 139669094, 95023423, 308381529, 312867386, 781084670, 14642277, 94989844, 111700438, 180579144, 27314505, 369513492, 82665549, 82678419, 259776725, 14513512, 467422520, 538285556, 16122373, 105796992, 266511716, 617193034, 46076929, 79563256, 343877269, 703446882, 8560862, 14645744, 279298995, 79047782, 35750871, 260546309, 247878947, 180798800, 147273657, 36774033, 14332713, 61195390, 462278867, 610192056, 290178890, 5536782, 257278894, 324324094, 152763573, 460464400, 407145177, 11505772, 139670833, 324896218, 409950362, 254987988, 142533358, 173605575, 625901023, 135065054, 455986864, 279747606, 90284818, 218445299, 225932718, 369377230, 221025853, 441642221, 543552530, 58443692, 247408480, 24236494, 796074, 299334175, 736276550, 79189250, 210821481, 445837775, 502100789, 398676212, 6135542, 631524200, 380591899, 385291247, 434531777, 8283682, 264969913, 255949459, 339397079, 417283199, 234155021, 14473806, 10146112, 50671243, 52705362, 138168663, 205887871, 138486034, 294416005, 242517829, 248422733, 266710172, 335837653, 76379893, 264799669, 254607922, 621925878, 490210575, 270419256, 420285181, 104191305, 257928550, 426573854, 567116338, 250130084, 15489536, 55896553, 248375483, 183321820, 80274550, 78288474, 238273736, 342394935, 334274672, 497690136, 429727579, 616254169, 259868951, 42205837, 53060013, 387152191, 241543509, 339928897, 269925726, 552715771, 253412317, 336767829, 589678485, 3419141, 40336052, 122436999, 616456603, 47326500, 45831035, 281474638, 51396258, 354857023, 431930266, 243183613, 411414234, 501115632, 323584491, 512433698, 235984818, 23096405, 399407210, 247322379, 263694092, 358576369, 253813678, 119888775, 242913582, 50534938, 243337805, 339579618, 248565028, 144105935, 258642340, 383061055, 69673402, 434499321, 306098909, 252172570, 323407866, 250839367, 218450963, 256677745, 92529443, 86696524, 48037752, 315476193, 454243763, 268874987, 20682530, 40099065, 1140451, 61826424, 98334197, 243105929, 355080957, 53632197, 163338755, 526343521, 363246406, 477243113, 608583, 323462063, 248131931, 367864157, 424377084, 52112333, 492957508, 241328973, 251770860, 265539265, 380974015, 74232288, 264162864, 309138603, 184741023, 19825831, 242317227, 109515629, 234683774, 161716607, 269598373, 479934667, 203268081, 250532585, 261421770, 150845688, 157662935, 436898705, 246247686, 120041884, 356756640, 218459529, 257225734, 199749033, 107704850, 219827776, 170404511, 155342273, 326700528, 248023950, 73740493, 277185802, 14785459, 44335525, 21675256, 18472983, 341091478, 271996811, 58038488, 118628474, 208450889, 256830355, 8886412, 17201382, 196687896, 18342121, 8652652, 248614638, 61897513, 78256945, 261051503, 418802085, 71383364, 97860593, 181042975, 95336197, 301055030, 18286001, 148908696, 16269977, 328628143, 23609660, 247448654, 458301345, 227472614, 348379865, 18771495, 24032302, 468183947, 243736807, 172868717, 91871100, 460023908, 452478500, 555846370, 49749690, 246558367, 178442432, 297856522, 318723419, 307523936, 302157037, 85371918, 263823528, 95245562, 254944635, 49371994, 409612373, 287786827, 266324523, 343932712, 605900419, 418955274, 18893196, 418727455, 545369909, 254261490, 254555455, 261759465, 36412963, 102361333, 104557267, 243370053, 358269356, 443738297, 46744791, 51686076, 574460242, 409628396, 97859707, 253243794, 298729757, 367589981, 29022956, 274026905, 271422744, 9201822, 261711787, 14315020, 23424286, 280711600, 259924375, 562412165, 33516401, 441182067, 477935124, 201512685, 593468644, 99308104, 125786481, 189289554, 15967606, 185491722, 264139756, 268506527, 30288680, 283068083, 137718284, 299609829, 140012965, 531267233, 487899222, 128237043, 424557392, 106204010, 155883526, 18949452, 310590217, 55156489, 491895707, 258328638, 250515896, 307211986, 248423085, 344461025, 83634472, 147988360, 356156143, 273993163, 79791464, 55574001, 248298172, 248603430, 134887156, 14266331, 19100952, 209087553, 99333631, 340877984, 18739310, 88833601, 94706088, 148682439, 206664512, 189817580, 222651437, 342153847, 23079148, 254974218, 325210109, 252081545, 211848704, 50474332, 8752562, 35428478, 318867389, 260929190, 425262778, 453773341, 273950082, 3655491, 53917728, 246751953, 98221968, 16807459, 569341755, 130273505, 420586083, 269787777, 256919866, 353324181, 246710783, 277207441, 18305840, 160405217, 251009806, 163144853, 42898786, 52800906, 554199123, 144486471, 378604570, 261744157, 257501479, 55508917, 50674121, 245496497, 10870872, 373230928, 374786962, 139050027, 8806142, 56377143, 80573898, 375988807, 308672157, 253949393, 405046004, 285823361, 303874806, 317878405, 258899759, 277981191, 19583370, 97999053, 79725786, 17316885, 45362075, 14368483, 59126044, 150989766, 48094796, 263008177, 492939935, 250889311, 263759958, 232363470, 523900974, 583194531, 19908776, 208368328, 81619752, 262125327, 6017542, 168663228, 51082361, 419638586, 245171734, 783214, 39621814, 310871351, 19446041, 25049177, 34221744, 263838832, 19749894, 44450457, 191371055, 55804521, 344896066, 275517461, 444077833, 86385190, 288752121, 267954805, 268869960, 368333435, 247499661, 14407142, 74120884, 56205479, 372444350, 12599812, 246207069, 155133590, 118111028, 69564237, 92481789, 247756869, 205094271, 376463072, 49300565, 246637748, 5910552, 71249339, 419455755, 146028580, 304195119, 97020964, 221393952, 126688916, 255380758, 126736439, 481198529, 49062122, 216813693, 192527868, 14642442, 274626857, 417765781, 416210271, 284188832, 255874837, 219473702, 223930696, 280165457, 256146405, 439464413, 282151705, 256358510, 8129122, 352545891, 114280653, 154498594, 20120818, 166670571, 383097276, 53352742, 226342883, 303749095, 296137313, 509223726, 490797204, 359306281, 316343948, 496796414, 281229717, 276597792, 391655688, 170620083, 431610683, 340299943, 351828162, 37601291, 49881357, 251482675, 236448541, 280172306, 351059116, 401285549, 337977698, 195659379, 378164655, 17814938, 333647995, 435539421, 557696041, 372527272, 297419374, 50323634, 217263597, 294772939, 275988724, 52352074, 148515005, 370512955, 170719452, 85530957, 450101827, 49942706, 63352795, 114300510, 49100356, 55293663, 302563359, 339770545, 263155051, 387596535, 407184128, 512579026, 107154272, 19019298, 47961162, 186441686, 186101324, 41814169, 155949831, 219255067, 464892754, 54325931, 68483043, 377953047, 334977254, 275558381, 254508038, 286312619, 232592670, 562577276, 46230433, 533846036, 169582007, 16379264, 434685948, 249748300, 172663970, 337230683, 367010861, 327722701, 552592666, 468456898, 551129338, 504865524, 327348508, 376706048, 22256645, 51241574, 78010944, 313586173, 14159148, 141641586, 329800015, 314838551, 247853809, 355137956, 464611189, 243764489, 488285719, 440067897, 190258941, 340199014, 158345423, 327919260, 177728250, 467901405, 424534062, 131230809, 246259197, 184731952, 239073705, 246733092, 498603580, 441472587, 83590349, 248861527, 103038072, 258307818, 251574434, 370110414, 417068854, 61479700, 479937201, 260205453, 39897996, 137353605, 123187931, 325728500, 301120393, 23303594, 38226126, 131605132, 519913030, 19886908, 282596094, 15127584, 28816901, 29105689, 104163036, 60576219, 148711787, 142827393, 267024410, 307506940, 19394188, 267052946, 66591836, 265904510, 14567130, 232708218, 159512330, 59175799, 321860938, 472105218, 285130231, 97232128, 1921671, 15862891, 1046661, 15110431, 18058609, 22019881, 16616061, 19658936, 14592723, 15587500, 27922157, 5402612, 14293310, 2467791, 428333, 807095, 15134240, 14499829, 25928253, 20154668, 160299349, 25443514, 29730065, 106895787, 32431468, 475198223, 8016242, 54292707, 439878961, 43860152, 23573083, 348857725, 332552997, 267218707, 483186707, 131418979, 466368318, 104816884, 413537658, 230548844, 122969292, 61264994, 375890746, 103591569, 197067959, 140053842, 12524522, 32336536, 255060948, 314552752, 162715412, 399238564, 15193144, 41181758, 337968352, 131078441, 130549988, 279438019, 233875417, 279955952, 317685162, 40375945, 255953339, 49835769, 33475795, 77072285, 133266187, 409284180, 175883705, 5520952, 201867696, 246540531, 452625782, 250002597, 256733137, 221080645, 221277556, 16589206, 10215102, 375208274, 258009215, 1652541, 303449901, 46699784, 102760961, 7489012, 135832261, 252087336, 265443940, 373289126, 242245578, 204742161, 334865866, 1183721, 109065841, 16525183, 25048816, 187876729, 66652679, 130179790, 113482250, 72749562, 256511691, 282705059, 269248729, 101438422, 42207855, 261636064, 59893177, 260664856, 29979814, 46401677, 44136279, 4008771, 33933259, 15480982, 50393960, 61163285, 29956249, 16164520, 16153562, 14361155, 3459051, 26463111, 13201312, 340446786, 195717009, 123818564, 52067288, 364959699, 144614309, 131900327, 284560456, 20806569, 247824501, 49251491, 177863526, 1170101, 22685200, 45835766, 60598920, 283599082, 242804263, 234786786, 14897936, 9055752, 294214351, 77745816, 191379199, 306381881, 381939231, 169274239, 266093898, 242684157, 47763245, 261791506, 230288829, 263125568, 34430135, 14924738, 262299947, 19074053, 347390380, 325833975, 89221733, 66959303, 74694859, 162248086, 23188724, 165901642, 165908624, 36636494, 58091515, 15196372, 119360445, 242987073, 42196320, 188194727, 110681593, 288295262, 166566887, 173635658, 125700614, 14159550, 269225854, 189591533, 330698836]
"statuses_count": 19858
"date_followed": "2020-02-13"
"obtained_tweets": 3037