"screen_name": "RyersonGraduate"
"id": 763024688700358656
"created_at": "2016-08-09 10:50:36"
"lang": "null"
"location": "Toronto, ON"
"time_zone": "null"
"url": "https://t.co/BGc4mvcCiv"
"favourites_count": 1104
"followers_count": 308
"followerIDs": [3545001792, 1044607999396896768, 1004381268342202368, 2883593333, 14286136, 15607213, 753113841530273793, 951248029, 371489355, 1062778436266180608, 1167914034, 487803549, 1226931531303849985, 2378471726, 21723731, 974815748328710144, 1225061559594033152, 17921219, 1069480320120967168, 2777047212, 814964440336650248, 2398636999, 286289614, 787208461, 1091454153757519872, 63606625, 2651220451, 2246349551, 971786888641171456, 1151204973159563264, 1220259311307218944, 3204554241, 337926310, 983478406955192325, 788473652190834688, 36984672, 1219662192292913157, 877490932131692544, 3402121870, 859067798, 1218365461810884609, 1067235077287866368, 974530885, 127334655, 3306005770, 94331891, 1217959363505262594, 788118682241228800, 2771424650, 771428254645358592, 605965132, 3774449242, 1426972316, 966144288613548033, 2539706393, 3594222132, 62565793, 187663347, 4354484597, 2759989952, 1069575433400786945, 931577839152975872, 1148905981348368384, 27538037, 2179878947, 1166684215041241088, 1358332406, 433544016, 273478376, 593103995, 326881710, 787027924209852416, 189158047, 3313735200, 1013821571977416705, 1031677994, 404900467, 432989319, 4875018527, 463101996, 390817176, 1595621418, 610035296, 917137956, 2384749452, 935330128149614592, 961665922892263424, 1109286874646876160, 2800516102, 3620455520, 1196807485761425409, 236850162, 419884510, 1199473750737072128, 98930750, 1194086445822205954, 979010593150693376, 1084871874272813058, 1199178084139851778, 1175225787684970496, 2746299282, 2181555068, 613778365, 4085167642, 843142691089252352, 17351455, 20615708, 788129654314037248, 1198718861786390528, 2888099231, 1198658474051280897, 33939515, 1034209588990468099, 1198009402898440193, 1197989344478482433, 1092180677833957377, 3405599513, 1085757056223666176, 108735725, 25821012, 232677522, 1197222357095583744, 469643942, 1009045484919549952, 235213723, 537749972, 29014732, 1192918884753530881, 1107719123331629061, 941322126, 282740126, 1962931488, 80666794, 1194443155715825665, 382278161, 390536025, 1051758088263356416, 3306201767, 3002019016, 1192626901971558401, 782237250469920770, 842589306879320064, 31107866, 72749180, 1156027050953601024, 352417668, 23074915, 730094723415805952, 1044674111467909121, 2936496134, 359631750, 67290071, 3103242162, 339798950, 2764195707, 357001526, 1583287813, 348684018, 1115298816759095302, 1462550396, 3827937562, 713119541623136258, 3424962707, 437292191, 3344513709, 708778494, 736035800735965184, 58510108, 1012764563631169538, 308719850, 3170120872, 459444512, 589997551, 45305280, 831701499529015297, 2961261339, 1482982783, 47244806, 14941291, 796416849781129217, 598427681, 2574333657, 876943412, 321381593, 97709361, 3222810703, 321587678, 1179087186735648769, 25544675, 973007576, 752974124, 1013255673747070977, 396243064, 107177201, 469022103, 849303840818167810, 1016489295413116928, 46496801, 896438531689766913, 62164268, 960708149178073089, 454002733, 76430340, 384998899, 277012501, 249798002, 2828228108, 2400498972, 955494792695181314, 23852010, 3730098207, 33647015, 728042184855924736, 2280865237, 92127919, 206751412, 91361637, 586808345, 1176204680554323974, 2776775090, 277231146, 981953271131725830, 473538853, 1141395134304665601, 1103448190999715841, 1174788220330172416, 316548271, 880818478755831815, 1072168003763138560, 1174703840555405313, 324383397, 600498381, 1068738978478739456, 1478304464, 3782983036, 1174483237168721920, 842007068, 703109550, 727122362362159104, 351688038, 4871998253, 1329320538, 309957515, 1174099780022263808, 260514690, 1596087493, 31156649, 1003089794, 4832695634, 1952210774, 3652703354, 377556484, 27961017, 857760756128985089, 589557358, 3699313705, 3001839437, 2697059406, 1171916702189326341, 85694630, 1241688648, 3400791371, 774359669607428097, 599715192, 868894002711601152, 745740331, 740675599870660608, 802580515694014468, 748633868, 428440956, 755116305884274688, 511672630, 172352150, 769944052418633728, 38991320, 526587020, 2564530915, 89978478, 69742372, 139736597, 15330428, 310042400, 280251879, 85433625, 1087371109, 2614779691, 924369620, 417945603, 1105907892992004097, 302079682, 779748849992790016, 239261825, 2868869166, 133555447, 842111328646971392, 518932996, 1105938812851679232, 755445642265329664, 839338704, 1563151004, 1074831619, 18776647, 1029152244405555200, 1027343383742881792, 382171562, 700499376674766848, 326811204, 890611620644368384 ]
"friends_count": 146
"friendIDs": [1858351962, 165781081, 781558474857668609, 1020146132608081920, 1167914034, 2997205073, 27986888, 371489355, 357028463, 21723731, 13301462, 2974904457, 366882263, 1483398570, 22328434, 139736597, 126759241, 113152969, 2316083982, 705447356649644032, 4519617857, 36984672, 2784520128, 877490932131692544, 1067235077287866368, 3306005770, 153833108, 388258064, 1217959363505262594, 19120978, 605965132, 788118682241228800, 761589104, 385105421, 1044607999396896768, 1199793758495236097, 3424962707, 3433220662, 239261825, 1034861788641280000, 2888099231, 29014732, 4226889214, 213410837, 467124072, 1595621418, 390817176, 871828102724427778, 2800516102, 710472374143963136, 385190078, 845968426011119616, 3620455520, 20615708, 135181226, 368535820, 762221473, 146198816, 175471321, 80344952, 249798219, 248037857, 382278161, 152443417, 3306201767, 166588796, 197533427, 755116305884274688, 730094723415805952, 23074915, 1014589979660562432, 917137956, 339798950, 1044674111467909121, 1583287813, 1115298816759095302, 3083002802, 469643942, 736035800735965184, 76332033, 2284100936, 123575972, 293135293, 2280865237, 275521434, 2961261339, 321381593, 1171916702189326341, 97709361, 1100152284737085440, 779748849992790016, 321587678, 752974124, 2828228108, 626696755, 933021456048574465, 896438531689766913, 1087371109, 182381802, 771428254645358592, 2776775090, 1462550396, 711752002477412354, 425937399, 92127919, 905059567, 93517438, 107177201, 249798002, 390536025, 727122362362159104, 987849932, 1329320538, 2697059406, 3364663558, 300219761, 286289614, 150678439, 459444512, 4875018527, 1523681, 93261135, 160648011, 365581151, 1241688648, 2387779777, 139525231, 235213723, 1012764563631169538, 172352150, 39564949, 2149118852, 4354484597, 382171562, 280251879, 22364669, 868894002711601152, 236544098, 210568127, 42090423, 69742372, 143526837, 1563151004, 326811204, 277012501, 18776647]
"statuses_count": 437
"date_followed": "2020-02-13"
"obtained_tweets": 437