"screen_name": "SMH_RTC"
"id": 1044607999396896768
"created_at": "2018-09-25 11:22:09"
"lang": "null"
"location": "Toronto, Ontario"
"time_zone": "null"
"url": "https://t.co/8vq01DrXj4"
"favourites_count": 23
"followers_count": 57
"followerIDs": [564667836, 1204548495522385920, 763024688700358656, 46520272, 1100639984854302720, 2752200919, 1194686318795620359, 1029546323609976832, 1182524705603031041, 84091246, 1171811251430858752, 2379055584, 1169777349157629955, 309989728, 724637306112626688, 139475991, 1094653536103776257, 584049478, 66681342, 1141330481453117440, 1125479425984872449, 829991110399377409, 1092947364229263361, 1129379897334554625, 234079522, 332451203, 2999141565, 393082655, 2374724269, 2265714292, 1091891841908109313, 1095024757777387520, 966312521815805959, 1030811672, 959066098363637761, 1017942879371714562, 1017400757648220161, 1064356568211300354, 56856752, 1010202527957073920, 2668395036, 1020314349666164736, 1008384581408608263, 743071503642566657, 1107021240, 936257496230002688, 2162611353, 1033832635716562944, 256347863, 4853508605, 1016489295413116928, 936217237953884160, 937916263589822464, 3226634739, 250866163, 250531048, 473124723 ]
"friends_count": 100
"friendIDs": [763024688700358656, 46520272, 917137956, 834063850576175105, 1100639984854302720, 2752200919, 2379055584, 84091246, 1171811251430858752, 205329390, 816750443464392705, 3152186729, 724637306112626688, 829991110399377409, 1092947364229263361, 587434819, 286289614, 386530608, 393082655, 2436114739, 2374724269, 268802145, 3774449242, 1092870525574094849, 3985877735, 1017942879371714562, 1017400757648220161, 254127731, 920031203066920960, 1020314349666164736, 2668395036, 1485195212, 250412506, 1107021240, 966312521815805959, 936257496230002688, 250723895, 984570647006367745, 60793455, 548173404, 2663098944, 1033832635716562944, 970848918, 1030811672, 1020501232132141057, 256347863, 1010202527957073920, 20187065, 14617444, 27922157, 1016489295413116928, 38489678, 38530021, 2474050352, 102143400, 281300635, 592772727, 594223726, 609102917, 107457451, 38499984, 2162611353, 937916263589822464, 936217237953884160, 125834669, 98685863, 717021547475640320, 1537306098, 1613694198, 64013641, 2157632437, 1360644356, 1483766666, 594288484, 2254327887, 330630151, 17803556, 3252897177, 3252086326, 3365988905, 1310671363, 183467878, 2573904073, 2265714292, 3891654257, 584049478, 1031004494, 716241000, 743071503642566657, 473124723, 3226634739, 250531048, 855162935399911424, 2578847864, 757774178, 627468004, 1598565476, 959066098363637761, 80029523, 234079522]
"statuses_count": 82
"date_followed": "2020-02-13"
"obtained_tweets": 82