"screen_name": "sranishmeen"
"id": 2378471726
"created_at": "2014-03-08 04:45:33"
"lang": "null"
"location": "Toronto, Ontario"
"time_zone": "null"
"url": "null"
"favourites_count": 103
"followers_count": 2
"followerIDs": [2468205031, 1700814978 ]
"friends_count": 182
"friendIDs": [365581151, 80344952, 175471321, 385190078, 357028463, 763024688700358656, 363056019, 915046067535716352, 1251921217, 373479995, 2707085628, 19462877, 368535820, 194172085, 8736882, 917100433, 243679064, 17537057, 50393960, 275521434, 19402238, 106470258, 156645608, 17248121, 11348282, 1325216912, 511402689, 1046661, 1344951, 19722699, 14199378, 16580226, 16895274, 1636590253, 360709542, 2683617466, 934906352, 427541176, 65585297, 13298072, 476050022, 26846261, 276987783, 2993230373, 1223101, 19290052, 14647570, 12848262, 17471979, 234393944, 44196397, 17842366, 20571756, 14130366, 3368370478, 2851146208, 15521075, 1334647314, 3424962707, 17537467, 2826459672, 267399199, 771428254645358592, 3351357587, 845968426011119616, 256360738, 182381802, 380749300, 860624274083774464, 122007070, 2319261674, 19636948, 21628531, 16463984, 822215679726100480, 18910324, 813286, 253340075, 25073877, 52188923, 19377913, 19025957, 2196922086, 16372127, 235213723, 94566255, 1071368468, 234395010, 821814254, 1216360442, 1700814978, 15825547, 22832997, 84478909, 207626462, 106176977, 39728435, 135553041, 463933187, 16295454, 142338997, 179551512, 179555829, 136031812, 189240250, 417945603, 164319085, 23074915, 4354484597, 66711552, 504020426, 360522480, 606316615, 97709361, 2383792388, 917137956, 102391534, 172352150, 44674447, 259849352, 3371027231, 193164537, 1563151004, 2454705451, 14713787, 829455038, 210568127, 3351429311, 300219761, 123575972, 18776647, 2259556614, 353277471, 4145545527, 19710792, 84321709, 135910698, 88856792, 822215673812119553, 30313925, 227032547, 233561717, 3301972365, 239672340, 382267114, 4741340971, 633700705, 218275421, 415584036, 120106749, 88735060, 26492499, 305620345, 326837007, 113390772, 241209647, 117184436, 197444578, 139959617, 207773069, 26584441, 429080410, 377982188, 153806065, 36375825, 104532480, 16364684, 121514648, 325703197, 17032646, 41353531, 253879157, 14260960, 44699893, 84718924, 3254046406, 91193025, 102448827, 135062529, 29873662, 57709461, 82311638]
"statuses_count": 21
"date_followed": "2020-02-13"
"obtained_tweets": 21