"screen_name": "ZahraVahedi5"
"id": 814964440336650248
"created_at": "2016-12-30 17:40:38"
"lang": "null"
"location": "Toronto, ON"
"time_zone": "null"
"url": "null"
"favourites_count": 709
"followers_count": 97
"followerIDs": [1024712258885050378, 1097531188338552832, 1158824401397256192, 1209005368354861056, 278163869, 506015346, 321587678, 413411165, 1188497073001373696, 1026401900906917888, 48901415, 214483566, 17278949, 1054162979904573440, 412127943, 1190366825869193217, 772983822623408128, 745265504, 976663703390162945, 885953601067208705, 807342163, 3154709373, 1154697234191147009, 704264983950041088, 22277496, 868454788362534912, 2680778838, 1137479743715127296, 877717296231403520, 586808345, 794704812998856704, 407580132, 321955693, 1520688804, 1105938812851679232, 919389503432937474, 936121195, 2328867625, 1141021894373761024, 2828022700, 1017162405367906304, 868894002711601152, 1080313468362809344, 839984631931891716, 1130759769973772288, 844964943879426049, 997162707257319424, 224819669, 514312683, 758478778398048256, 1042492586483691522, 2776775090, 50874008, 1105907892992004097, 130323370, 43732801, 926308711651475457, 1004824910219210752, 1036040622304415745, 14904461, 858068439273005066, 703000662091689984, 3312317120, 875825840877121536, 912720257130942464, 3912676769, 875104138966827008, 3176800714, 4223338942, 3298574972, 450069159, 866439936815374336, 603600137, 3300920153, 182381802, 862355586020757506, 857228904385445888, 2861252051, 833019193100533760, 560373222, 836990389122973698, 1496470692, 485719681, 802577317025447936, 4005605284, 64010211, 355394841, 847455468, 740675599870660608, 2818672976, 3818846415, 4420560329, 1063813423, 2302295070, 484082773, 110288838, 1087371109 ]
"friends_count": 163
"friendIDs": [2596578522, 1024712258885050378, 1097531188338552832, 1209005368354861056, 1158824401397256192, 3190250935, 321587678, 763024688700358656, 413411165, 62926741, 1054141644772003840, 267721687, 214483566, 17278949, 1190366825869193217, 2537768928, 3612211822, 772983822623408128, 285698560, 33964618, 26083046, 35366398, 62565779, 1054162979904573440, 976663703390162945, 2789457827, 4848860457, 807342163, 3154709373, 804955748090478592, 885953601067208705, 282645350, 2964545961, 508463562, 704264983950041088, 22277496, 2680778838, 1137479743715127296, 955605884960493568, 877717296231403520, 1130057449, 586808345, 3341626108, 794704812998856704, 561541671, 80750540, 384650167, 1593354438, 1105938812851679232, 919389503432937474, 2282606252, 756656266085339136, 936121195, 1141021894373761024, 1080313468362809344, 2828022700, 844964943879426049, 997162707257319424, 1039327674030649344, 839984631931891716, 514312683, 321955693, 758478778398048256, 2318213621, 1042492586483691522, 20367146, 50874008, 986269503955832833, 1105907892992004097, 332967893, 1017162405367906304, 130323370, 1697588209, 926308711651475457, 1036040622304415745, 14904461, 1004824910219210752, 858068439273005066, 43732801, 531697681, 262424781, 2328867625, 194159907, 4144473225, 24277376, 3312317120, 868894002711601152, 912720257130942464, 83330531, 875825840877121536, 18776647, 875104138966827008, 3298574972, 28567809, 473897988, 866439936815374336, 525413893, 603600137, 275521434, 27034775, 745265504, 832682391323832322, 862355586020757506, 811988927040978944, 30023101, 47087325, 857228904385445888, 787093863328460801, 59268383, 21027242, 102768569, 836548849, 2851146208, 836990389122973698, 182412496, 3912676769, 1891806212, 2776775090, 1061859804, 1496470692, 26689687, 744046387365560320, 2792359799, 4005605284, 740935048283758592, 355394841, 487772099, 525785424, 604416116, 1560875191, 259403751, 15521075, 2255297864, 404946566, 17387342, 110288838, 484082773, 847455468, 224819669, 4223338942, 2302295070, 15492359, 4420560329, 425937399, 182381802, 371489355, 2861252051, 917137956, 3176800714, 3818846415, 3300920153, 64010211, 730094723415805952, 740675599870660608, 450069159, 413467724, 6433472, 1087371109, 1063813423, 19636948, 2818672976, 12848262, 1223101]
"statuses_count": 364
"date_followed": "2020-02-13"
"obtained_tweets": 363