"screen_name": "aidantrabss"
"id": 988206138436018177
"created_at": "2018-04-22 20:01:18"
"lang": "null"
"location": "Trinidad and Tobago"
"time_zone": "null"
"url": "null"
"favourites_count": 7206
"followers_count": 167
"followerIDs": [979063990264483840, 1227745458237378577, 3268092572, 743964491428179968, 1185147047659364352, 1215786219143036930, 1164605992811843585, 3497106087, 1217243637077233664, 838069191219490816, 1216428915583045632, 861280620835725313, 957620818862837760, 1105422890294538242, 1181319583061463043, 1085975961420660737, 1054073597956898816, 900125304903127046, 3190270182, 1070075551908532226, 626683179, 131346265, 974448961183535104, 1079263329619795968, 1166002318858510337, 1017788837014245378, 1149471632840200192, 715911016459145216, 1128708882233270272, 1140438982498627584, 1156794023769755650, 1149804993693790210, 1152041592527773697, 1138272449739526145, 1122178075087835137, 874466127354658820, 974783373121028096, 1142835481337634818, 1114668041072197632, 754898842135298048, 882686778934689792, 2844286307, 1133285412930281472, 1092914893542576128, 1042370921762304000, 739538939170545668, 796085071849652224, 1129360414784069633, 1123334162822385664, 1085346179238580225, 3265953662, 1126272559442481152, 947256327537070080, 2473139641, 1398407785, 1122588341201985537, 1051139060536893440, 1045634519477432320, 1117977597986648064, 1323443046, 1116129944361480195, 938145201029308418, 1084842602338369538, 993625324071071745, 1107668790052077569, 1015638811420823552, 1034577644652830720, 952837502037000192, 2866231097, 1095180547574431745, 1100496331888574464, 3112382249, 1095880872618872835, 1095877074462613504, 1012105047977521152, 3694578738, 1050563902206042112, 3224221704, 1068984979408003072, 968520648724303872, 965751885620809735, 4455758660, 1001798818638295041, 2823086691, 920172910391779328, 2738538586, 1032406262363959296, 1051334328364470275, 857011468767813632, 1051129389491113985, 731887484829859840, 2668780406, 1032046975112364033, 865215912, 791434397480263680, 1050728261968429056, 889601464267673604, 960673351768342529, 3318062100, 876973782128353280, 1042237232093044737, 1041041659100721152, 1039333788780781568, 769505573909897217, 3903060145, 1032650546275078145, 1547672071, 993981521487912961, 722965011748900864, 968133597424177153, 2370612158, 1024531111370792961, 972278596101341185, 1431629174, 965909321673576448, 984176051688439809, 790712862, 4447927392, 864316510151606273, 1018198549736181760, 899781153493790720, 1014059295724441600, 2988058738, 1011305106850045953, 1010597346667909120, 1008877310479687681, 1008092271412174848, 4579819230, 1006382443467825152, 1334831630, 956649402348834816, 884551776149569536, 814867727504523264, 2726309920, 1525813974, 908501088692789248, 2914631589, 2250872791, 1418256805, 994711073369608192, 718642866944278528, 2431411078, 943899393790480389, 779771789157117956, 3247110424, 974069227157155840, 786026239068733440, 887732278188814341, 920377551645761536, 907349395498311680, 2668717764, 1169066966, 2343769191, 2242768965, 893607904351277056, 4633160935, 979196285508046849, 2500796915, 951259533506220032, 905889254508777472, 952397657477132289, 3434209966, 974459607358853125, 863403609626726402, 1665830970, 971241020443824130, 964897505191264256 ]
"friends_count": 163
"friendIDs": [979063990264483840, 1227745458237378577, 18776647, 487736815, 743964491428179968, 25073877, 369583954, 3497106087, 1217243637077233664, 838069191219490816, 1216428915583045632, 861280620835725313, 1181319583061463043, 1085975961420660737, 804947858, 3167222692, 1054073597956898816, 31047836, 352495511, 1028016705895899137, 900125304903127046, 18379614, 3190270182, 1070075551908532226, 626683179, 131346265, 36465468, 974448961183535104, 1079263329619795968, 715911016459145216, 1166002318858510337, 1149471632840200192, 2877269376, 1128708882233270272, 1156794023769755650, 1152041592527773697, 1138272449739526145, 1122178075087835137, 874466127354658820, 974783373121028096, 1114668041072197632, 395477244, 754898842135298048, 882686778934689792, 1133285412930281472, 1092914893542576128, 1042370921762304000, 796085071849652224, 1123334162822385664, 1085346179238580225, 3265953662, 947256327537070080, 1126272559442481152, 2473139641, 1041276537461325824, 1398407785, 1122588341201985537, 1051139060536893440, 1045634519477432320, 1323443046, 1116129944361480195, 938145201029308418, 1084842602338369538, 13049362, 993625324071071745, 1107668790052077569, 166747718, 1015638811420823552, 1034577644652830720, 17995040, 952837502037000192, 2866231097, 1095180547574431745, 1100496331888574464, 3694578738, 3224221704, 1012105047977521152, 1095877074462613504, 44196397, 968520648724303872, 965751885620809735, 4455758660, 1001798818638295041, 1051334328364470275, 2823086691, 920172910391779328, 2738538586, 1032406262363959296, 857011468767813632, 1051129389491113985, 2668780406, 1032046975112364033, 791434397480263680, 865215912, 1050728261968429056, 889601464267673604, 960673351768342529, 3318062100, 876973782128353280, 1042237232093044737, 1039333788780781568, 769505573909897217, 3903060145, 1032650546275078145, 1547672071, 722965011748900864, 968133597424177153, 2370612158, 936037768832176129, 972278596101341185, 1024531111370792961, 1431629174, 965909321673576448, 984176051688439809, 4447927392, 790712862, 1018198549736181760, 864316510151606273, 1014059295724441600, 1010597346667909120, 2988058738, 1008092271412174848, 1006382443467825152, 4579819230, 1008877310479687681, 1334831630, 956649402348834816, 884551776149569536, 814867727504523264, 2726309920, 1525813974, 908501088692789248, 2914631589, 2250872791, 1418256805, 994711073369608192, 2431411078, 779771789157117956, 943899393790480389, 718642866944278528, 3247110424, 974069227157155840, 786026239068733440, 887732278188814341, 920377551645761536, 907349395498311680, 2668717764, 4633160935, 979196285508046849, 2242768965, 2343769191, 2500796915, 905889254508777472, 951259533506220032, 863403609626726402, 974459607358853125, 893607904351277056, 952397657477132289, 3434209966, 1665830970, 1169066966, 971241020443824130, 964897505191264256]
"statuses_count": 117
"date_followed": "2020-02-13"
"obtained_tweets": 103