"screen_name": "ChiMyfine1"
"id": 1180513736458752005
"created_at": "2019-10-05 12:05:26"
"lang": "null"
"location": "T O  Canada."
"time_zone": "null"
"url": "null"
"favourites_count": 11215
"followers_count": 187
"followerIDs": [36809304, 2941688403, 991187411630780416, 468931557, 1204709597384232961, 342539236, 1228053001832730627, 1207359551181348870, 366612188, 1225426033287028737, 309705905, 1082798784420200448, 863940492848967680, 1227838775558098944, 1143963272464310272, 1220537535245496320, 1219740909685878784, 1212841719680471040, 1225702172299448320, 1132041828977524736, 1224118210620022792, 19413611, 1216037171670458368, 1226241446136684546, 2654133976, 1218399819410046976, 864292394224824321, 2940224836, 1220837267519963136, 1182283249093136384, 2497648472, 270454514, 719004151, 1190248533875658752, 2800426447, 1222790380631932928, 1224324857481125888, 1194826530750377984, 1220879333650325505, 1224045484400136193, 1222267114469437445, 1223021282972692481, 887232377235415041, 1209871022041829376, 1468484904, 983934977262809091, 1186455898237083650, 1881151730, 1057421009710653441, 2308575105, 1191115060464291840, 1219823539278106624, 1031080727536984069, 1221398744018685953, 1133344840324984833, 707628064734388224, 798152792355393536, 3291242941, 729493046744612872, 1169057595803332608, 134623910, 2934608288, 1127987660788850688, 498392326, 1160173181996556288, 1180086307919405056, 50776601, 1006296601307033600, 1077180458348224512, 1015389506, 1028783540463386627, 22018221, 2610211243, 1215931272075337728, 785589034437402624, 129809330, 1217680087673212928, 922541029089099776, 1198355094758137857, 2788025441, 1445417424, 1171013309266575360, 1217878322031550466, 3424477101, 1938495679, 1218631952028372992, 1214552350532214786, 16072199, 1216058306126581761, 2641724077, 1216499861496815616, 1214322778981179392, 33983254, 1197888138670198784, 1039643608402616321, 1151918185853177856, 997620077599035392, 1182814160675069959, 153252061, 2816791780, 166796183, 1215234217837301761, 1210529109786480641, 1178205277277044737, 1166679060715646978, 1044686486287917057, 29407886, 1214145400308813824, 1156174712931790849, 1191086099864662021, 1211292228468928513, 802184729235554304, 893298248160620544, 1131158520664154114, 1037399262756331521, 1191912163557826560, 960847372304637953, 1102323496837881862, 388174749, 2849311514, 909250055218937856, 106260641, 1196449494088454144, 839376748273860609, 1184129997050695680, 210684204, 1186632903012343808, 2158398478, 1184889503728709632, 141664648, 1204947504611155968, 1204790736954286081, 1011053720841478146, 1204382093045837825, 1075100039356272641, 1171517768048369665, 2263032931, 1194947835587964929, 1202983384202518530, 3403005111, 1190218601665585152, 178970763, 1199327316394086408, 1200073708729196544, 1197560508443967493, 604261155, 1186553159990120449, 1155397750462341120, 783385992753516545, 3260012071, 232442415, 1172594765008969728, 1064959003388719104, 997825992612818944, 1196237007040794626, 1188789239380692992, 1196136337625272321, 1162421203828707330, 1194394758950641664, 303552797, 1089143737631027205, 1195749116464246784, 2213056747, 1192337543938875392, 1179802395015925765, 1142558129478967296, 1452511446, 1182465137212645376, 1120670464987127808, 3378703857, 1129838412087922691, 1702117308, 1192834150727860231, 1192774731050684416, 403179950, 1165178779255345153, 1172281802624589824, 1191508948425281537, 993140989907881984, 1186584273312272384, 2968290821, 2155747086, 4715941881, 1187690277789675520, 466514153, 705480020484100096, 1121077293412040705 ]
"friends_count": 378
"friendIDs": [456763567, 223916227, 335387598, 268998200, 68066488, 2813606342, 61942776, 23678636, 743155992997691392, 468931557, 216961559, 2372580596, 132966315, 44183316, 115105973, 923947363189784577, 150067230, 209077059, 115628224, 43903245, 22445157, 18776647, 1006968353359925248, 1864703725, 744986044853026817, 26257166, 176400389, 1141136372, 456988174, 122990934, 18139461, 2557521, 336093827, 19013887, 29463928, 1164888761194418176, 613177701, 15962388, 19506790, 122127786, 1029414099912994817, 49648915, 754668522710720512, 704326854, 139831142, 327603737, 255684761, 1120499768, 1126004070, 771574449585819648, 773280684173463552, 95476998, 299926319, 905769996, 78763632, 1081307642549714945, 97739866, 430397794, 33587536, 169518031, 273712377, 261046499, 6613972, 1037738468972154880, 372959615, 731492792, 195450194, 1016199162, 22084977, 26557459, 1523681, 581321788, 3917175193, 324116705, 322173676, 1149838376, 1245742442, 427793960, 74566774, 309340221, 487020892, 616606686, 560893760, 29403387, 1406732240, 55749605, 297121216, 509806145, 1159939326538637320, 22178780, 43658360, 36065128, 349157263, 1337785291, 34396691, 203132018, 16581604, 1339835893, 16973333, 353178677, 2584213500, 575014349, 238319766, 92337777, 105211981, 216401711, 33583496, 785876233, 8824902, 818588522, 16212685, 27698202, 17248920, 28133800, 38531995, 1180086307919405056, 263090427, 176485973, 14770568, 982105080353574912, 212256947, 407135938, 74458149, 26553086, 36935647, 17329538, 123479689, 29498970, 20452161, 122261841, 380730306, 17266725, 28370738, 25009180, 4760694445, 17461978, 2237952289, 27762612, 274778644, 244612749, 415704007, 621377417, 59189438, 1027351783071346688, 39253470, 70740986, 82455213, 104889178, 34082810, 177139537, 329636054, 125053276, 133880286, 430145070, 1104327972, 162869667, 597897111, 27368199, 89554306, 1546561830, 24423418, 1325242020, 62203990, 451225462, 21806473, 359099321, 40519997, 41908847, 27553579, 17389318, 130997057, 29442313, 15764644, 216776631, 357606935, 207496691, 1067491944, 16729099, 3196494064, 2891740872, 2848993491, 344634424, 216533096, 241243353, 41468683, 371539066, 18915240, 44527648, 89014429, 98584746, 221573745, 38491229, 435400449, 16225240, 31869934, 3383587455, 138534793, 14500608, 15754281, 25589776, 40076725, 9695312, 28206390, 588486669, 269552973, 16302242, 182422417, 20710809, 27083523, 198084264, 255199842, 244800486, 17874544, 23967578, 903010735105740814, 19397785, 34418203, 1656505459, 821699497, 753792894486675457, 182161200, 22976125, 53643297, 299448712, 275050636, 43403778, 21761627, 1164469015, 80649366, 19426551, 322233489, 193843928, 1195370804, 168767461, 515722353, 52135300, 115682368, 151112363, 739417207, 1222639789, 355708717, 7517222, 259925559, 239691739, 38234856, 1445171978, 2396677714, 15537451, 818874618324783104, 16826656, 821814254, 1108050829393707008, 303806325, 16125042, 256678708, 153307097, 36155311, 550483516, 27487343, 29264626, 905957528432979968, 1733558454, 339317307, 45055696, 1380832861, 4303808242, 222365692, 224221596, 80094297, 63122247, 3269359705, 330590874, 2242915207, 1063034450, 36240413, 8839502, 23083404, 733170759829327874, 4836947526, 76834934, 366592246, 2248855666, 806681055889485824, 267425142, 2157497975, 22146282, 844935144, 713143, 560350106, 31504542, 22910295, 79758113, 18481113, 783214, 256808322, 318095329, 506679880, 202970326, 42562446, 26270913, 19362299, 533085085, 28173550, 442026896, 17073913, 14498484, 15020865, 7401202, 229112092, 3306734902, 185283040, 22185437, 21308488, 2842841126, 91478624, 807095, 561832401, 2809959174, 80480330, 339241519, 24185568, 2279776304, 19853312, 25084916, 249883918, 512613427, 571921833, 19678937, 23762005, 77354708, 50004938, 707354300, 53853197, 19564719, 14260960, 59471027, 31126587, 24109979, 18336787, 72475439, 198975780, 377723724, 443668407, 35982046, 20265254, 19077044, 11026952, 18371803, 180503626, 131948686, 113712551, 21698940, 1250121462, 12599562, 16311530, 50811932, 89760824, 14063426, 188039706, 32453930, 73412535, 1725137533, 56443153, 155674676, 28066436, 252663106, 23970108, 72339761, 18194219, 19041357, 20793276, 21332348, 73406718, 55594930, 15846407, 413802355, 575451034, 277056881]
"statuses_count": 9010
"date_followed": "2020-02-13"
"obtained_tweets": 3195