"screen_name": "FazilaSeker"
"id": 1187047685032960002
"created_at": "2019-10-23 12:46:44"
"lang": "null"
"location": "Toronto, Canada"
"time_zone": "null"
"url": "null"
"favourites_count": 2235
"followers_count": 189
"followerIDs": [221274453, 81855337, 245157270, 896375045047681024, 1226958747387518976, 4161161165, 3108317230, 897642869057478661, 19560046, 732188942586531840, 802993619850260480, 1213246989913092096, 1008782621013413889, 1417456124, 778712992577822720, 821469728, 923967431978098688, 1004388425938751489, 837006919013449728, 973681153793077249, 1123813103018364929, 17331154, 1523681, 2569510890, 1423847714, 358819941, 4869563735, 1219285766020521984, 932168154, 1219333132043870208, 3338846758, 1113351137292427264, 3343370272, 1202474540137205760, 209908647, 807337182, 1902313286, 2324669974, 1206280791644348419, 1371305041, 1174057143500230657, 50040892, 1158022643846668288, 15624715, 1207649010003009536, 718350368, 1199732240281985024, 744696897902776320, 2225466961, 3281500212, 417765138, 1201317785508466688, 50175405, 39346859, 2427492366, 2225193372, 1192480406542548994, 867159448065912832, 15277415, 38722208, 1109931899244503040, 576672781, 2887068935, 17667981, 1179426375410884609, 1196822335954792448, 1203979861217427456, 2574093716, 988164863963860992, 1004066408630808577, 181442349, 267133372, 1335270018, 619657581, 34978821, 3921744732, 2991362021, 1085555059717492738, 1174789086026113025, 1491752665, 1157355668006768640, 1573873243, 1188881853157130240, 1479656232, 1201028829797634048, 1163418573370351616, 2257558088, 2976571337, 922651433241071616, 3021449388, 1058691623004110848, 14155350, 1084891728304398337, 1032381885987663880, 3828522267, 32263266, 2690534948, 1077703100834725888, 1099867811390746624, 826032094677782530, 1153197993711067137, 2848749030, 43626051, 258818409, 376383372, 1132694612, 1102634579138150405, 975090938283544579, 1188620911076921344, 1196400510011527169, 1037532260411396096, 194146435, 537560091, 1186748791438925829, 2432381543, 1150364598601695232, 880096565150527489, 1197402275125190657, 14262217, 2509986463, 1023711138318614534, 906190822173024256, 1876186514, 710322269147566080, 17721902, 293581108, 1038433972966121473, 991787751681986560, 2328027895, 19462877, 197501338, 715209479076372480, 1146748903, 50411679, 1121560454608896000, 110584503, 1597467217, 1185125660244639745, 163557210, 930958626038145024, 1184069195224506368, 1113650483711733761, 1208695604, 26138182, 538145202, 1447081075, 36455168, 1152744631802589184, 819658055369498626, 857948313659637760, 3234811015, 963137715490435072, 15704958, 971763945794162689, 270544210, 1690881512, 242862147, 2712758946, 1173711805916569601, 17590445, 69311511, 345062377, 1094001161571586048, 12277282, 955915020054953989, 962138655883124736, 73436353, 482743044, 1700732461, 3422815169, 2608570804, 2557214269, 339171152, 320828400, 17941504, 2812236411, 858020247210774528, 908754247977750528, 235170725, 235179521, 4165542317, 280192329, 3707510662, 826391822779953152, 1018885248279384064, 15157939, 344143982, 904861723, 44184445 ]
"friends_count": 490
"friendIDs": [18776647, 18065266, 508157770, 1172248865602441217, 197615160, 1112690784132874246, 462021312, 2174780612, 4161161165, 1624156206, 2972541035, 401469367, 974302188, 1087693674870300672, 567648345, 2349691311, 1087734401922990083, 961046764714364928, 733933898, 17331154, 223605846, 1523681, 2572726727, 50107566, 1423847714, 1219285766020521984, 867270622417625088, 2893702554, 14647570, 18905119, 959074945144967169, 987321611329130496, 866464244124057603, 795138728218021889, 3146588841, 1417456124, 3343370272, 59549863, 107585133, 17101093, 2324669974, 365708449, 184267106, 2206352222, 1482479442, 1860479593, 2474299694, 2822854877, 1869418345, 768063254, 2230890222, 2474139426, 3313050211, 731898852756836352, 850272360519262210, 721420509162942464, 1546714688, 2613558655, 757768447367544832, 1902313286, 38224802, 348053697, 711295204754460676, 3313702022, 728272490011693057, 209908647, 335825182, 21228716, 2516164608, 312800783, 2332354080, 25816369, 150799669, 50040892, 572062434, 1158022643846668288, 15624715, 372572406, 42495288, 29977461, 14497972, 12848262, 3094175810, 3130815094, 821469728, 29547412, 183467878, 927243341120512000, 1367039168, 931536622117584896, 843520700535201792, 64846020, 582297625, 939503114, 591972450, 1123946311, 2225193372, 589313653, 721524470696030208, 39346859, 2212735524, 855372288455311360, 405849059, 175735226, 707320155349639170, 92598271, 852162560484937729, 2427492366, 806257453088305152, 2320968638, 38722208, 791273134208999425, 1034063260729978882, 1491752665, 3143433532, 1128534965560303616, 267133372, 758176732990046208, 2428903304, 31073292, 2805800390, 213810541, 2340386725, 88581667, 27295244, 282761637, 347967572, 190337035, 140892603, 105181465, 10989152, 19410955, 16664681, 921911336, 1945212828, 168783827, 922651433241071616, 1947314816, 1507336795, 21676073, 891045206619021315, 377425889, 721028592159723522, 86970530, 110739746, 46424522, 107502030, 14155350, 31177547, 130594307, 71432974, 1403807852, 1032381885987663880, 17044026, 572704004, 3828522267, 1179237658423365632, 970670230262501376, 12511062, 573706365, 975090938283544579, 1132694612, 24236494, 361414619, 54976890, 44716765, 330036521, 998217177122660353, 256593856, 996883478254882817, 413308631, 710841870172221440, 1056049862700089346, 1037532260411396096, 857948313659637760, 1045012954935173126, 3301823301, 811227203488940032, 937491364446638080, 312163444, 1067463601542307842, 1021754911627853824, 194146435, 2225466961, 747719293136179201, 1016756181430398978, 1017436853262168069, 952254953086750720, 1087782045621911553, 968245927730450432, 19560046, 23962323, 1099867811390746624, 404920570, 744696897902776320, 873622160853610496, 2318955973, 977271436862787584, 1118537511289147392, 2281166800, 1136209467870236672, 787841219728666624, 873643426415341568, 711861874229440512, 76033992, 1170181049009098753, 537560091, 4751362395, 839965234378993665, 1150364598601695232, 1176690282848538624, 1565672671, 1085621335173332992, 431586713, 867159448065912832, 1188620911076921344, 39478054, 1186748791438925829, 1189543823053086721, 1117875755046842374, 2275168969, 9420322, 991787751681986560, 65251293, 28405485, 59143817, 1328162480, 2752200919, 834063850576175105, 37696233, 258930059, 1568960600, 982000605186142208, 821814254, 84091246, 1469906371, 3236457505, 2812236411, 821699497, 2213195276, 197501338, 21970060, 21444887, 1664481236, 1013105310167453701, 947115258459586562, 305708199, 60633599, 2873783301, 1574736918, 251800979, 577385558, 2451621259, 3196374317, 842182700790366209, 163557210, 753231321053401088, 78373210, 930958626038145024, 32951278, 316134826, 1447081075, 974609209, 2365642543, 20572414, 26138182, 1208695604, 127200735, 1178979078, 39475490, 767877585707540480, 32908477, 1113650483711733761, 20693661, 941759782079393794, 28597735, 1704771416, 1125030562610274309, 15411998, 1922385271, 24537541, 35306978, 132644052, 1027258247412150272, 994318631914889217, 1109236665300729856, 1690881512, 1022770916, 2787604953, 40071538, 715209479076372480, 271073560, 242862147, 25492959, 339171152, 299484105, 15704958, 3281500212, 171731400, 44614314, 19077568, 221775604, 1173711805916569601, 43051682, 14550448, 36455168, 76023409, 44800896, 19557681, 7446242, 32132651, 21411180, 20772268, 25115308, 778647051978539008, 908212200640335872, 962138655883124736, 1109128247789395968, 864375020834914304, 929582049580564481, 921403503905517568, 1018433222, 955915020054953989, 838389180484898816, 16173254, 2608570804, 325880831, 593033988, 1037589788, 1382601253, 2509986463, 592747402, 3027287638, 355924282, 826391822779953152, 2314087860, 15245706, 188370282, 1013780700804337664, 69311511, 142937787, 850736551877267457, 14691200, 3415037892, 134819121, 150794946, 345062377, 14282672, 481527232, 1909375862, 68659708, 235170725, 235179521, 1700732461, 966757671360704513, 908754247977750528, 395950208, 3844416792, 73436353, 517219350, 12787442, 3311328981, 14262217, 16356675, 18170896, 16150688, 38530021, 19658826, 441052871, 14774712, 110584503, 700712936516378624, 737477204, 3291438365, 461565117, 12277282, 2230344584, 3115854416, 2456732700, 2432381543, 95273513, 971763945794162689, 365720964, 820199072, 918123900470480896, 15157939, 89768177, 821437199040315392, 1116407501212270592, 3707510662, 16271281, 16827492, 285198313, 1121560454608896000, 494232447, 1018885248279384064, 1241943127, 14062554, 40047360, 839936975125819399, 757592079367303169, 31192524, 34391787, 35835138, 1858252141, 999714362985103360, 61013534, 2161769610, 29787193, 314216196, 846870596835266560, 2880750378, 17442457, 234786406, 4157936663, 3062751203, 280192329, 1547273930, 4127912357, 153085446, 1979568631, 19462877, 344143982, 1217261454, 824037403, 3226182652, 23022771, 20992429, 258818409, 14617444, 2778609876, 1377886994, 78060290, 432717755, 16027500, 20187065, 160604032, 183254309, 121131407, 21295267, 1118906641, 4769527298, 358819941, 106526969, 21795874, 200226529, 2469080190, 36074354, 909923193799839750, 22516132, 31002593, 420627651, 309163953, 381723196, 325568204, 887136013, 2829265331, 247395947, 854781932764250112, 2724205207, 904861723, 366708569, 111588355, 29344080, 1061799730831876097, 16244789, 20163699, 36048046, 21768109, 36683160, 27872162, 2715659808, 16722167, 1630911319, 72876791, 3241331553, 48831594, 588597874, 54949696, 86137896, 266507266, 402274600, 47724438, 67434846, 199038830, 50116738, 203030946, 44184445, 31445431, 26308916]
"statuses_count": 840
"date_followed": "2020-02-13"
"obtained_tweets": 840