"screen_name": "fix_th3_schools"
"id": 1228036931763810304
"created_at": "2020-02-13 14:23:37"
"lang": "null"
"location": ""
"time_zone": "null"
"url": "null"
"favourites_count": 0
"followers_count": 6
"followerIDs": [1150845814266220550, 1196145975938748419, 1209173472556900352, 1081214219989716992, 1216047452408700929, 1073951189073608704 ]
"friends_count": 342
"friendIDs": [715753168118874112, 117274820, 19546529, 20115751, 14420319, 8567762, 2510772589, 2905128746, 16743256, 804100399, 15245617, 19981845, 11442512, 191723833, 63163393, 19446296, 18776647, 28453440, 27103822, 47559603, 22266871, 27147528, 18458348, 77235516, 122059354, 28161251, 36943804, 16870421, 23450421, 402846264, 26203004, 18165866, 762288787, 35751496, 19401276, 17871369, 39585367, 33474655, 168607383, 36131454, 293709920, 962197608, 131144285, 960794857, 81812518, 18783501, 621423747, 18036441, 83358795, 48289662, 73121583, 364232862, 37891106, 50444870, 351099511, 1665823832, 252124716, 127898773, 23789694, 266270514, 21386704, 15300300, 19762368, 12319392, 40034679, 57028997, 184006847, 26716388, 21676886, 23799457, 409713189, 121858259, 123285926, 338336958, 158035366, 18076353, 26598667, 500738134, 132249230, 41643124, 776677885, 176854850, 42882462, 80651045, 900984947275571200, 18084046, 22626892, 16582975, 37901188, 24135332, 50915521, 28530337, 190729674, 366265802, 41474889, 15464253, 20103339, 15946645, 58816162, 31537951, 15300222, 18002135, 17470110, 225052010, 16825083, 16515067, 14414574, 12127162, 176878617, 34755840, 179551512, 16739814, 45897573, 22624441, 44104395, 36196223, 41679716, 113087760, 17240179, 16311710, 65778845, 844499324, 95227144, 195719276, 214147859, 22132266, 23505547, 23754208, 16348294, 78060290, 245521554, 34590070, 57100687, 17294738, 15353955, 28359028, 1202033696, 103007313, 27864285, 263275709, 479666165, 1047563411398299651, 976984301429448704, 3043488709, 20782817, 763103619780456448, 969631156940496896, 388882982, 60978959, 2749342313, 1122544057, 341759197, 56860878, 40030048, 480746467, 24918982, 40264569, 431114084, 112813165, 19750679, 743839216883339264, 298121424, 97025525, 71612422, 718459371621982208, 1557981014, 1113367158, 379365226, 226121193, 304438569, 64408373, 69426633, 575513182, 155914549, 69211434, 42311547, 1150845814266220550, 3031194273, 1063520860567408640, 3089148333, 985503421376684032, 1124110029118951424, 931884912059277312, 3348682214, 373924858, 3313059636, 710908939857166336, 1209303655, 1129473150, 1665425882, 1196145975938748419, 988528969581449216, 2744125891, 24866502, 321364274, 4759124156, 372407986, 1975808978, 2830221382, 1689210726, 903602390628270081, 4211911703, 714369523, 3441120312, 1071727028, 733999250, 80945440, 615637369, 1673829528, 547951262, 2800108141, 1308501782, 1165816763713556485, 1151166127978008582, 2802180944, 1081214219989716992, 182938227, 2657612310, 1032551674068561920, 1153415736515342342, 979524049188487168, 1175058322690662400, 1157390385791897601, 936315836788346880, 2816131316, 1650143497, 1013872881951010816, 211619975, 745359123017957378, 2753130386, 983471654604099585, 2734381824, 4026402621, 3942688577, 1149050019695214592, 1154117684864442369, 2743360122, 1030184508488908802, 1156417888548294656, 1017265666670264320, 4925170941, 2892287807, 981902847150194690, 703616527296167937, 1048687462892146688, 3315191606, 369076951, 909117647996030976, 1221932576, 2308513976, 967063340823531522, 827534034, 1051593773954846720, 4850700123, 939623736625520640, 101862717, 1105934519385968640, 2806484884, 1103034481466900481, 166662043, 89273224, 998977991584763904, 3327522014, 606309202, 767797623684083712, 95458079, 78037412, 19295233, 894920642717528064, 21109556, 21603956, 834087638, 4226038992, 793485065124655104, 3307873940, 1117574995, 1072178486398410753, 3407205492, 22495620, 39561856, 40957401, 2690815741, 25436618, 625836139, 43970353, 529390910, 107760421, 465860291, 63497206, 392742140, 55118251, 1615699639, 55135031, 3008214386, 390225431, 26926819, 63268295, 31446113, 102365065, 415250082, 22330615, 1037050474187374594, 971440464070144005, 23796987, 84079993, 20098129, 26742941, 91156290, 14207848, 1090038507169558529, 89552596, 3166722445, 1167449699277770752, 1091043084891230208, 78911286, 1013192597190467585, 1952491718, 29286409, 904757424, 2655629383, 3307459819, 4888508565, 19720630, 4567475472, 89217856, 735478917562130432, 761861064, 408077053, 78344568, 885528897001062401, 748954106576793602, 1158821474872020994, 1002217646555836417, 747996447023345664, 703612807, 3171069846, 2729676020, 3804290292, 1944264126, 24754711, 557972552, 1074360342]
"statuses_count": 1
"date_followed": "2020-02-13"
"obtained_tweets": 1