"screen_name": "kaeshis"
"id": 1227983093677600770
"created_at": "2020-02-13 10:49:47"
"lang": "null"
"location": ""
"time_zone": "null"
"url": "https://t.co/G7PX2BkuYi"
"favourites_count": 34
"followers_count": 8
"followerIDs": [1103991768985550848, 838494005453340676, 949659176501989376, 1213002186814181376, 1001238393764769792, 903353355371732993, 526873424, 714539096920592384 ]
"friends_count": 54
"friendIDs": [362477407, 877987845398573056, 988490488385888257, 838494005453340676, 20068192, 18776647, 23426889, 1001238393764769792, 1047569468346523648, 1090264316803088390, 127245578, 109970442, 2869083141, 785490553546870784, 1085266622, 58545637, 62513246, 25341604, 1048110878074327040, 526873424, 3606802095, 903353355371732993, 6433472, 19636948, 186154646, 714539096920592384, 996140190, 520782722, 3286628262, 2563906058, 18393773, 399676008, 17654134, 14123751, 21645216, 7130402, 11178902, 23975060, 816653, 91478624, 1344951, 14511951, 25053299, 14293310, 17471979, 15492359, 1434251, 828410488509734912, 11348282, 14159148, 19397785, 15846407, 813286, 56427909]
"statuses_count": 17
"date_followed": "2020-02-13"
"obtained_tweets": 17