"screen_name": "KO_Shaughnessy"
"id": 27911546
"created_at": "2009-03-31 12:59:43"
"lang": "null"
"location": "Canada"
"time_zone": "null"
"url": "null"
"favourites_count": 11
"followers_count": 133
"followerIDs": [284090018, 1069819518627864576, 1154023256745226244, 868522251611766784, 2546655721, 1084518948022845440, 2788001189, 69884210, 800505765177892865, 3310156142, 2196618858, 986260257725927425, 400219564, 290561087, 1017593938163597314, 276557488, 473256136, 904118419942817792, 2494158618, 2493819000, 895086444989091840, 792969731691032576, 776984, 864152677890097153, 3313704792, 2587680230, 253386524, 2525883997, 2446607562, 783364868439207936, 794263282332770304, 4905562934, 414328192, 746683110272557056, 2887248364, 486628742, 162544325, 423554805, 2993027621, 4331266601, 4312058481, 2783955113, 3864419422, 3316355462, 256447373, 2835059624, 2924207504, 3248972243, 3235881585, 3181552428, 3161403337, 3139424858, 2821327378, 3032015669, 3007635853, 3001436388, 2976188498, 2956035328, 2540926514, 2639397264, 939095238, 298785293, 150295018, 2692322017, 467617375, 2280598752, 2579054346, 382446769, 1157400078, 21424959, 2454844352, 66395800, 2422230218, 442361332, 75863742, 277120430, 2306281688, 2196142512, 57147865, 2192153602, 819444812, 40535776, 2164909861, 1432539205, 1881943645, 1850574080, 89511522, 1617098527, 69182772, 123432336, 1658361060, 281054281, 1649114682, 843959948, 887238324, 17382043, 1434388861, 273623157, 74725717, 16738488, 558000534, 1225658900, 242467507, 802620948, 403920610, 915710833, 41060858, 490897437, 102230926, 563095071, 24863193, 499467984, 108725938, 463071922, 61901014, 24125472, 421548291, 421065258, 406999643, 402441147, 303369548, 362044999, 356185195, 15346695, 23843627, 281572176, 333193784, 284121080, 244789579, 15677692, 25943611, 45933302, 21096152 ]
"friends_count": 390
"friendIDs": [106141640, 18776647, 293164193, 756189818359537664, 361860294, 1652541, 3444040513, 15978244, 1083741837330911232, 865004396681207809, 2400247074, 2434121118, 1236983700, 2440511442, 2510992134, 278672242, 763692690, 236953420, 4462309360, 905446679494750209, 65698096, 740571537544093697, 27368568, 13393052, 17376893, 1022596614, 250724456, 1172345859905871872, 142337830, 773608792164540417, 282545479, 760303, 19415796, 750330234461949953, 172352150, 166588796, 2421067430, 11348282, 906002787858657281, 59578815, 1358146357, 2889924959, 804015436979277824, 1145389519216304128, 2646089352, 2871094552, 2148717062, 46653066, 10228272, 31311757, 20536157, 38679388, 243381107, 382267114, 56505125, 2142731, 892865028939948033, 1106363478095347712, 1081222837459996672, 414869332, 610163202, 1523681, 19377913, 1093838833517506560, 819725208, 14452313, 713893943361011714, 78435629, 582689833, 2546655721, 800765113468755968, 850494108254834688, 113780858, 164587598, 3664109892, 517858762, 1543786818, 938337596052303872, 4800093320, 118886502, 16158169, 18967986, 21665234, 28369153, 904344810512941056, 16801053, 2856228978, 798324920929296384, 3315891418, 281877818, 3298340918, 1025229076339060736, 976884195632001027, 974373487849693184, 2652239532, 312789382, 3386996549, 844799261459939330, 1015611991, 918207158793195521, 170774815, 932310913838960641, 521238652, 284090018, 18622869, 827589190422556677, 14872551, 24863193, 2215937899, 1528558014, 31945778, 6433472, 89760824, 253340075, 17073913, 18466967, 14492722, 14504859, 17800181, 928759224599040001, 528584509, 576519811, 92242838, 956208267801350145, 889066597578674177, 961152019049443328, 3249465024, 20802603, 1038136003922255872, 316389142, 2317351705, 21676934, 613649581, 986347466965618694, 1588849010, 15493820, 24999875, 975019423223504898, 3311689489, 3298599576, 848232140332519424, 867462325049208833, 339061487, 142415193, 925524479291396096, 975425759308378114, 2446024556, 942999039192186882, 886832413, 2309637680, 2312887512, 908709033753939969, 877807935493033984, 2592325530, 903434091650883586, 908576143975919616, 276557488, 924086717954396160, 957510098590380033, 524557553, 105208870, 46332443, 859484337850523648, 847882255540342784, 873190778910253056, 232216983, 27583645, 941019422222966784, 22328981, 897142437344419842, 899558268795842561, 877728873340956672, 165819788, 104184507, 15370019, 76399265, 2272640503, 14654494, 935007382827962369, 390627208, 897802137832501249, 2193616844, 52160722, 1944727015, 315991624, 61417559, 1376161898, 902926941413453824, 58487473, 473256136, 545158225, 176774540, 2575399317, 2178242827, 895213589253955584, 738538436, 277012501, 776984, 21263333, 213236426, 913796543295062016, 888201053417619456, 1617098527, 3515320155, 2799211554, 3223426134, 178580925, 1333467482, 357312062, 1051053836, 295218901, 2312333412, 62670313, 287511377, 44388229, 402310026, 121513460, 2347049341, 18910324, 16362532, 52188923, 500231605, 415985101, 61592079, 18055737, 22124281, 19025957, 739193889186185217, 71815602, 15382837, 4356430036, 3130940638, 290561087, 256447373, 2835059624, 2693496433, 3139424858, 1630896181, 23541812, 14761739, 15321506, 2340558698, 801211538, 2303751216, 474331141, 143529625, 26829641, 1049369972, 37710752, 73412535, 19725644, 1169292122, 29442313, 32475736, 1548489476, 15439395, 16299275, 23378774, 188007231, 190817371, 16220555, 363997684, 13683952, 98963477, 158396623, 53184267, 14079041, 14216661, 1344951, 2164909861, 96423812, 571202103, 995251904, 20972371, 10373972, 13493302, 55355654, 17006157, 21237820, 11774052, 15950681, 18851248, 19605981, 16935292, 14043002, 237380802, 182422417, 19038934, 1198295976, 558000534, 242467507, 41468683, 17967737, 39215566, 31105081, 890891, 74186967, 19000033, 17222678, 14260960, 89511522, 802620948, 403920610, 16455755, 16351521, 3108351, 97698520, 24008967, 16017475, 171206001, 15949042, 915710833, 25053299, 36490075, 34713362, 85596915, 21189279, 31728761, 16738488, 16153562, 490897437, 14677919, 1367531, 87818409, 102230926, 7144422, 544644414, 17881732, 499467984, 16955870, 14159148, 4970411, 10380732, 788524, 18706355, 61901014, 14514804, 463071922, 14606079, 44966044, 240836889, 406999643, 402441147, 362044999, 15256225, 303369548, 258477921, 244789579, 23843627, 333193784, 281572176, 18490018, 56390691, 152565349, 28370071, 15346695, 7401202, 130516054, 16397147, 58791677, 813286, 748993, 37939054, 308124924, 73406718, 284121080, 1223101, 1877831, 5402612, 5392522, 12848262, 15677692, 9300262, 19881931, 8736882, 2467791, 22411875, 51241574, 742143, 5988062, 807095, 14075928, 1754641, 14800270, 15110357, 91478624, 621523, 179957954, 86391789, 69182772]
"statuses_count": 773
"date_followed": "2020-02-13"
"obtained_tweets": 773