"screen_name": "KWeykay"
"id": 1225930022378074114
"created_at": "2020-02-07 18:51:18"
"lang": "null"
"location": ""
"time_zone": "null"
"url": "null"
"favourites_count": 0
"followers_count": 12
"followerIDs": [1219288516581978114, 1208361783427092490, 2235329532, 1227718301779943425, 1224576615553757186, 1106496630394703873, 1224576599237914624, 943128604107472897, 1206500080804487168, 105700220, 951459169047072768, 1191564539474538496 ]
"friends_count": 394
"friendIDs": [20667335, 1690412382, 467373252, 31237480, 186739448, 70650192, 93074055, 27477225, 145670919, 7679392, 248619197, 132480295, 52682603, 241191056, 304338078, 188725330, 67260538, 256182836, 14862794, 97343565, 4300743322, 850157859065151488, 928098400980975616, 89414788, 82364810, 20774514, 300455440, 28564763, 7857772, 606541181, 91181033, 375721095, 805165648569507840, 22266871, 20601500, 4836947526, 48824637, 19429847, 9420322, 18065266, 120129298, 28453440, 14294699, 84321709, 153085446, 57709461, 240824628, 18776647, 84091246, 821814254, 18922472, 47900955, 4849873473, 91555931, 928008620, 91110697, 63449466, 160286320, 2152668890, 80858333, 38180826, 66370363, 145182442, 108566175, 91982547, 91130731, 241983838, 128898396, 124169763, 115386275, 18214484, 154462399, 214819961, 199646482, 78908122, 157316411, 35766159, 84258886, 115711568, 2915746180, 444543403, 303849254, 2790069319, 39613231, 66322195, 2432017362, 143909021, 475707185, 49616273, 867013307999412225, 373016460, 2826441116, 912084145, 882280344, 795986604779257856, 1067734812, 872054316198014976, 620662230, 2215265898, 498601239, 166364432, 90823830, 786227288, 1297173066, 974274695963885568, 432555623, 247078980, 112373549, 300045014, 106963007, 265205959, 722618807416541184, 412940784, 95213148, 1069817977086738432, 252751061, 3446616798, 914877149164789760, 2279301618, 735811158469423105, 204245399, 1850680093, 96966762, 822518970, 93311525, 717048221592227840, 1088532672857616384, 595659586, 2377035565, 3232393554, 740995812, 283979780, 434782047, 808495806, 90382118, 1114618434, 420156606, 168607383, 2414014201, 190362598, 1933575296, 462799566, 799882446, 188674978, 22262225, 543141733, 274431647, 2459542196, 1361341548, 479615357, 218184927, 64746677, 16694416, 22360764, 131546062, 23922797, 14224706, 12134862, 20427406, 21000110, 19910826, 27654368, 25521930, 15916215, 19179395, 615323307, 119718309, 33697736, 58878529, 30196565, 20065487, 24723695, 60642183, 94190546, 119669630, 27861208, 27035508, 96741105, 277391629, 49976458, 40305538, 75587012, 260299253, 19038281, 52838996, 257941359, 788524, 16465385, 1013634584448196608, 2097571, 87818409, 19259102, 91478624, 15492359, 19037859, 30862829, 176932593, 5988062, 24894213, 14884486, 17369110, 14159148, 15460048, 5694822, 33474655, 48289662, 248795646, 831405064489099264, 5695032, 1164940374374330368, 14800270, 282595400, 1148628416, 29285832, 42651647, 19606528, 39585367, 236921052, 168667707, 108656502, 730043, 890891, 917702559049039872, 70096587, 1162673099864588290, 267695291, 3352592393, 3075309993, 49730238, 55859816, 41328421, 49869714, 14581421, 46327296, 98864871, 281861694, 2736402335, 90167513, 1628348773, 858478271247392768, 440022026, 875805100031135744, 55853311, 839837539372568576, 89421672, 864918572962918400, 49580825, 118838969, 202963011, 29492916, 99501796, 620632841, 15764644, 1201947416439582720, 46574977, 2888086214, 18798768, 55964567, 1409798257, 100253361, 845341840618536960, 99013028, 2353605901, 195271137, 471672239, 17685258, 818948638890217473, 54412900, 7702542, 18247062, 17980523, 468646961, 592730371, 18266688, 601535938, 25101996, 432895323, 275276082, 862493306382626818, 39349894, 50769180, 18166778, 41634520, 47293791, 38495835, 17995040, 25202268, 2908170952, 166751745, 491719838, 91882544, 26487169, 805692634127736832, 3907996338, 1769361, 80298155, 126798663, 3071162052, 822215673812119553, 627673190, 994303120376303616, 1014015146514100224, 82271629, 342403919, 1078618844007157761, 19923144, 1523748277, 955586323452219393, 8149482, 1105126592370618370, 39344374, 128372940, 168683422, 292929271, 232901331, 1120399498692497408, 1113094855281008641, 471741741, 245354027, 44196397, 988573326376427520, 5709522, 1145929961850593280, 18839785, 17595489, 1003646304659103745, 232201624, 74756085, 975127727501185025, 2865179814, 1142281559837249536, 1163710401604833281, 2802387590, 1162111357, 49035671, 2804318850, 2790042071, 171636258, 79927431, 143810986, 20845447, 1165513545301102592, 1339488762, 791197, 213559194, 2337130332, 1217407426821066754, 2309637680, 902926941413453824, 2288889440, 877807935493033984, 862675563693125632, 1051053836, 894231710065446912, 125306362, 902839045356744704, 561262389, 1246508436, 277912844, 2176620248, 1164939395939602432, 1164937093656862720, 14293310, 1652541, 428333, 807095, 759251, 5402612, 742143, 2831650963, 1182511815231586304, 1072109417200414720, 720257453221261320, 1143446245429501952, 22203756, 268439864, 28706024, 14247236, 21447363, 216776631, 783214, 813286, 1339835893, 822215679726100480, 729676086632656900, 52544275, 25073877, 823735656, 101311381, 33399787, 27260086, 866953267, 34507480, 2352629311]
"statuses_count": 1
"date_followed": "2020-02-13"
"obtained_tweets": 1