"screen_name": "Maitriii_P"
"id": 897268177
"created_at": "2012-10-22 06:31:42"
"lang": "null"
"location": "?"
"time_zone": "null"
"url": "null"
"favourites_count": 2383
"followers_count": 105
"followerIDs": [868514556645134336, 1064156951297306625, 2813982698, 422221146, 1081961245, 779566945, 306942262, 945957016870068225, 716394155056971778, 928536073168347136, 77746533, 851593607698149376, 912458075767963649, 910709068184129537, 883365872827600900, 4164974763, 2421162787, 2574694845, 873393062269026304, 847284727065133062, 2355584674, 857274475452272641, 1608765342, 847873566297272321, 2241774537, 3112406068, 1727017933, 722253699758698496, 2908388039, 2966698439, 153966123, 481376138, 797974232437235712, 830835547367231492, 737331116194074624, 3318565868, 804817895490457600, 2940771189, 3262040937, 2203825868, 393180857, 1232026286, 797182213808943104, 2824015905, 733055026147524608, 760904480334483460, 457670666, 2962861977, 637346059, 783052303012159488, 778785782312083456, 778985952928788480, 726821369003032581, 770471749578264576, 769070488358363136, 756741830037811200, 754785925608181760, 3826485989, 744310148366213120, 164355086, 4862312519, 4634985856, 742139237185785857, 3311109971, 738555856095203329, 737405307249405954, 2347287162, 735547924361404416, 4825865653, 4564113617, 721753119957336064, 302671126, 714120901059547136, 732369097753825281, 834167743, 3246034171, 731336694188793856, 727237212, 731103462272929792, 2694272336, 718193866277523456, 714354518142492672, 702338199587319813, 241468745, 712367309801787392, 3046531429, 4842798323, 3044365476, 4822914521, 1415524207, 4681950672, 26099751, 2762872983, 3332483539, 2551548512, 1861744501, 3054716445, 3327217176, 3437171698, 3234900703, 547869294, 3290483897, 2612049900, 1856071686, 2959677857 ]
"friends_count": 153
"friendIDs": [1066942261974360064, 18776647, 1004014036927709185, 415727478, 210307047, 986774308629467137, 422221146, 779566945, 306942262, 878671840352325634, 590354731, 86977818, 180200031, 19789439, 15165493, 14091091, 1451773004, 928125957474541568, 928122836291608576, 716394155056971778, 77746533, 2244196128, 4918738512, 50145722, 851593607698149376, 912458075767963649, 910709068184129537, 270171463, 873393062269026304, 883365872827600900, 2784784744, 34743251, 44196397, 37710752, 19725644, 15473958, 19802879, 16580226, 50115087, 43166813, 28123862, 46220856, 4164974763, 3362801842, 1087860428, 870791502221455360, 2421162787, 847284727065133062, 857274475452272641, 135421739, 847873566297272321, 1608765342, 3112406068, 1727017933, 2241774537, 722253699758698496, 2908388039, 2966698439, 153966123, 481376138, 831215954122121220, 797974232437235712, 2574694845, 737331116194074624, 2940771189, 342954844, 2203825868, 1232026286, 393180857, 3262040937, 733055026147524608, 720430666723278848, 419845513, 84321709, 2962861977, 518930726, 637346059, 906862988, 746492988, 783052303012159488, 778785782312083456, 778985952928788480, 445138206, 726821369003032581, 770471749578264576, 2984484620, 478364812, 189253902, 594617548, 742454343102832644, 744310148366213120, 4862312519, 164355086, 4634985856, 2913627307, 3311109971, 738555856095203329, 737405307249405954, 735547924361404416, 4564113617, 735485778629890048, 4825865653, 2590062416, 834167743, 3246034171, 2731221045, 27195114, 727237212, 14260960, 2156299840, 3826485989, 167989418, 2694272336, 718193866277523456, 33933259, 14159148, 241468745, 2347287162, 712367309801787392, 537555179, 40683302, 221792979, 1642932986, 3046531429, 2693137016, 476676292, 1196254680, 1861744501, 103770785, 1109973811, 379408088, 186154646, 3054716445, 92128552, 3327217176, 44375245, 35004071, 913135650, 2766618887, 22057968, 34144956, 11348282, 3437171698, 3234900703, 210238655, 18055737, 3290483897, 2612049900, 177547780, 547869294, 2319278935, 2959677857, 1856071686]
"statuses_count": 207
"date_followed": "2020-02-13"
"obtained_tweets": 117