"screen_name": "McKenna_Centre"
"id": 1100770304849334273
"created_at": "2019-02-27 09:51:06"
"lang": "null"
"location": "St. Francis Xavier University"
"time_zone": "null"
"url": "null"
"favourites_count": 168
"followers_count": 240
"followerIDs": [608157368, 1283310848, 132654864, 992192166, 39539055, 138827391, 370753059, 39348382, 223562954, 38499453, 293756094, 1001662182, 247087954, 114806906, 2329948985, 3218092210, 33943897, 212621119, 293500819, 1220356326519386118, 1213152934990512129, 2557138807, 3214687036, 819249068044124163, 18733144, 2401955473, 200251856, 1214258040276340737, 4789749008, 888074051847061507, 1185634656844161024, 978343473106554881, 2400486710, 3068666631, 794692388874842112, 1181108145034268673, 1298862277, 235213723, 1196279527560925184, 751488200921669633, 18008644, 286507109, 1190309143728529408, 858315629954187265, 1138654946, 137798459, 1186615567307935745, 1186610865329655809, 1184168130156871683, 1182313875934457857, 2466960228, 536025129, 1105837602920378368, 909779857671892992, 369835916, 1126482591685709827, 286858107, 952383716545978369, 1169393610162409474, 1050730926605512704, 49440882, 1178273072819920896, 456378746, 153634160, 739448361384710145, 2352372086, 215126694, 1579233265, 342803025, 2875174180, 1083447362255810560, 127963202, 539540396, 772519489514696704, 791295226837028864, 362519516, 1072421573011873792, 278833783, 1694236824, 2943826151, 4112893841, 466155683, 1378040922, 1412036611, 359372335, 3657204616, 2462041748, 1172977456023834626, 351825716, 2835664204, 77261948, 790967877864132608, 818528113395171328, 963165961728782336, 204573348, 357871899, 1168882715342643201, 3958274255, 31003578, 2297366196, 1006905793537609728, 1153274798958632962, 1473322616, 317292401, 457840438, 613014419, 1276400431, 824263724991188992, 78531943, 1059575613181321223, 211358203, 31873175, 58896584, 89508467, 1011584559845134336, 1228178064, 46719627, 1135552719358451717, 72557637, 1735322790, 14844139, 2966093541, 1162079738975981569, 28467166, 33457454, 57971169, 2192864257, 3084459070, 265028371, 1009416100336095233, 974444529452535809, 911229528437137409, 561334394, 1460019032, 984192397725716480, 2314299517, 189295479, 2518968595, 1087005563286970369, 1040297565831483392, 2321029252, 29273142, 396730472, 3304859650, 1138066959608815616, 2305361180, 539276693, 2347802588, 273074674, 107071137, 743490797610405888, 593326419, 1186148724, 1421444910, 235751768, 178874245, 752553834229137408, 921610150485594112, 1707392821, 1117117524, 2818393088, 724285939, 2799840559, 735639724358934529, 2357234256, 1643478878, 258998638, 851802037712977920, 344167561, 304654555, 861618488514928640, 2349720237, 806928329488105473, 2386921494, 1033810682, 312221280, 1092249776765194241, 1060147620927156224, 1244426311, 716807222232227840, 1216519171, 732010909581905920, 724762921, 373116017, 2756501408, 4780510506, 2259226883, 345404743, 613857414, 525903062, 124022685, 1053892261, 3732644309, 2598717904, 622091997, 722752843, 528841815, 1406482478, 588783669, 201729872, 48254999, 1142118048201154560, 441361664, 2168983896, 600315838, 2772246430, 4516840101, 22377882, 1101208828765528064, 227754942, 1589231312, 1112777662098014208, 603188467, 472198464, 4851704002, 942403014421372929, 1648550456, 38000097, 53239896, 1063084685855784960, 882919531299168259, 1098616795630571523, 599546734, 30723604, 1056942794508562432, 3256090982, 17736791, 1934230796, 231907632, 1042380471383060481, 267158862, 982298108016017408, 487009621, 406202610, 3010501101, 3319424837, 234813316, 386264514, 50890402, 1158639014 ]
"friends_count": 881
"friendIDs": [1077716970, 2951650683, 134967730, 282626744, 370753059, 73121583, 365581151, 20157077, 14133286, 42407316, 70422953, 310301171, 15762708, 425192700, 38499453, 219010511, 193314533, 493180765, 46429267, 113152969, 291512021, 589095512, 132654864, 106483010, 76332033, 325614777, 228063872, 382828520, 552287225, 365633749, 296629248, 33534588, 63556909, 400205517, 119111358, 22866096, 2306938597, 1243369436, 2468032238, 2888959724, 2918836719, 606700269, 1283310848, 2989789851, 25358734, 16809022, 3414033388, 116814825, 146198816, 738400021800882176, 39348382, 1324425739, 223562954, 1579233265, 536025129, 18776647, 18065266, 19429847, 16134692, 98157931, 22266871, 18173399, 87202251, 27934648, 17469142, 397531066, 19301938, 3236007940, 3405606413, 559163946, 2979756861, 367414563, 352733403, 3089052417, 626383760, 1660662266, 992192166, 541029051, 897963806, 3341546025, 308480812, 222573939, 24518500, 191975715, 234070990, 614450869, 85842027, 39539055, 361854824, 500997922, 994206140, 115480645, 1181883708, 33866914, 106451727, 1001662182, 32046430, 247087954, 200231908, 2656926445, 553028657, 190395998, 28557583, 23318118, 549422151, 18940899, 31796122, 65095051, 40945281, 18485758, 43355844, 41099844, 48357382, 193299475, 1244682457, 1116825889, 770455255, 2329948985, 18643228, 344709379, 94576673, 163944310, 19235587, 2864885973, 2573870076, 2862591515, 2375872760, 16926550, 106802568, 1026408330, 819488774, 2320853773, 151140403, 73451242, 116466396, 1072270926, 1900566776, 293756094, 168757829, 37208893, 351251370, 189654054, 3003356572, 19023267, 217504965, 482092896, 77831506, 114806906, 21210368, 394772027, 836338706, 111030108, 402721385, 189139363, 38226287, 619972646, 1688280252, 198604961, 16245132, 1513453861, 38478029, 487835669, 1087162942498455552, 225247133, 849140876, 32281162, 496282514, 19203412, 1119360408, 21213416, 31147535, 278600649, 138827391, 600317900, 18999995, 16332425, 250757476, 346235082, 25287690, 36657399, 16534576, 28158298, 125418460, 44116733, 18642861, 94138272, 2171258716, 592986457, 608157368, 3218092210, 819249068044124163, 747664074, 3214687036, 4167215715, 858315629954187265, 278261891, 315843582, 2772867988, 443926750, 778904042, 565082466, 741467125, 1379304410, 1702305306, 870679614, 448610354, 344381488, 1511716200, 2591027050, 2654709543, 1196279527560925184, 751488200921669633, 18008644, 41680095, 1169393610162409474, 1052931554740236288, 357871899, 2943826151, 77261948, 1168882715342643201, 44988185, 29770501, 703989740, 14844139, 831938496113868800, 140252240, 260795359, 777902325771988992, 17659219, 185817496, 2666790169, 209388134, 19910456, 1152297247, 1694236824, 3031083454, 37528550, 865186104, 565808461, 936008899, 994205766, 1905795709, 616229625, 543817975, 1031262360, 1641357102, 458005219, 437772619, 156025373, 3047013245, 33281399, 988219663560724485, 4162351954, 605130012, 366810455, 478804669, 3409346937, 1162079738975981569, 1142038633794416646, 888074051847061507, 46719627, 3331732306, 24026321, 21895325, 16504257, 17974481, 16151835, 608647494, 2518450189, 27862742, 28300550, 17672251, 2898412768, 2918910374, 216363198, 94101432, 1628776303, 304588226, 27804980, 15694414, 1246951472, 4882907313, 34113439, 260345229, 210702175, 13201312, 22186564, 106157796, 95981793, 16935292, 22977061, 700816281381916672, 284027194, 17410863, 14079041, 48353398, 1044971748, 3459051, 57971169, 897288866595340288, 76743917, 732646064507981824, 166669078, 76849994, 14606079, 14180138, 23832789, 20728540, 15355482, 465158654, 1066790524999352320, 323166990, 17031634, 845699665865691136, 1604931252, 377584838, 148529707, 88498742, 3111390165, 715991771487027200, 955480274778935297, 2469146142, 2329066872, 39883197, 107134048, 1409224344, 2297366196, 2338731998, 255747911, 28346473, 1127535096356069376, 78208471, 163844242, 797309742980988928, 223101633, 65201417, 877837417906143232, 2153427685, 3238451743, 3218229703, 87907237, 28348670, 33457454, 720663855039451136, 2320715580, 16834046, 11695472, 859986390783864834, 387630520, 22144310, 873730110, 74151823, 1128810865, 128018609, 60632018, 423658186, 14135346, 297085579, 65698096, 21677764, 2813519606, 2999741764, 19834221, 49352512, 107363347, 517871552, 2426042022, 39547629, 3106261107, 518668236, 768398751870308353, 1963384628, 620251869, 926304290213425152, 360667849, 194663999, 2546896142, 902923970516840449, 104849636, 28567809, 348568308, 189376144, 23636580, 14559745, 999448620184190977, 31618599, 203253392, 108995096, 15461733, 17596622, 104277809, 219348231, 1720245806, 2514796525, 180147957, 4075760297, 3237190533, 800459756292882432, 900087980, 856148305, 266664252, 4462528175, 2439177534, 99881780, 19120852, 35773039, 2518968595, 2160545941, 902623989696225284, 1116383981170118656, 984192397725716480, 304578117, 22806425, 16308920, 21352683, 18999952, 2321029252, 3304859650, 1088209843922587648, 2339395838, 618503277, 1138066959608815616, 1154923833788379136, 2314310721, 1159927418926194688, 317292401, 2314299517, 396730472, 2304869472, 885138694860152832, 351324550, 2305361180, 197072078, 374803744, 1681292456, 273074674, 102773919, 995038717, 107071137, 293050523, 55227481, 18020948, 390851577, 11348282, 19658826, 17842366, 487833518, 23962323, 14647570, 16245822, 15862891, 19402238, 481943972, 11062822, 4912172412, 1072421573011873792, 27185621, 583212987, 993249055, 22780471, 78908079, 58503762, 488620840, 879782073329790976, 14620544, 17086475, 951765794156957696, 798297731961913344, 13493302, 1911903122, 15919988, 49697450, 3202060546, 3070131814, 18065007, 36722950, 502162869, 482133423, 267449695, 376991410, 26482985, 19918353, 3096516728, 15949042, 2283712141, 29273142, 1040297565831483392, 1034573350750892033, 1862084816, 815491214, 869566139537518592, 2347802588, 539276693, 4119309377, 1228178064, 89508467, 234813316, 2736628828, 3697693817, 959302087, 3256090982, 4112893841, 17736791, 72557637, 2966093541, 752553834229137408, 2557138807, 512074328, 2192864257, 1035291846, 4650328156, 2168590108, 295242679, 921610150485594112, 2365730759, 612140571, 1216519171, 2544068567, 327574759, 376494988, 265028371, 344167561, 85456115, 258561877, 785627373236473857, 2259226883, 561653178, 2246142139, 589455237, 458075099, 435433197, 2756501408, 442481029, 1013875160, 573987225, 387049894, 857309814, 146213564, 294946297, 4253166082, 453487334, 416820500, 724762921, 1643478878, 410213889, 2560101699, 425404355, 366678611, 735639724358934529, 499778170, 970242032, 294676290, 1858757161, 3677189073, 608628873, 806928329488105473, 2756736398, 795061429309231104, 62189770, 304654555, 406296474, 2976070267, 234114187, 349508456, 612171582, 2268023412, 212369845, 1707392821, 485204065, 422385455, 2296536905, 26082423, 44199732, 98169044, 2357234256, 232995203, 1271029123, 1660157088, 1060147620927156224, 235751768, 872347002, 395492064, 861618488514928640, 620559169, 1186148724, 2386921494, 1067773470094880768, 2307614828, 33647015, 4599962595, 565923246, 503925275, 816082760, 1003859965990264833, 283152197, 613857414, 1913030862, 2879641960, 1688897755, 2262486262, 258371974, 43447219, 245451766, 3037688567, 1918449438, 1092249776765194241, 4780510506, 1035342565, 3007868968, 2259814752, 851802037712977920, 1041204050, 928527810, 3319424837, 402415830, 1104388732420063234, 1449094344, 1022492985769033728, 1105140396332670977, 1116950372, 389608746, 525903062, 124022685, 3472671976, 827359106, 619463280, 2148854819, 1053892261, 2431389239, 1265250428, 392931822, 620395933, 797183969557184512, 31273418, 2834508188, 1100511448520949761, 403024405, 854888390, 48011943, 504931392, 58230388, 1117861658934878211, 1037150016, 597754385, 1460019032, 627587554, 911428045, 817871245, 94425785, 1099377083866927104, 361466412, 1135552719358451717, 1110575031472570369, 956009497, 340547157, 259019462, 716807222232227840, 732010909581905920, 1244426311, 1011584559845134336, 4889614791, 480966951, 549594159, 148866232, 345404743, 1033810682, 1274994666, 3291652674, 824263724991188992, 626748711, 2818393088, 951674163059621889, 108614618, 3732644309, 893853174, 258998638, 2847807888, 2803780202, 278307663, 136360904, 16392324, 386260525, 312221280, 42702616, 55482685, 151169948, 286270607, 17621072, 847913521, 2598717904, 2319253907, 365174283, 818528113395171328, 724285939, 1256035476, 373116017, 2349720237, 385534462, 544552577, 1085241044281815045, 286858107, 549462303, 229108897, 722752843, 528841815, 1101208828765528064, 4516840101, 1421444910, 1072548053284982784, 31214034, 836539742, 626234820, 1519956108, 790368922172329985, 264365924, 12413032, 549370666, 45982162, 51241574, 5988062, 59460397, 1142118048201154560, 423892929, 14287094, 10117892, 45629254, 123252230, 588783669, 470991619, 1184195924, 2327359038, 18056707, 15193285, 34030502, 85596915, 1948302643, 42411129, 89775446, 1406482478, 22377882, 407267265, 3011530111, 434198970, 439489639, 261013641, 102461174, 231907632, 1069517521, 487009621, 441361664, 438834786, 227754942, 1589231312, 464979556, 476317848, 98430194, 869265676715925504, 870060055, 415773647, 188155256, 2979344831, 907089468989026304, 80344952, 139525231, 235213723, 419233026, 956516523086155776, 102448827, 380489682, 21655542, 1087315136, 458860773, 28657802, 18713552, 14266598, 16958346, 17463923, 38146999, 120181944, 20582958, 45577446, 789984365971402752, 14335586, 709020217184264192, 13393052, 1059575613181321223, 1063084685855784960, 137798459, 43252170, 3068666631, 18229019, 189764301, 1112777662098014208, 190824981, 61639856, 20473084, 835237573467451393, 288876085, 2149118852, 201729872, 16811701, 1911471896, 17967737, 326184086, 48254999, 14786322, 42391676, 555984144, 89797282, 108069639, 1036285422798819328, 1014850882016604160, 389584006, 407892306, 409438992, 848335658, 1462668937, 1472373984, 18763094, 2865916893, 2338374925, 2772246430, 4180142121, 958525248357523456, 771495655906893824, 563465010, 472198464, 603188467, 4851704002, 809515166, 599546734, 3025763038, 2799840559, 1012815513456693248, 4904917731, 909779857671892992, 34324583, 911229528437137409, 1496621737, 395962222, 70392021, 2462041748, 49440882, 2331789857, 2168983896, 1077128293, 1117117524, 1009416100336095233, 2949778581, 600315838, 1648550456, 53239896, 942403014421372929, 2188270789, 3225373534, 935699235625979905, 962477316138991616, 963165961728782336, 16714443, 919527944, 3084459070, 727516315464916992, 38000097, 29014154, 78531943, 215126694, 258439499, 2976931269, 794692388874842112, 2458706217, 982298108016017408, 1934230796, 267158862, 1056942794508562432, 1042380471383060481, 31873175, 38446340, 149121110, 14419395, 1735322790, 1158639014]
"statuses_count": 97
"date_followed": "2020-02-13"
"obtained_tweets": 97