"screen_name": "Nicole_A_O"
"id": 1227646813412429825
"created_at": "2020-02-12 12:33:18"
"lang": "null"
"location": "Toronto"
"time_zone": "null"
"url": "null"
"favourites_count": 41
"followers_count": 29
"followerIDs": [55349458, 22166341, 243324920, 736169751647559681, 817208420, 3182737400, 1196069608450674689, 294115662, 21822169, 4913287026, 2280398041, 210114688, 2668868658, 1192053882429616129, 67640827, 16229867, 1452897955, 624015988, 326060460, 1184052595406655488, 2445761198, 343392937, 3355773219, 216778907, 1074305311710814209, 97487983, 1227622379389456385, 1220086376928104455, 1258008229 ]
"friends_count": 552
"friendIDs": [25198779, 94375369, 15446126, 207332270, 72733789, 243324920, 823334831509618689, 19923638, 19546942, 326821147, 334984155, 741022183, 77487918, 180727048, 30741154, 14289835, 16581861, 14378113, 525785424, 51085686, 14835652, 126776391, 15308469, 21982720, 106204123, 18682917, 21672426, 74139459, 50393960, 8161232, 19078387, 10078, 161801527, 26689687, 7717612, 59913032, 152322439, 14514804, 529140270, 863109518, 437023963, 19927627, 14800270, 16929600, 48431093, 471869573, 610922415, 14844272, 21012031, 94108215, 161686727, 15224467, 27318985, 18948541, 22731782, 7529092, 226348151, 49723417, 414998937, 15143478, 262856460, 13058772, 9207632, 10297, 14211474, 25322292, 17446359, 169791079, 59003, 21091643, 17825445, 46063, 332445473, 24608680, 257170305, 105810697, 20348377, 743585142, 16686144, 370879693, 27726303, 296453816, 62513246, 500042487, 18282929, 788363167, 489817153, 470427907, 19621110, 21690595, 1589179254, 224382700, 358566293, 255563709, 116529568, 809012353, 32372834, 15492359, 36843988, 5988062, 4044061, 1323527286, 62591681, 1282121312, 23462787, 17999080, 42954206, 40227205, 20065936, 316756361, 16228398, 39585367, 8287602, 43996908, 309912783, 26531880, 1504011, 2196593472, 14327149, 15164565, 1666038950, 9698942, 16911564, 18149142, 28644174, 358896239, 295, 33638476, 2816403979, 2327359038, 166739404, 822915796145999872, 17735909, 15698507, 104475938, 80361540, 39289455, 25998505, 2529971, 2469655808, 17137628, 15947602, 2819976351, 32981735, 20153725, 14589511, 366907915, 111415036, 17994509, 14085655, 55570400, 47761088, 24862758, 275400473, 1411166766, 3010731441, 77527412, 33792634, 20570290, 23484629, 14727207, 39568996, 2384071, 2835276183, 811377, 17463028, 15506669, 427900496, 1022743374, 80638910, 22330739, 237548529, 131497030, 562381032, 130496027, 14708747, 168663228, 860281, 316389142, 271725689, 20376276, 373617611, 2834189117, 15162136, 8622212, 2919008892, 2861428699, 14260960, 842050389092491264, 756222809618079744, 21576543, 46335511, 49114382, 958587145, 2903979971, 352673744, 62603893, 1110105054, 218797772, 14652182, 88749392, 14777649, 365145609, 145647271, 30133564, 5699, 48436234, 818282957618216960, 14696890, 16955870, 16863340, 1482242911, 116994659, 53504913, 1413686600, 23289019, 3319533317, 21872269, 48434407, 315291021, 44039298, 47459590, 30364057, 2233154425, 4185877812, 921189775251529729, 5763262, 326938868, 359684929, 36712233, 985981884218970112, 18638502, 221185711, 186123748, 173677727, 186154646, 4752991165, 863405239, 394060363, 613712440, 16261707, 111456333, 1219824320, 937499232, 238319766, 2704715387, 29417304, 289548939, 22959763, 24340604, 28162211, 230328306, 3283901, 32439603, 14982804, 916647574597177346, 28178127, 19606528, 285698560, 155823836, 819953887, 63302020, 28061932, 17995040, 561516853, 3826536612, 11740902, 1636590253, 16573941, 1052306397247889408, 3092760197, 20715956, 27288119, 2195241, 17158189, 599611634, 16714443, 493175789, 47285504, 4099171, 3713684477, 823307478360150018, 480930665, 522282462, 471677441, 633980404, 520445177, 23116495, 33041426, 2589393414, 78890225, 1228325660, 1305940272, 7362142, 2185, 90169053, 15147397, 267915933, 16012783, 14298769, 142359854, 2354465522, 81172502, 96149284, 134871575, 340613443, 991745802, 100965678, 16225240, 22572933, 5405152, 920491754, 4625037762, 54730258, 605106202, 217029628, 221838349, 1146329871418843136, 5854882, 15828408, 39822897, 243236419, 198560396, 1305692694, 190960735, 579464821, 465785226, 18638090, 16034244, 83932732, 116502194, 22166341, 29615139, 235782999, 17480397, 1056532357, 89782106, 419063923, 897167708466417665, 1177595623639527426, 21822169, 119972954, 14526877, 845129568331612161, 387332001, 2330381, 18205350, 17633994, 23504870, 14677919, 16973333, 87818409, 35773039, 972651, 816653, 3349531, 14367669, 1901546563, 28221296, 1391259187, 11744152, 1340521, 233831665, 14641942, 22499614, 7293902, 17611308, 1071183797482340354, 17787145, 26417774, 19331262, 133424508, 171313785, 2174866022, 1979161496, 3428933729, 68687348, 67282398, 874, 15131310, 5380672, 17093617, 7040932, 33239421, 204970988, 19694536, 4772521229, 390167291, 383012058, 67640827, 1452897955, 18622869, 16017475, 824374137774764032, 14627400, 15942137, 1192053882429616129, 2244340904, 13334762, 6820932, 322933840, 25581439, 14410280, 197987694, 2362618909, 57172253, 16014840, 22756947, 430995737, 345673106, 5411002, 18776647, 15515420, 2463654482, 95938864, 357813946, 43161871, 18989355, 541042800, 22118558, 1220215420902207489, 33712213, 17611446, 74286565, 15936194, 1360175498, 291332154, 937499706, 2607677036, 1037720232167657473, 1184052595406655488, 275686563, 14651539, 1104094780387020800, 2270921732, 1917443905, 309398761, 420537199, 2414521490, 16302665, 543062941, 23036965, 183749519, 1451773004, 29442313, 1006419421244678144, 20571756, 16468446, 1008787055223214081, 186178202, 106200494, 93478440, 11348282, 34743251, 856522854917124097, 16993839, 1861694882, 822131894540083201, 31239408, 79293791, 19562228, 14717311, 18665236, 93263825, 676573, 780454984936742912, 158414847, 16303106, 2445761198, 4215921, 26269523, 64844802, 5943622, 16242081, 145830934, 343392937, 1221524677278879746, 14266667, 210114688, 16753393, 372393409, 23553053, 3301839668, 107760015, 23356719, 2723584891, 1227622379389456385, 31925790, 21311075, 409486555, 216065430, 873624924711256064, 9420322, 884496564454084610, 216778907, 17136315, 815733290955112448, 357606935, 2228878592, 16527415, 15970050, 1059273780, 29856819, 5768872, 1081222837459996672, 18647209, 783792992, 31013444, 138203134, 216776631, 14592008, 19397785, 26589987, 811350, 61048765, 823876341422583808, 509784213, 4158499572, 256768185, 4757522962, 2822012692, 78776348, 18695802, 88048448, 215227928, 41603960, 330100136, 767396, 977044391679414272, 113130846, 7017692, 5379862, 13136982, 226428094, 112290748, 33104659, 42232045, 244651490, 1304641663, 3471901, 1111643191005138944, 15813127, 24257941, 308297183, 1107876931821686785, 202642137, 5356872, 6140482, 217668990, 845012799084486657, 25218549, 1258008229]
"statuses_count": 2
"date_followed": "2020-02-13"
"obtained_tweets": 2