"screen_name": "Nvit83M"
"id": 1102637205304963072
"created_at": "2019-03-04 13:29:30"
"lang": "null"
"location": "Merritt, British Columbia"
"time_zone": "null"
"url": "https://t.co/6M3nRlNIJl"
"favourites_count": 154
"followers_count": 47
"followerIDs": [3261753481, 1199594299966599168, 837832737990008832, 2190515089, 284868919, 2207706006, 1199290120878411776, 1171744486046740487, 2798517916, 1196824298213847042, 1077716970, 1189276496814325760, 902611092991500288, 2226959701, 388445154, 1179162413507198977, 1177542795436986369, 1071906501659426817, 1173297175838826496, 1135641752805634048, 319063068, 1345769287, 1164143459030016000, 4761855499, 61527398, 277541012, 990692048423473153, 729828691396550656, 571207632, 127646580, 2473124390, 217224863, 1072244387080482816, 9566422, 304514480, 1064972063868256256, 52466935, 1106264594094477312, 950990450, 633803690, 76230477, 2362194014, 1042474943957458946, 270919752, 708351838223867904, 2371630879, 1102545543652409345 ]
"friends_count": 432
"friendIDs": [228529107, 13896552, 18999969, 109350515, 14803951, 24700876, 23655688, 807095, 759251, 137751159, 374096551, 313505039, 2804017602, 381475261, 128032570, 85596915, 4151754419, 27485087, 2468259265, 193450071, 256735205, 2315666864, 46017156, 1525292281, 180356823, 18776647, 745740331, 23655935, 726029862574632964, 2900686876, 274098495, 2244125760, 137757414, 138835317, 183610859, 260504036, 144308092, 476229811, 28150927, 494134556, 66413862, 38853517, 64772210, 275782295, 524733344, 40313961, 40315914, 41618221, 876605660, 40265116, 66820511, 21220088, 14269008, 40297061, 32579840, 40272203, 40296190, 12089642, 40264180, 41177607, 40299882, 40275813, 3177156059, 702173355504369664, 633091802, 29989644, 40316307, 205910312, 1372067504, 971874806806147072, 143849562, 827187717356265473, 91967589, 69331791, 19295392, 89522068, 1270330412, 837832737990008832, 43731357, 248881434, 1419834319, 18743245, 834182874307768321, 16045268, 582185258, 30239939, 767748961125986304, 982007462596370437, 1045010555805655040, 492492626, 277027959, 2835719551, 26378603, 1601163679, 1072244387080482816, 1345769287, 15193285, 27804980, 36722950, 48458841, 17659219, 3261753481, 116564871, 435222598, 80380795, 2459609448, 253340075, 24913022, 1537565070, 80602575, 611955888, 1135641752805634048, 491012003, 888669338, 24422904, 187997748, 262056478, 2194757736, 2375650320, 240690104, 293551919, 179248364, 14905162, 232427887, 18777269, 18965790, 19667986, 214990371, 347648640, 38491229, 14369901, 319063068, 35415477, 18119242, 69678362, 274793711, 3298667920, 813286, 344258682, 1901813792, 1092870525574094849, 338663671, 323477705, 190815650, 138145550, 296472425, 103114330, 129507007, 531941212, 2777115212, 4869918364, 37585680, 234122336, 1119360408, 179256110, 158520303, 1888555146, 291757371, 279172867, 19147974, 97709361, 61527398, 995840418, 27044596, 73121583, 80344952, 317926822, 220141116, 213737785, 946447856, 146198816, 539399677, 227831113, 247454840, 779025091166367744, 732288306973671425, 252637947, 300269806, 123326795, 277541012, 387338439, 337954197, 361870689, 2382522535, 151960943, 976207643973795840, 3100272811, 595861403, 85925239, 2596974541, 2933004397, 2284286371, 217224863, 296372567, 390544846, 121291606, 950990450, 492696145, 981560801583484928, 16034244, 6433472, 126109438, 87255421, 902611092991500288, 19038934, 990692048423473153, 2909718042, 3227412666, 86401451, 17847390, 712666787922493440, 213736993, 749788670, 262388671, 17633132, 28453440, 18194015, 19388112, 27989298, 8071702, 19372538, 386787531, 284868919, 27978149, 2980818132, 2362194014, 17570748, 54479158, 1059580744643751936, 29578653, 633803690, 539352309, 347680613, 140594995, 3164751252, 1064972063868256256, 2551425920, 76230477, 35631281, 43695841, 1042474943957458946, 623385039, 3311735143, 2577136903, 1362551365, 14251258, 2579034254, 17877465, 996195758, 218748893, 334785521, 112561901, 348714141, 348148173, 4843057790, 21417870, 35574979, 217529310, 106539731, 202748161, 161406152, 409729471, 506884824, 67718142, 171427179, 18170091, 20548117, 15801318, 392241989, 23500954, 21686626, 285295171, 17998512, 253330455, 304514480, 2218238575, 2830471285, 388445154, 202239224, 426028616, 180861872, 270919752, 708351838223867904, 450064421, 1077716970, 52466935, 293810221, 20108823, 47408203, 61525178, 127760982, 112476445, 127646580, 4072399825, 307017991, 32343249, 596003166, 2911254840, 19617745, 25125905, 69343363, 14604658, 415773647, 1025196890516856832, 246360602, 171548670, 19086314, 41681295, 116882435, 731505290, 567595566, 36716933, 174812966, 20801098, 72947610, 374164418, 19724723, 224322131, 18640709, 3279636139, 1454477221, 69643668, 52147094, 430141298, 19677789, 204620133, 133454567, 19565285, 19240249, 28612106, 740327312449671168, 570075374, 89536553, 733132826, 2337271860, 108976076, 2575368782, 117116315, 356481582, 374162887, 2550907015, 216459817, 2371630879, 518534959, 556227931, 197504820, 1607043714, 90520238, 51058587, 70442891, 39363686, 571207632, 533605462, 534571304, 752960171005968385, 2377861669, 55323056, 71363337, 915546504, 14831515, 1939545085, 25144700, 267764853, 277507876, 22157556, 89805993, 19292527, 187233462, 120227040, 221079813, 3246171188, 372954662, 288428929, 293584152, 834248544185786368, 632573012, 1703326440, 40297875, 2201831000, 976857932, 69499951, 2903876316, 2232395648, 188469193, 380967634, 455082299, 150871288, 209729550, 365633749, 515706353, 2283996799, 916001054, 283604586, 18439871, 2416076628, 2918950452, 718109153470717952, 2997248148, 4888646892, 4859982716, 2208030098, 2218317265, 4391218392, 3329064494, 2222104706, 2839231904, 2473124390, 2190515089, 2226959701, 2207706006, 730431480963289088, 71080496, 8736882, 140252240, 16307818, 16220555, 14260960, 14216661, 12413032, 116502194, 18921643, 15147042, 85433682, 17138582, 20711586, 14499829, 373683618, 16342817, 17679977, 16313405, 203123011, 21525682]
"statuses_count": 96
"date_followed": "2020-02-13"
"obtained_tweets": 96