"screen_name": "philanthrooy"
"id": 1227909766485336064
"created_at": "2020-02-13 05:58:09"
"lang": "null"
"location": ""
"time_zone": "null"
"url": "null"
"favourites_count": 0
"followers_count": 3
"followerIDs": [1226369072285147136, 1228372903772581888, 3355435191 ]
"friends_count": 54
"friendIDs": [1344674372, 3026514116, 1177892996328632320, 1086993312840601600, 127575620, 3398858961, 27131277, 240824628, 61025221, 18776647, 15460048, 364505837, 55482685, 17621710, 728586846570156033, 712572767565135872, 970704038240096257, 2993914920, 3064309126, 964463421268914176, 914457973, 17883640, 21910850, 21305757, 15651878, 14791251, 17074714, 14920785, 34738598, 386244525, 14790966, 1663185992, 917704235801858049, 866953267, 1573440108, 428377986, 1632937837, 300789811, 39520708, 333935142, 332032842, 2534938274, 1131146911807942661, 795308261775917056, 832148985099993088, 2902700086, 1563933356, 360735274, 1428500144, 1179826931191169024, 3355435191, 935542746345082880, 117685967, 1060589563]
"statuses_count": 6
"date_followed": "2020-02-13"
"obtained_tweets": 6