"screen_name": "Politikosss"
"id": 1481959777
"created_at": "2013-06-04 06:37:58"
"lang": "null"
"location": ""
"time_zone": "null"
"url": "null"
"favourites_count": 0
"followers_count": 99
"followerIDs": [1226627094467104768, 955750647948771328, 1073408239713148929, 1225882263520452608, 97978258, 95537430, 1184471858181279744, 749513630929027072, 261444646, 1179018826681393152, 794847236245037056, 42034114, 1135671108852736001, 1141705809245720576, 2859440350, 976729417681600512, 1012062156463001601, 1127248794083627009, 2836823086, 913606298570248193, 48354537, 733327112254279681, 731196887827681280, 3241746315, 3664229897, 2428093994, 3360267693, 87428171, 2319011617, 380601101, 1012943840, 2700916328, 53017384, 1178504466, 236347294, 2395184990, 939020790, 1639133239, 821777761, 2876867506, 2848101136, 2491461254, 1857611856, 2810559250, 2388872402, 902508486, 2699956330, 930689516, 324489373, 2598459625, 189439996, 2634275231, 17150156, 2502353725, 393971628, 31524086, 391413155, 249346032, 2485631402, 2200089990, 65340209, 1605301752, 1289731958, 939489338, 2173652170, 383820312, 408381116, 2181351458, 2164942072, 100956347, 1615698253, 2239884089, 1023220632, 939145496, 191217933, 260332566, 991820366, 559551858, 184006847, 1478366802, 1667530338, 1708011536, 1575610969, 1937302976, 57582720, 73381322, 273341221, 75863742, 1681338608, 282610176, 1485511226, 1650429505, 94181603, 512402663, 1473112262, 38473383, 33256953, 595551414, 1473395377 ]
"friends_count": 2427
"friendIDs": [276799677, 1204358122883731456, 1060987971057410048, 1014233789072117760, 18167321, 390539015, 994933392545402880, 1206992529490665473, 1189647459682791424, 1128727375561338880, 1200137818162499586, 2804062573, 800093195304476672, 612813093, 2788318453, 1243584284, 271553121, 3505490842, 19246091, 16183781, 2149552254, 757235209, 842781838036926464, 1073408239713148929, 381038881, 870834458, 2174794154, 106429960, 1091322260, 504175226, 716081732110327808, 343373511, 2372316584, 4030088173, 281199519, 133863081, 418590070, 415681345, 313530984, 259229575, 436109437, 242409534, 2913625175, 93417666, 109523018, 2302355329, 2979536548, 211228123, 112475398, 1927958466, 209077059, 282224724, 3844164135, 1651187306, 18776647, 1483283263, 2832416258, 1019651389063036928, 93348475, 1585778407, 33456450, 58324264, 587697362, 1214680713448054787, 820232837773361152, 42407972, 1141969092938801158, 23330998, 469509327, 3807877397, 981582202428362757, 1156918380173168641, 1121711956715556864, 1015890234939269120, 47933765, 728257618540662784, 31136679, 1467788298, 333571749, 2472172578, 194678948, 278248562, 208194947, 26463075, 106383370, 774274567430889472, 1108824595732271107, 96123195, 712496058, 105262605, 907159512582422528, 1127750965300531200, 93676569, 1061849315923161091, 66991743, 1482707552, 3012331846, 746805001574547456, 198453391, 334105990, 304628243, 288228311, 83227053, 312077631, 304085796, 51105548, 95428099, 224816746, 258304495, 962962419365699584, 170309622, 1074160832, 3249095936, 1687381651, 505859474, 2905231444, 708872072261279745, 1151941880042725376, 19953459, 106759048, 18618367, 1107089790, 839148081622958081, 2414680531, 92779395, 919175965, 51682451, 1062538888353329152, 996745767384698885, 443263766, 1578273258, 879069075896512512, 67865870, 44912636, 1507789706, 912067774515736577, 761511373029437440, 3065792405, 803272097531383808, 1514221358, 3391874626, 18270066, 97978258, 128946595, 242704372, 61020403, 351528429, 370331473, 4271927776, 388833764, 2445145434, 2329706395, 586624866, 867064105, 2827010891, 32327946, 1975124059, 1162283895452127232, 1202683638308950017, 256665334, 36402555, 710211325532700678, 1131186660593553409, 424245525, 925279598786605056, 541483613, 1003603855937101824, 3224063257, 604416116, 15145579, 1085563848, 374332465, 190213419, 29417823, 27308964, 73068962, 134396547, 1656413288, 52711359, 1684287044, 168252046, 2520598929, 1471950343, 815297463695327234, 130549887, 175330919, 1171549914234609664, 1031925613, 2288184907, 1417383481, 1936999562, 1058312375198273537, 3403291798, 361885274, 2831401269, 3921951677, 931227981867077632, 821265074, 1150509684, 2306793708, 47507739, 760116187971936257, 980704776, 94773294, 3143602649, 769596638163861508, 988972878, 749513630929027072, 479951326, 2596400281, 1064917348707127297, 715994645302476802, 972433987456118784, 738431962176737280, 723576019672797184, 948352619252154371, 792099319381913604, 3607149141, 261444646, 4901781159, 918130296247209984, 2926096172, 2859440350, 806512911430651904, 818910970567344128, 128335570, 2886757095, 2913742355, 243378120, 3001271270, 2514662850, 1151612035, 885953601067208705, 83826693, 27035508, 3799178174, 316563931, 292162091, 727860670826463232, 802315360762413056, 969235411078930434, 1173879032, 250324094, 2460460178, 3174008643, 34251591, 2574596640, 249106939, 827688120, 2503123638, 342658358, 1704525602, 21346365, 2951394653, 968882758838898689, 719252416600936448, 49641432, 1394087514, 1241258612, 73857275, 486807020, 469643942, 3247956994, 2334732225, 420461348, 467305609, 1262358038, 980206908, 2535813769, 437079874, 946898048, 450218191, 882596167, 3174013353, 82722595, 3892992904, 219062174, 249552780, 2364384061, 265659881, 56367519, 67918993, 1081190760987480064, 243380652, 416473826, 87399697, 47438401, 49292117, 4416714328, 1149753717564088322, 282122947, 905828998671949824, 4512366617, 994867577162694656, 905837680675749889, 164291336, 81221840, 403530002, 1699443096, 1540693298, 126002546, 567334863, 1110222162, 518687078, 22760252, 46306298, 1913520128, 225732857, 385105421, 815514504, 1662687974, 1239525318, 968429715974447104, 833655353803943936, 750600055300710400, 967354664, 2225322553, 407290685, 996721518028705792, 847024730, 163616150, 510822550, 2980052661, 357040819, 154227709, 816726301251948550, 829297194, 4261483947, 3957686375, 1636798616, 4358478733, 3222423606, 773787228, 806982594, 840612203518652417, 857977381696536576, 1924256606, 831625957, 160610135, 411675958, 224063162, 38291724, 519881947, 3750641188, 65666257, 706976859, 1070702838836281346, 947924373029171200, 971300924739211264, 2151028924, 971834449762684934, 700988864169701376, 2446798224, 294744259, 1591741248, 325397315, 44862050, 527702422, 906940958671036416, 240028833, 2451937872, 2451953347, 2900409467, 2431092136, 751897952717774848, 1005960857614987265, 722429335261601792, 592717515, 970053623291006976, 1432587146, 918627914, 20957871, 342823357, 22586685, 573962830, 2190285092, 751499279957647361, 2159338706, 50634710, 770241475, 1051091442, 2413204429, 1107688517478551553, 2563025276, 722862783646212096, 3023302181, 485375893, 198210052, 877098928180785152, 29426700, 758244568546570241, 864095704620437506, 1588566542, 1115006958, 586232961, 13201312, 39511166, 25387183, 6134882, 19649135, 607946179, 343890284, 377946810, 3698340141, 963502292287803397, 2599606616, 3094649957, 955743458777600000, 38407430, 1227983582, 75982003, 21120253, 1178560795, 525627000, 145394976, 138356848, 158322605, 930174438, 3093818553, 1016185179784658944, 2252468052, 2317757509, 148593548, 919310282, 4273069634, 96611246, 1473855624, 586898042, 92263845, 536978203, 448698457, 377369754, 3112590561, 801073771453026304, 834325972300201984, 791007541945827329, 259674123, 2164298936, 2469492061, 848907740, 322678561, 1652368129, 716271512987238401, 786194966796050433, 3973621781, 1962626484, 19006707, 285707150, 14124059, 1069915628960657408, 586625152, 902110072746250240, 3840895882, 838348719967858689, 995936867341225984, 3326705009, 3320905516, 2998446771, 3013073177, 3105122045, 114452294, 356477619, 3993268655, 895668327019708418, 776122414228996096, 1124625534632198149, 4096082176, 1285633544, 406362045, 794847236245037056, 106093163, 874386434412732419, 38730843, 90626472, 256973175, 800918584327340032, 427178627, 2866268415, 3412405799, 707576786268327936, 3838396821, 1135671108852736001, 1374456901, 744571367153082368, 752487114621718528, 7400692, 516570220, 524305055, 588377950, 596192833, 817317205524316162, 561447826, 2516175318, 4068305297, 42581495, 132615901, 181023322, 242385901, 501976417, 785426443698397184, 902045651726368768, 123109597, 2412586568, 145173573, 886605343, 334701573, 903820338, 2655609206, 26143609, 742947242, 786522769, 2468886751, 338893780, 552163607, 3841227221, 4853440325, 32429400, 1220489120, 1510604516, 2413938919, 2545440750, 160321413, 92212162, 244011154, 260821735, 303902403, 318306599, 975716815, 3163284887, 710310423204139008, 602964666, 1178556158, 613516964, 224291642, 338976361, 205203605, 201806983, 531079884, 144273178, 239715983, 36683668, 4288766723, 1094969341651632131, 3306379115, 707053644, 387549074, 3293069810, 253493500, 902467488788738048, 100751034, 797543623667646464, 1100825361196204033, 3832631297, 3494892916, 2986423438, 884872366299516929, 808773592737583104, 701107846621040640, 788785586303885312, 3220861071, 1009444128, 1340052120, 758276685221560320, 2287301432, 3158275225, 609340447, 2768737061, 1497916045, 547521006, 799085143, 418976292, 227938071, 953340232962920450, 207620253, 327870981, 225913958, 794216476777529345, 1033500874449010694, 1061367864240848897, 152321513, 886823305, 856344540, 3323034093, 874144915, 1054719751027650560, 1061901259194728448, 584162442, 2151066475, 510366393, 985566379897163777, 113289877, 938742900338421761, 1424986688, 1105902071918809096, 1081101565119868928, 1006419421244678144, 97405769, 911318613801480192, 107655313, 765187661996883968, 422861505, 554492357, 58608690, 130553833, 29241141, 109046256, 821814254, 4836947526, 462128369, 613468865, 563957842, 90896768, 14294699, 67109130, 1012062156463001601, 1260176245, 403093403, 4258291115, 795537297299095553, 847274042, 44315238, 739411079407804416, 878950556487864320, 1240391047, 1116102965536759808, 42034114, 509850346, 3031168072, 216356915, 828518780473049088, 7857962, 726086120061198336, 74447139, 444651201, 894840259254648833, 2559980121, 1223501743, 791812078730223616, 300860586, 4504667477, 453030125, 273468342, 39085195, 50285664, 1926360631, 16145473, 21866534, 20149239, 16544818, 36924745, 322697372, 14559745, 140003488, 19336092, 34570810, 140897183, 74703019, 145935897, 2589125882, 38146999, 105254092, 39743812, 2969760609, 25390350, 114508061, 22039274, 1497787496, 2711656710, 179028558, 899575686, 1722541195, 877853172039114752, 857710913989869569, 902184583160090624, 964505662871998464, 990908805486727169, 798550992493150208, 874970681020227585, 3021233127, 54903471, 98853413, 241926029, 1686862418, 482353209, 867351037, 15657682, 905717060, 833321647, 3066095291, 811229675758505984, 148517828, 104277809, 46003622, 17969699, 42466512, 114579672, 364761686, 62780688, 231081762, 11695472, 156669688, 2195671183, 3091150576, 1029296366, 952001340, 1962235795, 978844976, 1481870521, 18531639, 3027577229, 377054360, 329562672, 78637091, 4793457795, 194643654, 847484052, 1083426901987860480, 2548704956, 3217058399, 187508860, 2346835213, 229811365, 778135963189075968, 27830610, 300876599, 1368824856, 939899086387507202, 4209541521, 16434613, 854669892200652800, 484724670, 937963107456036865, 786826118, 837583767602663424, 930812439524007937, 877869892611002368, 19722343, 272621942, 33474762, 399952101, 138355373, 357224354, 1259642371, 2430905582, 183062443, 53645670, 58430505, 1338316182, 1281009498, 518384109, 265976874, 318156710, 728150346, 15998426, 48470015, 612442555, 29409234, 1595419400, 160483292, 234424823, 26380701, 1961213640, 470099591, 50101725, 523335080, 271365891, 202147466, 44128516, 15915182, 3291441743, 2923724679, 105328660, 276900575, 242359351, 36083059, 90736001, 1011703008869007360, 631259499, 80052879, 147982554, 14592723, 44196397, 50393960, 91478624, 5120691, 102700680, 25098482, 27860681, 20596281, 20646711, 33898911, 17899109, 9109712, 22708797, 14499829, 16348549, 6519522, 16834046, 14055301, 783678310429646849, 3401268443, 266639381, 113398253, 508354337, 727042297519562752, 15722740, 2286435728, 188723073, 582998362, 3087040671, 2858897099, 198254398, 261923949, 191023425, 1464472956, 156290470, 1866312924, 260169297, 111362459, 12609292, 52999694, 46090688, 14275129, 17839398, 118379144, 342635517, 75639698, 2254048320, 154183852, 17651596, 605611517, 60578145, 275132657, 261122195, 16600393, 21288364, 45421005, 478446481, 186478607, 521928101, 1042790504, 3120884636, 1478394204, 2370898976, 3202412338, 85289376, 243661185, 1871810342, 2797976810, 1855392492, 386473650, 365063938, 23068297, 12641582, 63421565, 325486395, 1029343455556915200, 894592940508680192, 316029348, 92507225, 806515362, 822069492, 175397167, 179625533, 15737899, 534390461, 105107611, 149090516, 248726341, 2192486359, 38666823, 2510158290, 239549305, 21215254, 1286654618, 373082888, 343093775, 284878483, 52091421, 318387052, 628702556, 1309977980, 2340848833, 2365349654, 2842803152, 880761793, 2752369682, 7951782, 1411598672, 595830883, 243393689, 502811623, 374441491, 285099333, 1046876136, 330195221, 16308922, 538043125, 2446686996, 142296351, 109720244, 3826373075, 56975985, 19993545, 23096286, 136338779, 21303235, 51277270, 2524359055, 90853507, 352365909, 1605368198, 205337628, 14095052, 454816837, 1082798701, 2401956890, 2870496177, 2954765453, 4500381993, 41167959, 2239364131, 3008152324, 418503630, 3320675296, 3030000880, 3017865173, 334690062, 1543842662, 1389885146, 2836823086, 1906981357, 71203627, 370031699, 1004340367486062598, 433637487, 426125129, 877588353646034945, 78693618, 180296665, 2290970406, 4155293848, 109217956, 1577723760, 70943107, 429926807, 373220891, 976729417681600512, 1298615209, 863669286, 426617613, 2903620930, 246737389, 958338523962204161, 980360122710011906, 131120137, 402631162, 2372074963, 420317669, 106714404, 158703582, 218477906, 749673858, 17121651, 22431691, 202216517, 95428454, 466578596, 840670396810575872, 831626754003501061, 764553876129345536, 43115163, 35749197, 39963353, 79188223, 191797566, 21390756, 211812390, 161340890, 3289880226, 178432571, 3592173977, 364300362, 22012460, 3068389012, 3068367941, 3624124337, 2174470418, 2283700272, 16079505, 4353234441, 1840798400, 806184598552145920, 841967419912515584, 993552666, 3840677657, 904135891, 85469815, 3824135656, 2892227237, 933652115771314176, 1026202675, 1710167760, 2797870771, 2319528847, 1550641549, 2870542421, 887963240088694785, 850972526, 3160777371, 64753254, 2742636202, 1471985970, 2542448137, 192627398, 1251314418, 241881687, 2724790458, 577072497, 2191095757, 850888387, 294186918, 1331528174, 24548977, 80258605, 2396773765, 4140607403, 330383479, 407160443, 133040246, 18014005, 245131468, 2273363682, 207652447, 23929450, 22809165, 233301082, 17614849, 16017475, 29442313, 18622869, 216776631, 10778572, 16833653, 20508720, 21268897, 7794142, 167518667, 990009265, 116630713, 14348157, 327577091, 93069110, 87271106, 168295477, 47813521, 1371618385, 1691574356, 6135642, 2402133746, 91134100, 442910294, 2807674700, 69420353, 3301500364, 710338301513826305, 291582842, 87645208, 22626881, 2231905548, 740148605571436544, 800942537083068416, 758209545281871873, 986013643, 3309854115, 754211096920256512, 3254814862, 20674741, 800950266497474560, 852096720, 775742186595823616, 229425990, 102464663, 217742344, 435664058, 351435244, 84700631, 70764277, 293471759, 250607095, 2268740112, 2270488658, 51241574, 759251, 30313925, 822215673812119553, 1536791610, 822215679726100480, 813286, 1339835893, 25073877, 2566535282, 2373735295, 81136269, 815572487480152064, 198381553, 31114386, 47455112, 125400908, 37303498, 95048311, 24382468, 1012827548, 3672774861, 118146998, 60255485, 1107057350, 3959105176, 22032403, 2910985588, 115061641, 516598228, 3030970439, 22974854, 2461594566, 39727062, 1074191400, 3664229897, 3415522365, 37350044, 72614717, 95023423, 168523752, 2428093994, 1417901964, 23975060, 253227005, 47305435, 559088786, 2786591042, 17001490, 262846232, 25991885, 45155079, 54359582, 2191205774, 1480357741, 576132519, 3095453967, 2342143807, 3027187752, 94272056, 2844388905, 2319011617, 2379700903, 471957050, 223845321, 1491755498, 2963784550, 3254415233, 338942948, 3374594411, 415480040, 155924984, 356210040, 204761416, 76731591, 87187749, 173852513, 450938008, 101746631, 598419512, 221351163, 190400545, 562695725, 219786617, 59451201, 544387589, 538186485, 1080701448, 286553508, 145175917, 1494034783, 1578651529, 483178004, 1030707523, 1391614832, 1947707006, 1609040436, 1340275632, 1977792278, 110528264, 87428171, 3144928678, 1424082012, 2968017238, 221691536, 898434392, 2186367906, 2174907963, 489652417, 478597612, 2850319257, 173734836, 421870100, 154648711, 103667252, 805376774, 92587382, 241868469, 252478320, 409238114, 1114846580, 72565537, 75034849, 201044967, 82703417, 138892081, 2240662596, 1241597156, 1666186003, 2817533040, 2848309557, 2844289835, 1582853809, 2656624182, 267336402, 380601101, 1546483093, 112424072, 2569399592, 33160996, 233488091, 2499195847, 2722808949, 2230171435, 2730858725, 3063853245, 2923622031, 1850831042, 2946332979, 1574767022, 2656180976, 2700916328, 53017384, 344546458, 1673248831, 2992665093, 421073850, 1915220108, 236347294, 3044946971, 116729780, 201201906, 27054706, 20840441, 19003991, 182876615, 83466368, 515838635, 164263382, 196994616, 125995973, 818837224003289088, 2180126766, 80803819, 19590009, 217616314, 17675072, 50995683, 36329597, 206717989, 2380541912, 2395184990, 1639133239, 2848101136, 160870124, 2575650899, 11348282, 2491461254, 2720231185, 1652893872, 239586693, 26462713, 2810559250, 2787957480, 64605561, 414298371, 16129920, 55355654, 18510860, 244655353, 13493302, 378463392, 335972576, 50367908, 299413847, 70698476, 902508486, 275011087, 1612642381, 930689516, 2527253678, 205625453, 286712900, 94100319, 227840760, 1142592968, 1651899547, 195447005, 576112270, 743048857, 331487720, 435970048, 2154634747, 2284075404, 380811113, 490811595, 257941615, 2300526186, 2276678508, 85095030, 273892832, 248652369, 1516278176, 1224534710, 1702597842, 1602888715, 1594258081, 1896983401, 1629837336, 2244485490, 2541848500, 14808226, 76575728, 109368998, 1022601895, 125626126, 163770896, 613274398, 481084862, 507445824, 537560742, 1412659076, 168455141, 2151359476, 1715145601, 2338211407, 1964377321, 1685936628, 856151006, 35787985, 24050955, 22934558, 48744787, 35309639, 231813953, 148097883, 323084505, 236164662, 285315971, 238195499, 1495393099, 1471971547, 282272701, 191591944, 1558144302, 98970090, 269848708, 2307397555, 316002619, 490509409, 1536607802, 47635420, 1669402057, 1606449924, 441037894, 21581324, 2163487334, 2482210887, 1479609421, 1707273396, 1541988056, 466897505, 418042887, 390618490, 233514437, 285584008, 17150156, 2194337790, 47486085, 874589102, 891295957, 1020000348, 115189158, 186225377, 825329966, 420847477, 428440623, 518567792, 108103186, 566967598, 278542486, 253702889, 491329163, 794975898, 222188755, 402094039, 229847137, 2200089990, 35201774, 62241187, 189280877, 44088220, 85405988, 141772948, 73553243, 49381990, 290180076, 214910741, 381944770, 1712636659, 802474202, 1969146060, 840003558, 1125939048, 1324698660, 2433457332, 16343974, 590728805, 1063705261, 1351110980, 145203055, 164617809, 177179008, 372789982, 150146082, 182721029, 35713039, 76291685, 370128953, 324489373, 103682553, 103890296, 325097829, 171167873, 413854654, 88525380, 221619717, 412147194, 65704260, 821777761, 31524086, 18036441, 176932593, 789791923, 108562854, 14800270, 5694822, 519442683, 1192548086, 2151302274, 248579882, 95412958, 41159415, 436566905, 79946490, 2371953572, 2258271361, 68363367, 85243004, 1618001269, 1944900780, 69326696, 577159671, 456177793, 2388872402, 261367317, 66960892, 1506875053, 1483282934, 17038090, 25562002, 167346791, 14412844, 612908244, 812142626, 26763070, 619608752, 249346032, 803605580, 75757718, 1209875989, 2302285268, 123908914, 67233984, 75380177, 223558355, 58755665, 246181702, 109989715, 129817240, 1485511226, 2409455960, 2482789087, 2485631402, 242621242, 483463552, 22411875, 20802277, 385539815, 285112321, 1907194902, 2264040619, 1584181934, 184888306, 2249924453, 1271190115, 347751788, 226951255, 1289731958, 383820312, 243317628, 408381116, 419158089, 15907720, 239767112, 73364645, 16670996, 24892308, 12794362, 29995610, 47760283, 82943239, 37503614, 96955327, 25506738, 1615698253, 393468997, 68692061, 52028554, 33589312, 105959525, 425831494, 434037263, 85893061, 425164891, 221868493, 561975693, 964859113, 262551442, 608515448, 1636650218, 320071671, 105915404, 100569076, 84729044, 108263958, 224145607, 158397696, 336850488, 564468886, 1728268471, 414781302, 394670401, 103873875, 203887506, 1386808256, 65642163, 102672406, 1443702997, 575304865, 108967891, 837967836, 599348652, 239543884, 171889516, 280479186, 788524, 238788378, 400566186, 430878414, 273214252, 255401317, 389456363, 767964972, 727936824, 526964408, 779902664, 7157292, 24150634, 432396256, 224663627, 217422465, 198618575, 1003558398, 280976134, 157981564, 258790331, 20451618, 3108351, 1670366851, 535249398, 2198252947, 5988062, 126571977, 222153666, 91099960, 434829567, 252990071, 226586010, 283995428, 17061263, 282044170, 1259894586, 15492359, 787776642, 36637698, 64820716, 138464049, 366087836, 370177516, 151919653, 1404590618, 14361155, 14159148, 98080188, 398236852, 1870828794, 295674527, 41780235, 49953884, 939489338, 191217933, 1672762980, 19243413, 5695032, 982593980, 1868111306, 1337291827, 461319330, 79270101, 168619698, 58478256, 65410718, 24619106, 93191261, 113388430, 185676559, 58504071, 33474655, 48289662, 40234732, 19910826, 17865542, 379729429, 22611252, 22152013, 21643972, 133454444, 629263829, 99757609, 1731320899, 1893217854, 2188287693, 23557073, 1937302976, 25573730, 106915888, 939145496, 260332566, 1243914078, 540351567, 88812762, 15274083, 991820366, 33256953, 285192677, 785406012, 268326833, 952379738, 939020790, 424081687, 1478366802, 1667530338, 267077962, 264125218, 300237077, 98336909, 92713062, 18637730, 1511274642, 170337205, 1046052817, 1488110497, 1606143920, 1951978380, 760133438, 226858955, 344605625, 1342316870, 529661015, 405015059, 20798630, 144209845, 15962096, 19979590, 21791760, 15918501, 14286496, 275020671, 18861666, 28223477, 154096522, 296225782, 322617735, 246322918, 277946225, 720291319, 1591840602, 130488429, 411887872, 156651229, 509025391, 296258315, 49946953, 160607739, 234320745, 161279587, 88708629, 1386897643, 282055947, 1477904862, 372339428, 1430884196, 582850474, 436748964, 1702036771, 502943498, 726549763, 557320566, 1548079141, 297502348, 1614879366, 1845985260, 1394940246, 1495293930, 72873862, 432592314, 1630360016, 439436052, 285791691, 288128228, 987301375, 216790628, 480837171, 196418938, 533832747, 15781713, 22009399, 38993997, 197827995, 184006847, 1081639453, 37372199, 113324702, 123548080, 6860232, 22131151, 14293310, 91226254, 1530776424, 14511951, 65340209, 391413155, 419902594, 447399377, 496512600, 499711572, 72424982, 610881084, 1103814157, 1471962324, 1575610969, 462865706, 1602376728, 1620820458, 92554255, 40307265, 398996763, 207995958, 296482612, 112419488, 323340113, 436800496, 88429453, 221721034, 307374772, 105913830, 120391997, 420617646, 83427349, 72644483, 69382909, 180463340, 57582720, 189439996, 73381322, 250696739, 32836955, 123209551, 10302222, 286280589, 461858710, 307767596, 579766193, 545113234, 334821718, 493482998, 80048596, 230393685, 15762708, 1787548704, 16369150, 186371713, 255419247, 14606079, 869825995, 17002185, 21764343, 1440641, 1767741, 1435461, 1754641, 1775731, 21416856, 37917164, 50360181, 59145948, 59157393, 17006157, 1414883023, 1366635966, 1726287582, 606326707, 1381801147, 97964800, 69079351, 78271371, 102944998, 256001151, 103540962, 231793725, 71525415, 156363704, 784508168, 53371665, 232164936, 389128211, 12369372, 628134137, 45317267, 57351099, 106691456, 116060819, 935743802, 98885540, 1695181344, 149180925, 392371312, 427059715, 474392583, 55078954, 809427877, 220824313, 1638231860, 1671486960, 964290374, 35993261, 1584427574, 757537039, 188261620, 1308253814, 75293774, 586808668, 113679065, 34704817, 159075864, 21114659, 584634700, 284021956, 70084160, 302128471, 47550771, 68202129, 67289657, 155307961, 47814419, 252451194, 38919598, 384369689, 61731614, 27699644, 637325232, 89277010, 579952587, 98015030, 263083479, 188736341, 28100323, 70985635, 22642788, 505748969, 1192644307, 322618609, 352336966, 63480496, 37671177, 1227524245, 913447502, 364574824, 1600886726, 463053348, 175322763, 16686144, 1241614537, 5924492, 125798407, 61206798, 234460214, 1550852750, 42501345, 236417313, 461012113, 72882382, 585155044, 622770485, 825405067, 377982356, 278036371, 864727518, 776512543, 780263304, 457650399, 625618443, 612244281, 380383240, 559551858, 75863742, 5520952, 18964696, 121490140, 210263702, 14677919, 201894276, 71256932, 36302442, 377926900, 17918704, 1434251, 395359094, 519313258, 1023220632, 94233956, 74281823, 238559490, 82138109, 891625602, 78581999, 1280222281, 772984850, 701040678, 228663912, 78232624, 966327438, 736732280, 415423004, 130913356, 23319530, 63540712, 179239067, 282610176, 359918699, 43322246, 31372205, 114708600, 33326333, 22663414, 745174243, 192695210, 952356636, 1554094388, 269314597, 297512985, 813653268, 54205935, 190171522, 583778544, 332259238, 378011612, 88907010, 306114466, 1650429505, 94181603, 1623736436, 275475760, 603597498, 1451603424, 1495429370, 506088616, 996194606, 1261531800, 1583172445, 1461480800, 33891784, 345231050, 1404635984, 219603769, 252271560, 1494983960, 284694804, 176815278, 15876845, 224620664, 38473383, 1473112262, 240265305, 272613386, 24744541, 36114309, 32840591, 191750596, 33683331, 1152201234, 385576286, 70994346, 108631068, 14075928, 146778680, 735122173, 180361443, 18267548, 266084123, 1218536047, 1492244364, 99620272, 953468658, 376819013, 399902715, 419660743, 1466789035, 1474964401, 169546981, 110486147, 634726367, 56524416, 71006154, 31424362, 4608961, 96428689, 96569919, 211235703, 20106852, 270931952, 208268170, 17471979, 14647570, 382111375, 433934258, 76762055, 389111108, 45383906, 590063789, 136969840, 93478603, 472873538, 577556433, 618604255, 81822159, 292822200, 49624389, 218084199, 2553151, 224609329, 145011173, 785266244, 245817003, 253554116, 36670025, 606776750, 823905, 17654763, 47049367, 25067168, 65375759, 335177549, 86817929, 273551021, 411769677, 15057943, 3459051, 15096075, 23630483, 79256558, 68214482, 77062167, 191038935, 126392441, 415004738, 1239436471, 414154164, 55291560, 44390004, 17995712, 216577940, 1530820734, 494053067, 17990493, 541933300, 19826509, 84944278, 189376144, 1947301, 510641096, 477103352, 23125257, 461305047, 154588112, 1485844842, 1547855318, 289923917, 1537209894, 43923450, 181472199, 587470912, 214904620, 258970601, 382583508, 605238898, 451843369, 11178902, 86885156, 172264000, 399957278, 431800760, 1438240621, 207593001, 23441644, 391582147, 25861979, 300328573, 302283244, 22001973, 223768322, 322025321, 72901785, 320601662, 153772652, 211873347, 481556255, 145007561, 357037290, 593075686, 253765452, 345811633, 297042923, 304337899, 4970411, 70694795, 15143478, 497486312, 22240612, 364877693, 599305199, 490389216, 290061912, 220706699, 225327108, 556713042, 458640978, 512437041, 145637907, 197601286, 102189986, 431857099, 183665035, 4898091, 398580491, 86719278, 456907772, 306400881, 123231072, 972535501, 174012024, 609368348, 137072035, 1060969921, 364440879, 1152257844, 390822157, 18213483, 472330599, 99241269, 708946592, 408807024, 142051610, 335369838, 478473123, 380648579, 1553767850, 100956347, 1487373565, 323040062, 111031983, 97316295, 1533721880, 90147893, 191463878, 94086151, 45819962, 145201879, 202539226, 1470577722, 418294974, 139205255, 236131165, 202220952, 62563133, 1488674095, 595551414, 576612242, 303515017, 1475049422, 266644093, 399367980, 193896993, 180731148, 501637514, 270290842, 69589842, 376453566, 628424021, 97266662, 91444055, 372995715, 148036790, 510037003, 244708421, 394571153, 1473395377, 294036393, 109226167, 153169236, 68433639, 96123433, 36304709, 614331387, 242352871, 1098013111, 122763212, 29433646, 1384381712, 99081085, 143816656, 364393999, 457238885, 376721491, 454227420, 423591455, 220838130, 330241931, 74163193, 21849480, 245377014, 87775563, 379152064, 290741583, 270249548, 265421074, 329197146, 238518506, 491461932, 262782879, 264433298, 371693204, 257468356, 383251838, 384415718, 350214281, 234460281, 255185337, 375001450, 259763090, 501902941, 548796255, 475267705, 207974147, 439156250, 548804383, 178444449, 384317182, 73070911, 473939094, 614659332, 478938320, 936639500, 143409264, 112769229, 219248343, 69181624, 22854057, 54311364, 85858346, 216656351, 636874348, 41931916, 119007077, 97877232, 612473, 2097571, 807095, 18424289, 1877831, 2467791, 1652541, 428333, 742143, 214205356, 64643056, 1475313254, 16626956, 95038566, 380262602, 80549263, 891621930, 406689591, 1473908526, 138183480, 468835575, 483121138, 1475374860, 1451176436, 1470210074, 1470883566, 248607863, 57593398, 463856976, 87818409, 18191182, 70954919, 25179560, 21982720, 89465917, 5402612, 7348612, 323153951, 1000159969, 240321837, 92259160, 16973333, 26792275, 16153562, 15093629, 69231187, 14700316, 33933259, 17137628, 1468492285, 16935292, 1450686254, 38841226, 311941597, 66819977, 295387852, 114794628, 433661824, 53333911, 63796949, 92242282, 252486897, 465416612, 1331762184, 218436831, 66968296, 311898611, 44145244, 103103086, 60668913, 280946235, 143841070, 36643948, 34609354, 96434351, 38408060, 99564663, 50354388, 196664456, 18374131, 73880716, 94353753, 122337575, 257037881, 263710865, 377964190, 98409905, 329081326, 53635359, 117078816, 113600351, 74989932, 80268332, 22358168, 17209206, 116768508, 62890569, 157986456, 154140901, 214017108, 95248383, 181567076, 229311887, 68034431, 95602761, 30631061, 22475139, 61189897, 15016209]
"statuses_count": 1
"date_followed": "2020-02-13"
"obtained_tweets": 1