"screen_name": "rajammehram"
"id": 1097325775806705664
"created_at": "2019-02-17 21:43:47"
"lang": "null"
"location": "Islamabad, Pakistan"
"time_zone": "null"
"url": "null"
"favourites_count": 91
"followers_count": 15
"followerIDs": [1167468678981521408, 1132761257394790400, 1127558540397297664, 1032642124053995520, 974636281144709120, 1105775184122970112, 4357483283, 981435123227873280, 1100904962702356480, 1062063668161118210, 1081774579142533120, 836100496469426176, 3089492351, 1074396354372386817, 1022547008719077376 ]
"friends_count": 219
"friendIDs": [177547780, 2570701735, 132493630, 2396063839, 2177139587, 615983648, 298959564, 1473339486, 936638180782198784, 18776647, 914901051173679105, 2799412446, 66346348, 103018203, 4192938254, 4498995563, 4842815741, 297320248, 259870089, 360104966, 113286385, 45075214, 546580892, 1320350810, 1462253749, 144404257, 849372606, 2439098062, 275564493, 1417829894, 1098920121689694208, 1094024157938049024, 1084384677182492673, 750054296008400896, 4060023383, 731243352394465280, 102355805, 959139917136826369, 1087367761922281472, 69807765, 740684335599263744, 570163567, 1080588505, 3273722328, 733470260, 260688830, 352184105, 481156800, 2358945534, 1099273785730060288, 2590973106, 1899753314, 2517265256, 774578732505960448, 2714153694, 244619342, 718649290038444032, 756052535765598208, 930126272885415936, 886106260701052928, 3187244617, 927205701516226562, 2246511762, 145924381, 4285547543, 4908027275, 412681753, 752978510180970509, 834911994, 4607065693, 775887091, 700712783147573249, 497658491, 2997446035, 139118162, 450504440, 2507863381, 2420020489, 502006696, 1023818683813167104, 1046428260081569792, 1033227137195683840, 4405094896, 704003862, 1229514799, 891317508006871040, 312620934, 1114997227, 415709718, 2289924818, 2383460004, 2183253658, 4402375702, 1433730727, 99458922, 22127823, 165796189, 498683789, 363735079, 2526480081, 2403063588, 2423374563, 456640876, 4796549277, 264654787, 1046261100, 301756605, 1588831796, 189875048, 4119213849, 1591593414, 4511792848, 870440977579646976, 567483109, 4478726652, 3233992591, 878897533, 2401374210, 333800185, 4459089568, 581123710, 549630210, 210792232, 1097459174093611008, 2910118783, 1086007477, 903299867489034240, 498097138, 120736852, 2592111318, 71025920, 36140582, 244841791, 1405634244, 711998202, 522421212, 1547248286, 634390910, 887446754907623425, 24589305, 306818072, 2183077371, 2794843762, 1907329838, 812245306876141568, 104141949, 4602665961, 2547003223, 94368164, 1062186522626154497, 28214922, 848099424010194948, 171495976, 1055929464612282368, 2238517903, 478786474, 368324788, 1011297899463041028, 280414970, 724623718245367808, 256556724, 1038679962939740160, 903495284, 1024969309683179520, 701029405724901376, 1003567422752911360, 1005338838821154816, 763047131531706368, 3311764832, 845598125704261632, 1094279009314193409, 924641824295342086, 818833616843194369, 955415674012266496, 3931327054, 767451651154255872, 919960945492979712, 702009075974987776, 917431258472439810, 950231283979956224, 827112265300180992, 4400876892, 946483095242452993, 1057224356277952518, 2945743254, 916523428777267200, 809699017424703488, 787687215916875776, 724138250227560448, 1026005756842319872, 2899519074, 981187711695491074, 706755958236643328, 1065949222690639872, 821364147392757760, 3948252274, 970594638422855680, 752043428096118784, 901493574814109697, 887743322646818816, 4778713455, 2837612695, 3695159297, 918039586852474880, 981789344510849024, 1049785947192209408, 339040963, 54610518, 39927901, 811505937911517184, 127483019, 286042531, 589921934, 213539531, 434071161, 452830010, 794389968701521920, 1047077945347624961, 807218567343128577]
"statuses_count": 64
"date_followed": "2020-02-13"
"obtained_tweets": 64