"screen_name": "SanahSuvarna"
"id": 257981627
"created_at": "2011-02-26 13:08:24"
"lang": "null"
"location": "Mumbai, India"
"time_zone": "null"
"url": "https://t.co/qfTQRTJgs2"
"favourites_count": 189
"followers_count": 244
"followerIDs": [1107983110451286017, 1201839871981166592, 1207267117545840641, 1198432466270187520, 749098860, 458199416, 303842659, 529088825, 962176263992389632, 111611376, 2918888638, 2939116088, 1061805905149222912, 2810225131, 171804061, 517984200, 1025548624036593666, 3893244493, 1002456902154911745, 927385039, 2795354894, 1012416194765156352, 1016984959809150976, 725948811844063232, 789525504688844800, 2851644547, 50320921, 96892689, 403305606, 2494356829, 955426131607343105, 854900323349143553, 942353119895154688, 98635067, 913059187000619010, 875260727640150016, 887733086523465728, 868320024171134977, 862280333420404736, 862186851246817280, 854369317957230592, 835027057197273088, 833991999086850048, 2338225766, 807662515366678528, 731017918331281408, 805989262541791232, 792994119203291136, 4858051776, 785840678312042496, 781060344999505920, 238170905, 766562827565801472, 762627174436397056, 759130372978401280, 754009374679560192, 3229698224, 748909458353451008, 4788261502, 2175801148, 3350814813, 3317459676, 2460186374, 728564950625492993, 2877235323, 709949464874770432, 4360033992, 613188381, 4210073722, 4520322676, 158852772, 4351780517, 2475719976, 3127751245, 3845456532, 3393906194, 3801851112, 18548136, 3938307317, 3843708039, 117958441, 3711978013, 637260309, 3592837038, 3333386127, 3305719070, 85378684, 3286821403, 1267139545, 3273776582, 355557629, 3268663590, 3268221180, 613147882, 3241205545, 21480589, 428097498, 461573503, 3130598357, 3228341025, 832928282, 3105518655, 3088654865, 3062284916, 3057505273, 1264482156, 3025352349, 3034208222, 3040849001, 166471635, 3018722994, 2245316077, 3000403457, 92276292, 115037811, 2901898718, 2892891283, 2891003778, 438953937, 2860692121, 2653550562, 225394386, 2846088630, 2822164254, 190216350, 2825875934, 615084041, 2660814078, 2756175313, 2377518260, 1896189072, 1210594428, 229001965, 551002163, 2227103071, 1615734499, 335145959, 2566870160, 2551797828, 2283158178, 622242449, 1974574999, 2449178677, 2360767585, 1103243990, 85739491, 413842602, 1589014746, 635516480, 2398328551, 84340067, 2375011656, 2311411597, 769997983, 100755044, 2282557494, 833194334, 2214048644, 396411839, 1850616901, 1964620502, 709408259, 2177992141, 1915309556, 1919753192, 1901639802, 1723814966, 518620572, 1193482944, 311614121, 793742118, 587505350, 499017767, 1632094316, 814921154, 1498569966, 1168700593, 107008599, 1494706957, 1176453170, 1446110767, 718276123, 145969778, 1298693492, 1298604301, 76555133, 596256944, 1289013380, 1290458310, 1290441782, 94145596, 1009265690, 1174599668, 56087273, 75210648, 941390006, 53020288, 609088030, 177241819, 96771192, 600097140, 113731253, 955349029, 920943031, 921038203, 917063461, 377917016, 103323813, 364374410, 875560399, 121824956, 860902723, 80994336, 175699341, 181509654, 269622896, 820375602, 788854064, 793794734, 786558013, 313409496, 637107398, 334922248, 102417682, 236494183, 606200687, 270825287, 550055568, 94872928, 109191916, 490191333, 376114388, 360701662, 342546742, 339116612, 338151359, 326676207, 270985738, 270209609, 270122887, 269782131, 269310530, 269214122, 269213277 ]
"friends_count": 395
"friendIDs": [18776647, 1452257660, 1106349260390318080, 1041276537461325824, 423721016, 893484744725467137, 413842602, 121291606, 303842659, 1081356422997250048, 115868858, 1152288044453548034, 562916499, 124998334, 1638635510, 20751449, 17602896, 414946220, 345588852, 942400326359019520, 33915298, 1114696408567832576, 2719832768, 204832963, 2542889478, 1108042744847466496, 15066760, 860902723, 181509654, 799176089155342336, 887733086523465728, 18236230, 917063461, 248714917, 16685639, 40918282, 85433682, 487736815, 872805904818868224, 84249568, 2893511188, 500042487, 28644174, 17844280, 23544596, 19637934, 70652594, 3069168942, 326021123, 90774609, 60649803, 221382131, 34395888, 49239873, 68399194, 23482952, 607599583, 32469566, 19074134, 549470860, 20177423, 274040176, 240606817, 465723566, 221392767, 114796408, 60054156, 348379865, 1156866230, 78021221, 136361303, 72568426, 16913418, 85772748, 145582395, 73200694, 15175368, 885189310814842880, 91193025, 2459609448, 1189783388, 59053096, 63390627, 97383279, 41067945, 197150180, 67594122, 57921146, 4265612072, 74438629, 183230911, 34743251, 44196397, 517984200, 67719573, 56311337, 3261386665, 48537997, 877061258075295744, 264698351, 607010916, 183541994, 333980319, 341362627, 2218274526, 270426592, 77704076, 21408397, 1481505600, 927385039, 21447363, 79293791, 3195216930, 3118826021, 38647512, 2982269822, 17710740, 3150940290, 702818907933900800, 789525504688844800, 755526797492645888, 2548174136, 2854962206, 89306292, 567334863, 20531146, 88177260, 18452469, 2410668331, 624517612, 860237030, 30973, 875260727640150016, 2443465626, 468479147, 399292197, 50570785, 4196983835, 427475002, 52339151, 37168231, 108252113, 14120922, 266714730, 596177884, 37872206, 200977317, 65473357, 94775494, 1350259454, 44595330, 37858659, 487312107, 915868812544679938, 121824956, 458199416, 161452925, 260705412, 14800270, 102957248, 24705126, 58777972, 28515858, 5988062, 23617610, 32959253, 1546101560, 232378544, 389087873, 24714215, 50320921, 1156644342, 16983244, 735337279, 2660345310, 403305606, 974541671055568896, 758172291754823680, 4502936240, 3228448867, 50623693, 3304501816, 55474796, 4573405572, 776291329668108292, 1282946089, 144792607, 811972460560019456, 28635233, 69482101, 760053545605488640, 15898172, 403932498, 2597891065, 2300906900, 36327407, 134758540, 37034483, 39743812, 135227064, 108900981, 596893898, 614325207, 2175427028, 2215638181, 1960610226, 71359840, 18647765, 109702885, 171080353, 716605281048731649, 1475013896, 3063032281, 391037985, 233973953, 1969337858, 75916180, 49636886, 138166008, 215952307, 5894902, 8653412, 18863815, 184910040, 34922544, 20565284, 19301055, 1637687694, 117545779, 20908109, 488628749, 3355517979, 14772687, 321970500, 331862640, 413487212, 225190303, 326359913, 153474021, 14399483, 47459700, 44084633, 1581289837, 15485441, 26053643, 450539646, 1267139545, 25485248, 2449727838, 16468227, 20094535, 7087112, 12480582, 30205586, 21271500, 3278809183, 40342628, 273181052, 164596794, 15631238, 94145596, 2877235323, 28201743, 17243213, 3242543454, 241382835, 21480589, 331311644, 2557037323, 9695312, 39596022, 146212505, 21433995, 21133007, 740882012, 2358383376, 21502768, 22739949, 7721172, 289869074, 23497233, 457554412, 85452649, 181561712, 369990692, 45478891, 1264482156, 135421739, 30180137, 27466653, 13201312, 19719076, 3018722994, 341978660, 37972440, 216430965, 81825702, 92276292, 225394386, 271986064, 209004862, 2576486262, 2736669494, 109630305, 1258992391, 78022296, 76365399, 902534288, 44597179, 115622213, 75461194, 2566870160, 34876129, 29537359, 6632072, 101189388, 510280370, 5695632, 926919002, 15947602, 92708272, 27911944, 180463340, 105878706, 561285404, 66561957, 195703895, 93825359, 56087273, 43568964, 75210648, 41364508, 95023423, 10228272, 18872373, 65851020, 103323813, 318282695, 451158122, 36076870, 64019328, 53355887, 334922248, 106837463, 102417682, 184648622, 236494183, 606200687, 69615397, 143014330, 564311836, 14934818, 16548023, 109191916, 107008599, 94872928, 277434037, 17381587, 80562115, 125786481, 31135086, 20609518, 19081001, 20221159, 166739404, 62513246, 88856792, 79915337, 144755081, 206633988, 14216203, 14791162, 145125358, 47753886, 219117141, 250831586, 30271564, 19058681, 15846407, 94163409, 19929890, 16507391, 38479920, 76294950, 19397785, 27042513, 97865628, 113419517, 108936259, 813286, 53790896, 26565946, 65659343, 15803225, 101311381]
"statuses_count": 9297
"date_followed": "2020-02-13"
"obtained_tweets": 3072