"screen_name": "ShelbiaMoledina"
"id": 1171173672796721152
"created_at": "2019-09-09 17:29:07"
"lang": "null"
"location": "Toronto, Ontario"
"time_zone": "null"
"url": "null"
"favourites_count": 355
"followers_count": 7
"followerIDs": [1211905027964432384, 1442523650, 1180310408843943936, 23653818, 1113589664282304512, 1057860824511975424, 1009419702605701121 ]
"friends_count": 137
"friendIDs": [18776647, 929399289436147713, 13436432, 731541158, 75204700, 91193025, 80887402, 948775674, 1069405516076445697, 293065451, 186691329, 25198779, 615444681, 112540334, 78525538, 23473928, 36695839, 75065396, 1020193403882045440, 864926050035400705, 763788330945351684, 2233486782, 406703177, 133623952, 2467006676, 177201478, 47835893, 12266442, 18395177, 17350250, 1059273780, 40519628, 1128748584533397505, 89760824, 2459609448, 91390383, 18494593, 209003577, 409486555, 813286, 256883252, 17919972, 913812620, 4823184562, 28061932, 323417384, 799005952695484416, 1911471896, 68656930, 104299103, 59283767, 92717138, 125938349, 90420314, 3589459277, 2252642910, 1594580336, 145499533, 543952883, 4898738434, 2965018005, 253340075, 357606935, 912988142, 1172345859905871872, 86330674, 23544596, 21731008, 5768872, 6527972, 21279340, 273159953, 18185124, 2569261, 8596022, 17093617, 21753847, 4196983835, 846137120209190912, 754006735468261376, 121468801, 269349660, 441031767, 745227781, 28405946, 1666464534, 3062829195, 2259130482, 63112528, 19409508, 757695091, 1512446430, 963631905878036482, 938424931230060544, 11348282, 2233154425, 427475002, 15898172, 180461338, 19010469, 14847086, 94565007, 7130402, 872570005, 4422930674, 409055353, 518568504, 51599026, 288304848, 361226047, 205302299, 254632706, 2717254872, 2463499796, 1009419702605701121, 55594930, 73406718, 58544651, 153828696, 19000033, 8736882, 917100433, 14260960, 195895319, 19025957, 15042770, 6433472, 19636948, 12848262, 52188923, 720947428426428416, 269812167, 113486797, 39364684, 18228898, 79293791, 821814254]
"statuses_count": 126
"date_followed": "2020-02-13"
"obtained_tweets": 126