"screen_name": "steffie0327"
"id": 542698911
"created_at": "2012-04-01 11:15:34"
"lang": "null"
"location": "Newmarket, Ontario"
"time_zone": "null"
"url": "https://t.co/qdOkQC5TWl"
"favourites_count": 2002
"followers_count": 107
"followerIDs": [2713926727, 3312822248, 2280760044, 1173045573408165889, 1024117043077902336, 389156874, 102901875, 792578357670051840, 1020894364703260673, 943682069883998209, 764610300, 1118938072383729664, 541942265, 1092609132367175680, 2823355022, 2877420984, 997460651076300800, 903973845148868608, 66382471, 715259664162807809, 1682113123, 1391892834, 1684546705, 957798769684201472, 4145352873, 2928385461, 949036318738169856, 2149961481, 921405441783058434, 901642943274123264, 940312646821310464, 731525394105569280, 4685284098, 810299285866745856, 1334307338, 857373820277198849, 856636160533200896, 838282555682078721, 796157953887838208, 825042577430810625, 2784329857, 4788890896, 817206462023876608, 2955766949, 806848235394531329, 1455783625, 793112025228570624, 791289402395877376, 4649240482, 2223836161, 840227185, 2896177537, 4780312409, 737656824615297025, 2367868860, 615623567, 726485929540640770, 2942264301, 2998895022, 1452761401, 713553493450076160, 716665581546696704, 3000814215, 708090811435622400, 2920769465, 709235663833530368, 2216530402, 2264519243, 4817338821, 257200132, 4872136912, 3845644221, 1584392640, 4847344512, 2923156048, 850400664, 1897486884, 1884875952, 969730214, 2869571469, 3040462664, 2534506523, 2237520093, 2585952367, 2903325022, 915825050, 2455165520, 2277562975, 2266714802, 2230307210, 2149922377, 1702350067, 1922139236, 1060907798, 1442449645, 1442429012, 968931060, 918994140, 868148766, 1154507348, 868187390, 565992963, 1037913188, 1015107810, 983259421, 980746614, 411624185 ]
"friends_count": 113
"friendIDs": [18776647, 23151437, 1209588835342004224, 2713926727, 900441761859948545, 1048588782491115520, 2280760044, 1173045573408165889, 3429933793, 1024117043077902336, 764160731524784128, 3312822248, 102901875, 792578357670051840, 624056226, 2297595813, 4217585788, 46186400, 1107385637668175872, 764610300, 369238299, 2242998517, 228605295, 49873268, 2874111730, 129725446, 1108212637710450688, 1020894364703260673, 2893511188, 846137120209190912, 163562125, 18588279, 18236230, 541942265, 1092609132367175680, 325306055, 2823355022, 291428614, 997460651076300800, 66382471, 1684546705, 957798769684201472, 4145352873, 34507480, 39364684, 949036318738169856, 2149961481, 943682069883998209, 940312646821310464, 921405441783058434, 901642943274123264, 731525394105569280, 9989862, 1334307338, 4685284098, 2998895022, 810299285866745856, 168778996, 2928385461, 529547302, 838282555682078721, 796157953887838208, 817206462023876608, 85452649, 4788890896, 1455783625, 793112025228570624, 1452761401, 2896177537, 2223836161, 840227185, 726485929540640770, 23375688, 2869571469, 737656824615297025, 257200132, 2367868860, 730771593589358593, 729931771937050624, 615623567, 2942264301, 2216530402, 3000814215, 2920769465, 709235663833530368, 492399548, 4817338821, 1584392640, 3845644221, 822354793, 2923156048, 1391892834, 2264519243, 2955766949, 1884875952, 850400664, 3146035475, 2534506523, 2237520093, 17919972, 2877420984, 1682113123, 2266714802, 1702350067, 1922139236, 565992963, 980746614, 1154507348, 66699013, 1037913188, 868148766, 389156874, 411624185]
"statuses_count": 1227
"date_followed": "2020-02-13"
"obtained_tweets": 1015