"screen_name": "tasbeer_"
"id": 741430229978079233
"created_at": "2016-06-10 20:41:56"
"lang": "null"
"location": "Winnipeg, Manitoba"
"time_zone": "null"
"url": "https://t.co/iEGTCZ6PgY"
"favourites_count": 11568
"followers_count": 61
"followerIDs": [1184301092504395776, 435343387, 1227716208889298944, 1120543176064937985, 1213439371858178048, 1215671366109814789, 119726456, 1176503118739267584, 1175222573119836160, 1173581535825600512, 1103349228191928320, 1149570438948773890, 998680453719588864, 1044832925773168646, 1090486040786161664, 56298709, 4628301152, 836155793711878144, 839856296958418944, 1004395751466602496, 1025740961026998272, 1719802106, 3198726054, 941390933806870528, 703911959142371329, 912797601573015553, 1757037757, 2990753426, 870130798598299648, 3243939331, 868921304803450880, 842287234149621760, 591567651, 865225468722659328, 849720835384512512, 859826976353398785, 770732597345476608, 752703853095772160, 852124696485167108, 836576261115817984, 4263343875, 2701054142, 2778680232, 757800412808228865, 757811492427149315, 539804856, 750661558548725761, 747503326304993280, 332030275, 2965236289, 387512426, 1911745814, 745324817906176000, 744972746715697152, 724620771872505856, 2290130645, 3356701504, 976322192, 3047349661, 741431976968749056, 3111711718 ]
"friends_count": 249
"friendIDs": [2829984793, 24000965, 18965790, 43355844, 24700876, 14216661, 428333, 759251, 28785486, 6433472, 12848262, 21332348, 4836947526, 18776647, 57709461, 20710809, 1347004274, 865063909136494592, 804172209963040768, 105297123, 121191395, 846430049221988353, 950420015345491968, 994001756018298880, 16486901, 1219431281840267265, 977322845855453184, 1020007999564263425, 36184220, 18479513, 41468683, 55594930, 27487343, 17093604, 544016173, 93714983, 33246493, 1215661822520516620, 253059865, 806354663926689792, 133448051, 284944250, 839485098328264706, 17049258, 31702589, 200187558, 263838282, 21660529, 50004938, 25375962, 18194219, 3461155753, 97695104, 137751186, 2569587444, 18921643, 74186967, 4898091, 18949452, 16896485, 20562637, 19407053, 756539841928581120, 764744420793004032, 115768325, 18783022, 592129867, 149188389, 148459962, 16044997, 28605294, 20729576, 61288679, 20157077, 348044335, 2194818835, 100615403, 47731346, 910556273002901505, 1028210415795404801, 1061553474918342656, 188934427, 259948061, 10398152, 16573941, 586032653, 17446621, 4704552148, 3159711265, 1258919365, 138372303, 140070953, 2221883407, 382662522, 16708161, 438399143, 1451773004, 13298072, 44196397, 34743251, 11348282, 17471979, 33933259, 14159148, 16465385, 15677036, 2097571, 742143, 612473, 7587032, 34713362, 5988062, 16343974, 91478624, 16973333, 3108351, 87818409, 2467791, 14293310, 312230865, 1016021178, 154242830, 29532929, 17629860, 30315557, 19342235, 18240945, 242684340, 1038239451053547521, 4432916014, 87219242, 928016124595396608, 28453440, 821814254, 20184582, 17138582, 19000033, 18183005, 51457810, 353634426, 216234513, 55309127, 19665720, 19778187, 66400391, 92105484, 1158374947, 1903105045, 138203134, 1003622854762680320, 354793208, 1872424862, 557025418, 1656152912, 38491229, 150429478, 77696645, 78245808, 5402612, 3192636146, 73412535, 939091, 1143239749379022849, 385473825, 918865697639419907, 253340075, 16708360, 166583739, 39728435, 18308305, 213278292, 756796452, 21110041, 18999854, 1908383365, 18660858, 506150649, 8736882, 16034244, 289998339, 116502194, 203123011, 80030500, 523556031, 16397147, 25073877, 355397283, 1006419421244678144, 197473902, 3165352231, 340860223, 73406718, 308556440, 72339761, 770066750, 216045870, 1044832925773168646, 1288485038, 563316529, 103948050, 146253176, 774010443023126533, 854022647444910084, 2330886704, 22622641, 25121968, 1009000960147025921, 14133286, 998680453719588864, 22940219, 836155793711878144, 4628301152, 839856296958418944, 1004395751466602496, 1025740961026998272, 1725137533, 1638021792, 207426991, 89423854, 3198726054, 27260086, 455092378, 1716384152, 438480854, 1757037757, 813286, 235833507, 14260960, 415859364, 739784130, 321970500, 108568373, 166739404, 2297279564, 2290009928, 36352595, 558797310, 343627165, 354133033, 14872237, 2550023839, 316577087, 627673190, 280145317, 621391545, 2205787638, 571964518, 3111711718, 155659213]
"statuses_count": 305
"date_followed": "2020-02-13"
"obtained_tweets": 301