"screen_name": "ToniHacquard"
"id": 915558956193460224
"created_at": "2017-10-04 08:47:20"
"lang": "null"
"location": "Milton, Ontario"
"time_zone": "null"
"url": "null"
"favourites_count": 855
"followers_count": 8
"followerIDs": [1192777284635246592, 90570778, 21896677, 743450426, 251634768, 899593874020192257, 909748499633381376, 915042009412489216 ]
"friends_count": 114
"friendIDs": [18776647, 21176417, 140976305, 438399143, 16708161, 2954862821, 11348282, 16299275, 35944242, 3308235517, 16323260, 162661850, 3366348159, 159300308, 3343017357, 2906532952, 33448597, 420048640, 6243142, 1006961974406795264, 860533948774002688, 216299334, 76102591, 36381326, 3749216534, 468618304, 1566001530, 715015710, 6825072, 93737624, 48743811, 1037304612192235520, 550830170, 743450426, 78683448, 15760355, 14645160, 27042513, 241382835, 75974281, 2893511188, 3063032281, 580097412, 250831586, 110365072, 28986402, 245396123, 255752036, 269486713, 427253625, 130636009, 303584244, 44196397, 441221399, 27704931, 3063713913, 80526787, 412682928, 231654123, 16589495, 1258147992, 37515477, 826670490429255681, 18485191, 136139315, 20629110, 348281703, 22113929, 466876723, 48405258, 106470258, 6351572, 428333, 813286, 24090007, 14500681, 55309264, 23711472, 57841792, 546197366, 3015811923, 2674690663, 31565871, 7890392, 310922188, 12015232, 133345893, 19334276, 35777926, 26153445, 16297193, 14903310, 298791059, 19605483, 1147513903, 2171490026, 270606277, 14994418, 30817647, 14503124, 43192807, 30013357, 445138206, 1339835893, 14166096, 2459609448, 21447363, 1223101, 163562125, 14260960, 7401202, 18863815, 53184267, 41468683]
"statuses_count": 25
"date_followed": "2020-02-13"
"obtained_tweets": 25