"screen_name": "UPEIPD"
"id": 1081171737071505408
"created_at": "2019-01-04 07:53:24"
"lang": "null"
"location": "Charlottetown"
"time_zone": "null"
"url": "https://t.co/91NY6Rkae8"
"favourites_count": 114
"followers_count": 58
"followerIDs": [45847420, 351939341, 1908689815, 973526217168248832, 142993827, 911396521, 774304382707986432, 283656439, 123252413, 109558018, 17386835, 1168830980972589057, 19113146, 4745711769, 1058368668, 843179791394263041, 516564642, 99817149, 1216725783256977410, 236848331, 953746297, 24606710, 1265080532, 3041601208, 871356151488806912, 1189582868173021184, 1179704382016905217, 1118196257359417344, 3805751073, 564669855, 3053822709, 1119357373938683904, 19683820, 1566884221, 415578859, 151974079, 1103300838565519360, 1108740095778217985, 955833549537533952, 177158569, 174341402, 85377433, 933339185871769600, 304522253, 4228784114, 1180107925, 2207979510, 2279456576, 151552344, 316508091, 182914367, 426170278, 562182099, 92600885, 1099450089515425793, 388792586, 1082287850429837312, 52171076 ]
"friends_count": 238
"friendIDs": [864155597817643008, 139736597, 18776647, 738468936, 719425515388596224, 45847420, 833798685985218560, 334981801, 1546629504, 25287690, 125418460, 211559452, 44116733, 142993827, 1096932645609635841, 177206296, 911396521, 2166684656, 4341246797, 59312630, 84626288, 494077726, 505986424, 325169943, 774304382707986432, 981143307119144960, 495498799, 768361992, 283656439, 755194350, 981258887356669953, 405001337, 2795243706, 276979233, 37266867, 109558018, 123252413, 3290216698, 2411139632, 999962695, 274677405, 364372719, 49052455, 51470967, 10411372, 1206179328, 3084760105, 170336862, 250757476, 19770845, 18028015, 19342743, 25647405, 17386835, 24233746, 148818423, 78373379, 213322796, 38595486, 84398825, 9056452, 2329278007, 426704444, 274986230, 524587690, 218687610, 22327562, 607389199, 40957786, 17493073, 904884462, 85227160, 1058368668, 25728193, 1216725783256977410, 914547055451934720, 1029351820827734016, 843179791394263041, 953746297, 834171594360619008, 539318483, 126952421, 24606710, 14245379, 15274523, 1324425739, 244209531, 972191301797019648, 1415972083, 618198645, 2842097973, 87498563, 14419395, 87202251, 296829853, 282626744, 151169948, 19301938, 414025970, 42407316, 397531066, 1448754954, 739779785778450432, 2182346850, 778710643, 594220815, 399418116, 2207979510, 302712064, 3053822709, 292883121, 738455141909692416, 419698409, 415578859, 4745711769, 1118196257359417344, 3095141908, 85377433, 3805751073, 14185679, 234366413, 41176489, 872299076, 151974079, 2796209635, 770675009496973312, 2491551956, 2189865291, 625759508, 2648030227, 2986197472, 3503967509, 1566884221, 707778756568600577, 21272109, 19683820, 29209963, 154580725, 924437274, 34933979, 99817149, 1055521128385527812, 955833549537533952, 177158569, 236848331, 63485249, 1108740095778217985, 3339836991, 112215606, 21448068, 304522253, 360163208, 201112002, 23516972, 190704256, 20024754, 16332425, 213668848, 608441628, 174341402, 54889348, 97034854, 211218267, 384400168, 1289042293, 2458120626, 65165959, 84362895, 267381503, 119821381, 426170278, 31477290, 114857056, 44903276, 182914367, 92285392, 600317900, 202649979, 89761082, 288852147, 300901368, 117750519, 316508091, 101862293, 562182099, 1326747860, 14844916, 462056753, 921376471, 29222113, 26003389, 16466542, 18999995, 149186668, 33925534, 26855412, 46004105, 92600885, 135138189, 116814825, 376827569, 98157931, 42391676, 18065266, 14786322, 18173399, 27934648, 92062969, 26042923, 67158287, 23432945, 223872047, 52786391, 257124550, 270482245, 186270541, 80072990, 288379024, 897163059315265536, 2463152178, 908405234703138817, 899765553149116416, 720697065320419332, 884368235424100352, 475391860, 250724456, 223961020, 119126980, 36657399, 17989117, 27858664, 171570115, 127575142, 80079789, 373389317, 933339185871769600, 22178152, 18681742]
"statuses_count": 21
"date_followed": "2020-02-13"
"obtained_tweets": 21