"screen_name": "Wesam_A_Elhamid"
"id": 1040272931534729216
"created_at": "2018-09-13 12:16:08"
"lang": "null"
"location": ""
"time_zone": "null"
"url": "null"
"favourites_count": 13
"followers_count": 76
"followerIDs": [3176837574, 856939057829621763, 431797311, 2839899971, 884212553152421889, 75333276, 14363026, 1063104703850930176, 781196491, 610323836, 1155478549937233920, 859437797823918081, 836352821280780288, 725783166343110656, 386900982, 764166566367862784, 37944730, 1185675784700284929, 233201888, 254867091, 329214649, 98942062, 792923336, 2201511066, 757696891, 971142547, 913214505114570753, 1016821625579364354, 1630808005, 4107073575, 544636852, 4399466961, 1040301845955043328, 491141632, 1039582929184337921, 920143927348359168, 14525356, 21795318, 554065204, 23526254, 371889666, 325967127, 20734477, 846462848435998720, 1186618073958232065, 107202491, 831723417812422656, 776609425389936640, 506806929, 126789680, 87295647, 1316500442, 22042200, 801720020, 845759654, 1145636000758140928, 1108016867690586112, 20682010, 2421544890, 820633680934825984, 2822252834, 253588660, 370118767, 2980035184, 1085545585606717440, 257631838, 730826814311018496, 1077858484505493504, 1076344306192007169, 4324816457, 971142444082319360, 350441852, 316690717, 3412900990, 971024734476537856, 1570765831 ]
"friends_count": 720
"friendIDs": [282191195, 554476689, 176870978, 98398889, 37749982, 107527111, 26020465, 2344057495, 24170530, 18776647, 388478455, 958100543976620033, 10228272, 20536157, 783214, 17471979, 50393960, 44196397, 336662190, 1224815798713061376, 39909994, 1022175465841164288, 884212553152421889, 121858280, 2839899971, 185397767, 209729550, 3370400896, 75333276, 741480822, 2240858632, 715995192864718848, 64947549, 296934598, 14363026, 864319431043952640, 515986093, 418791705, 781196491, 3603578355, 494592983, 1063104703850930176, 2826031513, 610323836, 859437797823918081, 878083272378638336, 3471897016, 56006724, 612208091, 725783166343110656, 386900982, 24705687, 76980516, 255298853, 720244693838245888, 1900114020, 211509442, 297019215, 115198138, 26883106, 105039561, 89027742, 84157175, 70450705, 58479641, 26793352, 32117678, 390526993, 2273358264, 469584454, 1126198450851328001, 498138205, 72873180, 50070938, 381709866, 19206905, 47329807, 16826147, 36081031, 1425700225, 57682536, 18699925, 19615559, 175415640, 18165866, 31329704, 29890336, 31223375, 59144478, 376352361, 50013575, 549331294, 33088680, 27778511, 262740200, 155684715, 489748518, 34644039, 16363771, 29548766, 28425476, 71568693, 38213241, 2305465615, 4845413174, 44168607, 27482535, 85422943, 913214505114570753, 3098344542, 454348085, 836352821280780288, 213267477, 42394163, 619642695, 3070036242, 1194396079, 2804054311, 2895721187, 4856587281, 82169273, 1891806212, 1010509550506692610, 977717432, 1121260586304561153, 123368079, 1182502907847028736, 153515039, 2526303425, 764166566367862784, 1086401225820651520, 2213656201, 757696891, 3309110927, 2201511066, 35804467, 593944500, 2911220211, 1401388327, 2269530170, 94566255, 1321741914, 2751838996, 254867091, 1016821625579364354, 1408486111, 2444627526, 844436220, 1630808005, 233201888, 789108015190437888, 4107073575, 856939057829621763, 37944730, 292578345, 792923336, 892564837632364545, 730849228734468097, 1185675784700284929, 83942283, 1153351643448127488, 149542789, 83910298, 588826719, 98942062, 4399466961, 544636852, 1130884326785277953, 1155478549937233920, 3345809729, 971142547, 253256561, 329214649, 39489435, 242151972, 2836220517, 1007341582784368640, 2353858574, 622977014, 2612203850, 3407332529, 151550344, 380749300, 67339397, 10666172, 17138582, 18999907, 1591882489, 87060818, 90896768, 698147114610769920, 26931061, 63548163, 226204405, 705435956, 1040301845955043328, 44155294, 353339258, 1039582929184337921, 2690846868, 3176837574, 912983484, 491141632, 500964190, 1691181, 1186618073958232065, 846462848435998720, 14525356, 1656223934, 546736761, 1964392818, 1175917878, 17776305, 101595798, 543750459, 2571158755, 26628308, 52714526, 104609593, 1026812694, 78285910, 2209271784, 2983270695, 3905877685, 2968265363, 2328913022, 2843046484, 2903843122, 1277805708, 425207022, 615409431, 426917339, 201918172, 940311974, 151935732, 124234083, 46558848, 17046368, 4775470052, 711181848332869632, 1944437911, 135266722, 29530137, 760954799500255234, 204493928, 154394558, 3777764537, 1067485905018064896, 958751597378580486, 57382768, 2740865040, 1090072992, 2513168941, 2712084140, 1028866415086862336, 24530041, 770323159086206976, 19270963, 1733666263, 342632378, 1190029594872537089, 1069714566215479297, 1182351612322279424, 1080847196600389633, 1075046949399736321, 386119156, 93094812, 993849515559006208, 1098604807106056192, 115057415, 2763372632, 21795318, 554065204, 23526254, 1193982610957127682, 1613498358, 2582155734, 1097531188338552832, 63812039, 371889666, 2521008540, 113390772, 241209647, 19290052, 4587022512, 1117974380506542080, 2967068840, 3995015974, 1050477460263985155, 1164961220081926144, 897783810795941889, 1105575559483064320, 325967127, 357069759, 23879429, 1053778415562579969, 20734477, 791344699143548928, 34276060, 2742837516, 17237540, 51114128, 3241678706, 580842691, 312885777, 107202491, 87416722, 1367531, 87818409, 788524, 21302701, 5988062, 5402612, 16973333, 1652541, 14173315, 2467791, 81164033, 264343747, 68163264, 837632950954946560, 4810798368, 103115805, 20155140, 1066323826156453888, 3405843435, 545509730, 3064691092, 548632183, 376366738, 1172191871277420546, 365581151, 776609425389936640, 1177538327999930369, 235213723, 80344952, 289131607, 1076344306192007169, 956646354079502336, 3429881050, 146198816, 351099511, 2364657150, 844693579784163328, 89273569, 50005441, 16133674, 3493727233, 3064544355, 892186235447521280, 57433532, 35013184, 1581387716, 266178000, 1072348415927992321, 2211930066, 708351178875256836, 755489931544363009, 907928232300748800, 2617954633, 747350237774110720, 831723417812422656, 1660858754, 2608583952, 1561781864, 89003740, 741049992480215041, 1653718279, 476023200, 1163119042066100225, 862329665389723650, 760179560197554176, 4061458633, 827002905622306817, 1144475705029173248, 2794601977, 338324203, 737478121079906304, 1033078201407303681, 1074728432628584448, 1069742110373371904, 1055158031464321024, 805852185833697280, 4919876231, 114002068, 834522633161027585, 1033853325249142784, 2964645897, 1135921344376451072, 506806929, 2904947508, 126789680, 37414846, 87295647, 1316500442, 16808861, 22042200, 339055191, 21655542, 2213130697, 42702616, 1450223587, 801720020, 398359295, 392066705, 130910471, 2778806519, 1108016867690586112, 544722061, 71657269, 20682010, 3390922899, 2421544890, 199486091, 1101231644151869440, 1113584532412715008, 370118767, 970843347299414016, 1270808233, 1085545585606717440, 720215791, 431797311, 2980035184, 257631838, 4562398055, 2808259087, 67402364, 973928283808055298, 2399922576, 382110575, 971024734476537856, 770342076277862400, 193461691, 468917485, 563953932, 20875043, 350441852, 2802170442, 23102795, 24211977, 4295647992, 268582100, 18922871, 88744086, 366559659, 845281836880330753, 1169415768, 1314614970, 2462006298, 38359000, 1434345997, 1169319558, 29241141, 1194937146, 104848075, 1311182108, 109046256, 120106749, 15530500, 424436385, 605887968, 119443562, 257739352, 551276825, 24439401, 925424715900116992, 206883339, 148711787, 155960193, 23573083, 20184582, 248714917, 66496796, 55323056, 16685639, 15860542, 18745857, 872118797720850433, 85433682, 2459609448, 245345590, 724689054332293121, 181137582, 1622761190, 1634300864, 175134027, 49690374, 52428432, 50436848, 224699195, 43922186, 236530681, 44374135, 54970111, 206253788, 2355323854, 763920626, 17984543, 423704116, 2980279659, 23215173, 32402235, 104581552, 139959617, 60034426, 909057176, 18065266, 325553106, 57709461, 19429847, 821814254, 372339405, 84321709, 33641612, 238197220, 2474290178, 23632996, 182012972, 87779228, 22626195, 40052032, 323235628, 114601274, 2994446873, 42732557, 183332493, 38201945, 321461063, 43472432, 44152214, 1935070328, 1650885276, 2211282973, 371223225, 836143428, 85841811, 213718116, 16909127, 1347887582, 69675017, 4289242774, 39543402, 203782160, 66467466, 973216278612602880, 197582865, 95160458, 105924427, 304454878, 130888902, 1611351577, 2624197468, 56642104, 300299567, 264911825, 296984687, 385085503, 194496645, 2797687261, 302648472, 184154748, 310807564, 2752516161, 469347766, 768975997, 95425789, 1098029221, 635437337, 277650819, 835406497, 1719154093, 351760275, 838437300, 2276938728, 67600300, 419793447, 1570765831, 941377479196807168, 306589007, 2393046696, 722150838, 245683318, 473604396, 1349268722, 253588660, 952640768, 74751435, 4123093714, 83649318, 109368142, 2446742574, 977278882591232000, 935418154351841280, 882277240620404736, 2381504131, 245074606, 55272667, 56698900, 50059679, 52207561, 4324816457, 2858026313, 2822252834, 872803465495552005, 2696476670, 2712861848, 2205495570, 1255006490, 469594798, 85942639, 562400622, 249768082, 268291377, 602085795, 491479791, 1849068985, 963138622844227584, 3773773036, 239395631, 472124325, 476937563, 249786237, 971142444082319360, 917587752, 103117242, 297549322, 838371781, 3412900990, 3378966081, 378199179, 469647336, 934577784, 859972422, 60778925, 780924977205960708, 395537486, 772225555, 2864055989, 169312638, 3386023438, 722509796, 845759654, 142402651, 224794531, 169785913, 178600901, 148040626, 14379967, 183730444, 158048934, 36703640, 55562101, 342892902, 164708113, 197020940, 243243390, 172025706, 183617969, 89736284, 632333604, 2513519868, 21298654, 581062637, 3237314965, 3308672404, 143648809, 759251, 807095, 428333, 210824456, 15846407, 179555829, 17136009, 16926550, 17679977, 132240374, 54904679, 36375825, 128267983, 24000965, 19377913, 13896552, 14705603, 188565420, 12993222, 12848262, 17659340, 263305085, 114853664, 106176977, 197208081, 28206390, 19000033, 102448827, 18965790, 382177545, 38491229, 18638090, 55594930, 43355844, 24700876, 26060356, 19597508, 36843309, 14216661, 24057048, 17684375, 16034244, 116502194, 263266307, 21623298, 203123011, 312194762, 8736882, 20601500, 19038934, 41468683, 15033673, 6433472, 14260960]
"statuses_count": 21
"date_followed": "2020-02-13"
"obtained_tweets": 21