"screen_name": "WilliamYanXu"
"id": 1109275066452328448
"created_at": "2019-03-22 22:05:59"
"lang": "null"
"location": ""
"time_zone": "null"
"url": "null"
"favourites_count": 13
"followers_count": 5
"followerIDs": [20634471, 1098317288325824513, 1159852652450050048, 1024247272895275009, 990235891321921536 ]
"friends_count": 59
"friendIDs": [55309127, 19778187, 46477409, 18776647, 756198092546928640, 98963477, 158396623, 4836947526, 821814254, 897345011754258432, 132596979, 2815754953, 69037651, 1060751816, 24575330, 2866191240, 14526582, 422053280, 39511166, 17463923, 115099953, 38146999, 811229675758505984, 27860681, 104277809, 20596281, 20646711, 14499829, 14159148, 890746488120377344, 351099511, 179551512, 21114659, 18683120, 28101965, 765911880187650048, 17919972, 2459609448, 1024247272895275009, 7717612, 990235891321921536, 25073877, 1478679420, 185283040, 132966315, 374560910, 937685776938266625, 19636948, 243679064, 263401539, 132374114, 61608622, 3995397844, 179555829, 134511335, 925039302005764096, 1722143624, 785791764, 593188821]
"statuses_count": 4
"date_followed": "2020-02-13"
"obtained_tweets": 4